# imodfit> Score file
# Iter       Score cross.corr. Delta_Score D_Score_Avg
     0  9.5968e-01  4.0322e-02
    20  9.5965e-01  4.0345e-02  3.1590e-06  4.5605e-41
    40  9.5964e-01  4.0359e-02  0.0000e+00  4.5605e-41
    60  9.5963e-01  4.0373e-02  0.0000e+00  4.5605e-41
    80  9.5960e-01  4.0398e-02  3.5763e-07  4.5605e-41
   100  9.5958e-01  4.0422e-02  5.9605e-08  4.5605e-41
   120  9.5955e-01  4.0447e-02  0.0000e+00  4.5605e-41
   140  9.5953e-01  4.0472e-02  0.0000e+00  4.5605e-41
   160  9.5950e-01  4.0500e-02  2.2054e-06  4.5605e-41
   180  9.5948e-01  4.0522e-02  0.0000e+00  4.5605e-41
   200  9.5003e-01  4.9971e-02  0.0000e+00  4.5605e-41
   220  9.4999e-01  5.0013e-02  0.0000e+00  4.5605e-41
   240  9.4994e-01  5.0059e-02  0.0000e+00  4.5605e-41
   260  9.4990e-01  5.0096e-02  6.3777e-06  4.5605e-41
   280  9.4988e-01  5.0122e-02  0.0000e+00  4.5605e-41
   300  9.4986e-01  5.0143e-02  3.5167e-06  4.5605e-41
   320  9.4982e-01  5.0181e-02  9.5367e-07  4.5605e-41
   340  9.4977e-01  5.0229e-02  5.8413e-06  4.5605e-41
   360  9.4973e-01  5.0265e-02  2.5034e-06  4.5605e-41
   380  9.4969e-01  5.0310e-02  0.0000e+00  4.5605e-41
   400  9.4282e-01  5.7182e-02  3.9339e-06  4.5605e-41
   420  9.4280e-01  5.7195e-02  1.2517e-06  4.5605e-41
   440  9.4279e-01  5.7212e-02  0.0000e+00  4.5605e-41
   460  9.4278e-01  5.7225e-02  1.1325e-06  4.5605e-41
   480  9.4276e-01  5.7245e-02  4.0531e-06  4.5605e-41
   500  9.4274e-01  5.7258e-02  0.0000e+00  4.5605e-41
   520  9.4271e-01  5.7289e-02  0.0000e+00  4.5605e-41
   540  9.4269e-01  5.7312e-02  0.0000e+00  4.5605e-41
   560  9.4267e-01  5.7329e-02  1.0133e-06  4.5605e-41
   580  9.4265e-01  5.7351e-02  0.0000e+00  4.5605e-41
   600  9.4020e-01  5.9802e-02  0.0000e+00  4.5605e-41
   620  9.4016e-01  5.9835e-02  0.0000e+00  4.5605e-41
   640  9.4013e-01  5.9867e-02  1.1921e-06  4.5605e-41
   660  9.4009e-01  5.9913e-02  0.0000e+00  4.5605e-41
   680  9.4006e-01  5.9937e-02  8.3447e-07  4.5605e-41
   700  9.4002e-01  5.9980e-02  1.0729e-06  4.5605e-41
   720  9.3999e-01  6.0015e-02  2.9206e-06  4.5605e-41
   740  9.3997e-01  6.0030e-02  0.0000e+00  4.5605e-41
   760  9.3995e-01  6.0045e-02  0.0000e+00  4.5605e-41
   780  9.3992e-01  6.0080e-02  2.6226e-06  4.5605e-41
   800  9.3950e-01  6.0502e-02  3.2783e-06  4.5605e-41
   820  9.3947e-01  6.0534e-02  7.7486e-07  4.5605e-41
   840  9.3943e-01  6.0568e-02  0.0000e+00  4.5605e-41
   860  9.3940e-01  6.0601e-02  2.9802e-07  4.5605e-41
   880  9.3939e-01  6.0611e-02  6.0797e-06  4.5605e-41
   900  9.3934e-01  6.0658e-02  0.0000e+00  4.5605e-41
   920  9.3932e-01  6.0681e-02  3.2187e-06  4.5605e-41
   940  9.3928e-01  6.0719e-02  9.1791e-06  4.5605e-41
   960  9.3926e-01  6.0745e-02  0.0000e+00  4.5605e-41
   980  9.3922e-01  6.0775e-02  0.0000e+00  4.5605e-41
  1000  9.3893e-01  6.1071e-02  0.0000e+00  4.5605e-41
  1020  9.3891e-01  6.1094e-02  0.0000e+00  4.5605e-41
  1040  9.3886e-01  6.1143e-02  0.0000e+00  4.5605e-41
  1060  9.3884e-01  6.1159e-02  1.7881e-07  4.5605e-41
  1080  9.3879e-01  6.1208e-02  0.0000e+00  4.5605e-41
  1100  9.3877e-01  6.1229e-02  5.3048e-06  4.5605e-41
  1120  9.3873e-01  6.1273e-02  0.0000e+00  4.5605e-41
  1140  9.3869e-01  6.1306e-02  0.0000e+00  4.5605e-41
  1160  9.3865e-01  6.1355e-02  0.0000e+00  4.5605e-41
  1180  9.3862e-01  6.1381e-02  6.7353e-06  4.5605e-41
  1200  9.3803e-01  6.1966e-02  3.3975e-06  4.5605e-41
  1220  9.3797e-01  6.2027e-02  4.2319e-06  4.5605e-41
  1240  9.3794e-01  6.2062e-02  0.0000e+00  4.5605e-41
  1260  9.3788e-01  6.2119e-02  1.8477e-06  4.5605e-41
  1280  9.3785e-01  6.2146e-02  4.9472e-06  4.5605e-41
  1300  9.3779e-01  6.2206e-02  0.0000e+00  4.5605e-41
  1320  9.3773e-01  6.2270e-02  0.0000e+00  4.5605e-41
  1340  9.3768e-01  6.2320e-02  0.0000e+00  4.5605e-41
  1360  9.3762e-01  6.2382e-02  1.0431e-05  4.5605e-41
  1380  9.3757e-01  6.2433e-02  9.5367e-07  4.5605e-41
  1400  9.3669e-01  6.3308e-02  0.0000e+00  4.5605e-41
  1420  9.3666e-01  6.3341e-02  8.9407e-07  4.5605e-41
  1440  9.3662e-01  6.3382e-02  0.0000e+00  4.5605e-41
  1460  9.3656e-01  6.3440e-02  0.0000e+00  4.5605e-41
  1480  9.3647e-01  6.3532e-02  0.0000e+00  4.5605e-41
  1500  9.3640e-01  6.3596e-02  0.0000e+00  4.5605e-41
  1520  9.3636e-01  6.3642e-02  1.7166e-05  4.5605e-41
  1540  9.3631e-01  6.3685e-02  3.5167e-06  4.5605e-41
  1560  9.3628e-01  6.3721e-02  0.0000e+00  4.5605e-41
  1580  9.3622e-01  6.3779e-02  0.0000e+00  4.5605e-41
  1600  9.3564e-01  6.4361e-02  0.0000e+00  4.5605e-41
  1620  9.3555e-01  6.4449e-02  9.4771e-06  4.5605e-41
  1640  9.3548e-01  6.4520e-02  8.4639e-06  4.5605e-41
  1660  9.3540e-01  6.4601e-02  0.0000e+00  4.5605e-41
  1680  9.3535e-01  6.4647e-02  6.5565e-07  4.5605e-41
  1700  9.3531e-01  6.4691e-02  3.4571e-06  4.5605e-41
  1720  9.3521e-01  6.4790e-02  8.2850e-06  4.5605e-41
  1740  9.3516e-01  6.4844e-02  9.5367e-06  4.5605e-41
  1760  9.3512e-01  6.4880e-02  0.0000e+00  4.5605e-41
  1780  9.3505e-01  6.4947e-02  0.0000e+00  4.5605e-41
  1800  9.3419e-01  6.5806e-02  8.1658e-06  4.5605e-41
  1820  9.3411e-01  6.5892e-02  0.0000e+00  4.5605e-41
  1840  9.3403e-01  6.5967e-02  1.3947e-05  4.5605e-41
  1860  9.3396e-01  6.6042e-02  0.0000e+00  4.5605e-41
  1880  9.3386e-01  6.6136e-02  0.0000e+00  4.5605e-41
  1900  9.3376e-01  6.6242e-02  0.0000e+00  4.5605e-41
  1920  9.3369e-01  6.6312e-02  9.7156e-06  4.5605e-41
  1940  9.3361e-01  6.6387e-02  0.0000e+00  4.5605e-41
  1960  9.3353e-01  6.6469e-02  0.0000e+00  4.5605e-41
  1980  9.3345e-01  6.6548e-02  1.5736e-05  4.5605e-41
  2000  9.3181e-01  6.8188e-02  1.8954e-05  4.5605e-41
  2020  9.3172e-01  6.8281e-02  4.5896e-06  9.6238e-03
  2040  9.3161e-01  6.8386e-02  0.0000e+00  9.3529e-03
  2060  9.3151e-01  6.8490e-02  9.8348e-06  9.0830e-03
  2080  9.3142e-01  6.8576e-02  9.3579e-06  8.8142e-03
  2100  9.3132e-01  6.8676e-02  5.7220e-06  8.5462e-03
  2120  9.3118e-01  6.8817e-02  0.0000e+00  8.2802e-03
  2140  9.3106e-01  6.8943e-02  0.0000e+00  8.0156e-03
  2160  9.3094e-01  6.9065e-02  0.0000e+00  7.7524e-03
  2180  9.3087e-01  6.9134e-02  5.1260e-06  7.4900e-03
  2200  9.2994e-01  7.0063e-02  0.0000e+00  7.2283e-03
  2220  9.2987e-01  7.0131e-02  0.0000e+00  7.1493e-03
  2240  9.2979e-01  7.0211e-02  1.2934e-05  7.0715e-03
  2260  9.2970e-01  7.0302e-02  2.2054e-06  6.9947e-03
  2280  9.2962e-01  7.0380e-02  0.0000e+00  6.9177e-03
  2300  9.2949e-01  7.0505e-02  1.2815e-05  6.8417e-03
  2320  9.2946e-01  7.0537e-02  3.6955e-06  6.7656e-03
  2340  9.2939e-01  7.0613e-02  7.2718e-06  6.6894e-03
  2360  9.2931e-01  7.0691e-02  0.0000e+00  6.6131e-03
  2380  9.2925e-01  7.0749e-02  2.4736e-05  6.5374e-03
  2400  9.2885e-01  7.1154e-02  0.0000e+00  6.4608e-03
  2420  9.2873e-01  7.1270e-02  1.4782e-05  6.4959e-03
  2440  9.2861e-01  7.1391e-02  0.0000e+00  6.5323e-03
  2460  9.2848e-01  7.1517e-02  1.0729e-06  6.5692e-03
  2480  9.2840e-01  7.1596e-02  0.0000e+00  6.6059e-03
  2500  9.2832e-01  7.1680e-02  0.0000e+00  6.6407e-03
  2520  9.2824e-01  7.1764e-02  3.2783e-06  6.6760e-03
  2540  9.2814e-01  7.1856e-02  0.0000e+00  6.7115e-03
  2560  9.2799e-01  7.2007e-02  1.5616e-05  6.7485e-03
  2580  9.2791e-01  7.2092e-02  0.0000e+00  6.7858e-03
  2600  9.2774e-01  7.2256e-02  0.0000e+00  6.8232e-03
  2620  9.2761e-01  7.2388e-02  0.0000e+00  6.8900e-03
  2640  9.2750e-01  7.2499e-02  0.0000e+00  6.9568e-03
  2660  9.2739e-01  7.2612e-02  0.0000e+00  7.0236e-03
  2680  9.2731e-01  7.2688e-02  0.0000e+00  7.0903e-03
  2700  9.2721e-01  7.2788e-02  8.1658e-06  7.1573e-03
  2720  9.2716e-01  7.2845e-02  5.0068e-06  7.2241e-03
  2740  9.2703e-01  7.2967e-02  1.3053e-05  7.2902e-03
  2760  9.2695e-01  7.3054e-02  0.0000e+00  7.3567e-03
  2780  9.2690e-01  7.3097e-02  6.5565e-07  7.4235e-03
  2800  9.2673e-01  7.3266e-02  7.3314e-06  7.4891e-03
  2820  9.2662e-01  7.3379e-02  7.6294e-06  7.5325e-03
  2840  9.2649e-01  7.3513e-02  0.0000e+00  7.5751e-03
  2860  9.2641e-01  7.3591e-02  1.8477e-06  7.6180e-03
  2880  9.2632e-01  7.3678e-02  0.0000e+00  7.6599e-03
  2900  9.2624e-01  7.3764e-02  8.9407e-07  7.6997e-03
  2920  9.2615e-01  7.3847e-02  0.0000e+00  7.7387e-03
  2940  9.2611e-01  7.3886e-02  0.0000e+00  7.7769e-03
  2960  9.2602e-01  7.3977e-02  3.2187e-06  7.8128e-03
  2980  9.2597e-01  7.4030e-02  4.1127e-06  7.8477e-03
  3000  9.2574e-01  7.4263e-02  8.2850e-06  7.8808e-03
  3020  9.2565e-01  7.4349e-02  0.0000e+00  7.8586e-03
  3040  9.2556e-01  7.4436e-02  0.0000e+00  7.8360e-03
  3060  9.2548e-01  7.4521e-02  4.5300e-06  7.8102e-03
  3080  9.2537e-01  7.4630e-02  0.0000e+00  7.7834e-03
  3100  9.2528e-01  7.4716e-02  1.4246e-05  7.7565e-03
  3120  9.2522e-01  7.4782e-02  0.0000e+00  7.7261e-03
  3140  9.2513e-01  7.4871e-02  1.8001e-05  7.6936e-03
  3160  9.2506e-01  7.4937e-02  4.4703e-06  7.6581e-03
  3180  9.2498e-01  7.5020e-02  0.0000e+00  7.6203e-03
  3200  9.2489e-01  7.5109e-02  3.9935e-06  7.5826e-03
  3220  9.2480e-01  7.5198e-02  1.3709e-06  7.5220e-03
  3240  9.2475e-01  7.5252e-02  1.2040e-05  7.4608e-03
  3260  9.2472e-01  7.5279e-02  1.6630e-05  7.3978e-03
  3280  9.2464e-01  7.5357e-02  1.1444e-05  7.3342e-03
  3300  9.2456e-01  7.5442e-02  1.1683e-05  7.2690e-03
  3320  9.2448e-01  7.5524e-02  0.0000e+00  7.2025e-03
  3340  9.2435e-01  7.5654e-02  0.0000e+00  7.1368e-03
  3360  9.2427e-01  7.5728e-02  0.0000e+00  7.0724e-03
  3380  9.2417e-01  7.5830e-02  0.0000e+00  7.0074e-03
  3400  9.2392e-01  7.6083e-02  3.5763e-06  6.9425e-03
  3420  9.2384e-01  7.6165e-02  6.8545e-06  6.8826e-03
  3440  9.2376e-01  7.6236e-02  7.3314e-06  6.8206e-03
  3460  9.2364e-01  7.6361e-02  0.0000e+00  6.7566e-03
  3480  9.2355e-01  7.6448e-02  0.0000e+00  6.6915e-03
  3500  9.2348e-01  7.6523e-02  0.0000e+00  6.6277e-03
  3520  9.2342e-01  7.6584e-02  6.2585e-06  6.5622e-03
  3540  9.2334e-01  7.6660e-02  1.1563e-05  6.4957e-03
  3560  9.2328e-01  7.6724e-02  4.2915e-06  6.4265e-03
  3580  9.2319e-01  7.6813e-02  0.0000e+00  6.3552e-03
  3600  9.2309e-01  7.6911e-02  6.2585e-06  6.2841e-03
  3620  9.2298e-01  7.7024e-02  1.0371e-05  6.2190e-03
  3640  9.2288e-01  7.7119e-02  0.0000e+00  6.1517e-03
  3660  9.2283e-01  7.7170e-02  3.7551e-06  6.0842e-03
  3680  9.2278e-01  7.7224e-02  0.0000e+00  6.0140e-03
  3700  9.2270e-01  7.7303e-02  0.0000e+00  5.9434e-03
  3720  9.2262e-01  7.7379e-02  0.0000e+00  5.8723e-03
  3740  9.2254e-01  7.7457e-02  1.6034e-05  5.8010e-03
  3760  9.2245e-01  7.7549e-02  0.0000e+00  5.7275e-03
  3780  9.2239e-01  7.7612e-02  8.5831e-06  5.6539e-03
  3800  9.2230e-01  7.7703e-02  0.0000e+00  5.5811e-03
  3820  9.2218e-01  7.7820e-02  2.4438e-06  5.5206e-03
  3840  9.2210e-01  7.7901e-02  0.0000e+00  5.4587e-03
  3860  9.2206e-01  7.7941e-02  0.0000e+00  5.3946e-03
  3880  9.2200e-01  7.8003e-02  1.2040e-05  5.3300e-03
  3900  9.2193e-01  7.8071e-02  0.0000e+00  5.2654e-03
  3920  9.2187e-01  7.8131e-02  0.0000e+00  5.2001e-03
  3940  9.2181e-01  7.8191e-02  5.0664e-06  5.1351e-03
  3960  9.2177e-01  7.8231e-02  0.0000e+00  5.0707e-03
  3980  9.2172e-01  7.8284e-02  0.0000e+00  5.0058e-03
  4000  9.2151e-01  7.8491e-02  0.0000e+00  4.9411e-03
  4020  9.2146e-01  7.8545e-02  1.2398e-05  4.9045e-03
  4040  9.2139e-01  7.8610e-02  9.1791e-06  4.8664e-03
  4060  9.2129e-01  7.8706e-02  5.7220e-06  4.8296e-03
  4080  9.2125e-01  7.8748e-02  0.0000e+00  4.7923e-03
  4100  9.2117e-01  7.8827e-02  0.0000e+00  4.7538e-03
  4120  9.2112e-01  7.8876e-02  0.0000e+00  4.7165e-03
  4140  9.2107e-01  7.8931e-02  1.0133e-05  4.6794e-03
  4160  9.2102e-01  7.8980e-02  0.0000e+00  4.6423e-03
  4180  9.2098e-01  7.9018e-02  7.3314e-06  4.6057e-03
  4200  9.2095e-01  7.9053e-02  8.3447e-06  4.5674e-03
  4220  9.2088e-01  7.9115e-02  0.0000e+00  4.5449e-03
  4240  9.2084e-01  7.9160e-02  1.0908e-05  4.5218e-03
  4260  9.2079e-01  7.9208e-02  0.0000e+00  4.5000e-03
  4280  9.2072e-01  7.9277e-02  0.0000e+00  4.4780e-03
  4300  9.2068e-01  7.9325e-02  5.1260e-06  4.4563e-03
  4320  9.2062e-01  7.9377e-02  0.0000e+00  4.4346e-03
  4340  9.2058e-01  7.9417e-02  0.0000e+00  4.4107e-03
  4360  9.2053e-01  7.9467e-02  1.5497e-06  4.3843e-03
  4380  9.2047e-01  7.9535e-02  0.0000e+00  4.3574e-03
  4400  9.2029e-01  7.9708e-02  0.0000e+00  4.3300e-03
  4420  9.2024e-01  7.9759e-02  2.2650e-06  4.3046e-03
  4440  9.2018e-01  7.9824e-02  0.0000e+00  4.2793e-03
  4460  9.2013e-01  7.9875e-02  9.8348e-06  4.2531e-03
  4480  9.2009e-01  7.9912e-02  0.0000e+00  4.2267e-03
  4500  9.2002e-01  7.9980e-02  0.0000e+00  4.1986e-03
  4520  9.1996e-01  8.0035e-02  0.0000e+00  4.1712e-03
  4540  9.1994e-01  8.0062e-02  1.4901e-06  4.1428e-03
  4560  9.1990e-01  8.0099e-02  9.4175e-06  4.1154e-03
  4580  9.1984e-01  8.0158e-02  0.0000e+00  4.0882e-03
  4600  9.1974e-01  8.0261e-02  3.6955e-06  4.0599e-03
  4620  9.1971e-01  8.0294e-02  0.0000e+00  4.0326e-03
  4640  9.1962e-01  8.0378e-02  9.5367e-07  4.0058e-03
  4660  9.1956e-01  8.0440e-02  1.1921e-07  3.9791e-03
  4680  9.1948e-01  8.0518e-02  1.3232e-05  3.9541e-03
  4700  9.1941e-01  8.0588e-02  3.0994e-06  3.9291e-03
  4720  9.1938e-01  8.0616e-02  6.0201e-06  3.9039e-03
  4740  9.1934e-01  8.0657e-02  4.6492e-06  3.8780e-03
  4760  9.1932e-01  8.0684e-02  0.0000e+00  3.8521e-03
  4780  9.1926e-01  8.0739e-02  0.0000e+00  3.8248e-03
  4800  9.1911e-01  8.0892e-02  0.0000e+00  3.7962e-03
  4820  9.1907e-01  8.0930e-02  0.0000e+00  3.7696e-03
  4840  9.1900e-01  8.1000e-02  0.0000e+00  3.7434e-03
  4860  9.1895e-01  8.1048e-02  0.0000e+00  3.7181e-03
  4880  9.1893e-01  8.1068e-02  0.0000e+00  3.6932e-03
  4900  9.1888e-01  8.1120e-02  0.0000e+00  3.6680e-03
  4920  9.1881e-01  8.1193e-02  9.4771e-06  3.6430e-03
  4940  9.1875e-01  8.1247e-02  7.3314e-06  3.6184e-03
  4960  9.1871e-01  8.1291e-02  5.0664e-06  3.5936e-03
  4980  9.1860e-01  8.1399e-02  0.0000e+00  3.5701e-03
  5000  9.1844e-01  8.1557e-02  0.0000e+00  3.5474e-03
  5020  9.1835e-01  8.1646e-02  0.0000e+00  3.5248e-03
  5040  9.1830e-01  8.1702e-02  1.0431e-05  3.5033e-03
  5060  9.1825e-01  8.1749e-02  6.9737e-06  3.4810e-03
  5080  9.1816e-01  8.1840e-02  0.0000e+00  3.4595e-03
  5100  9.1810e-01  8.1897e-02  8.0466e-06  3.4388e-03
  5120  9.1803e-01  8.1967e-02  0.0000e+00  3.4183e-03
  5140  9.1796e-01  8.2044e-02  0.0000e+00  3.3982e-03
  5160  9.1791e-01  8.2089e-02  0.0000e+00  3.3792e-03
  5180  9.1784e-01  8.2160e-02  0.0000e+00  3.3610e-03
  5200  9.1767e-01  8.2333e-02  0.0000e+00  3.3447e-03
  5220  9.1760e-01  8.2397e-02  1.5497e-06  3.3317e-03
  5240  9.1756e-01  8.2442e-02  0.0000e+00  3.3191e-03
  5260  9.1749e-01  8.2506e-02  0.0000e+00  3.3062e-03
  5280  9.1745e-01  8.2545e-02  1.3828e-05  3.2936e-03
  5300  9.1742e-01  8.2582e-02  0.0000e+00  3.2805e-03
  5320  9.1733e-01  8.2669e-02  0.0000e+00  3.2685e-03
  5340  9.1728e-01  8.2719e-02  0.0000e+00  3.2584e-03
  5360  9.1723e-01  8.2772e-02  4.7684e-06  3.2500e-03
  5380  9.1718e-01  8.2817e-02  0.0000e+00  3.2422e-03
  5400  9.1711e-01  8.2895e-02  0.0000e+00  3.2339e-03
  5420  9.1703e-01  8.2973e-02  0.0000e+00  3.2252e-03
  5440  9.1693e-01  8.3069e-02  0.0000e+00  3.2175e-03
  5460  9.1687e-01  8.3131e-02  1.6153e-05  3.2114e-03
  5480  9.1679e-01  8.3212e-02  6.0201e-06  3.2068e-03
  5500  9.1673e-01  8.3268e-02  0.0000e+00  3.2032e-03
  5520  9.1669e-01  8.3311e-02  0.0000e+00  3.1996e-03
  5540  9.1660e-01  8.3400e-02  8.9407e-07  3.1977e-03
  5560  9.1653e-01  8.3475e-02  0.0000e+00  3.1967e-03
  5580  9.1646e-01  8.3536e-02  6.4373e-06  3.1972e-03
  5600  9.1628e-01  8.3724e-02  0.0000e+00  3.1984e-03
  5620  9.1617e-01  8.3835e-02  0.0000e+00  3.2025e-03
  5640  9.1611e-01  8.3885e-02  0.0000e+00  3.2073e-03
  5660  9.1603e-01  8.3969e-02  5.7220e-06  3.2120e-03
  5680  9.1596e-01  8.4043e-02  0.0000e+00  3.2168e-03
  5700  9.1588e-01  8.4125e-02  0.0000e+00  3.2216e-03
  5720  9.1579e-01  8.4208e-02  0.0000e+00  3.2273e-03
  5740  9.1574e-01  8.4259e-02  1.0729e-06  3.2345e-03
  5760  9.1568e-01  8.4318e-02  0.0000e+00  3.2432e-03
  5780  9.1562e-01  8.4379e-02  0.0000e+00  3.2535e-03
  5800  9.1553e-01  8.4472e-02  0.0000e+00  3.2644e-03
  5820  9.1543e-01  8.4571e-02  0.0000e+00  3.2741e-03
  5840  9.1535e-01  8.4651e-02  0.0000e+00  3.2849e-03
  5860  9.1525e-01  8.4752e-02  1.0848e-05  3.2966e-03
  5880  9.1518e-01  8.4823e-02  1.4603e-05  3.3093e-03
  5900  9.1510e-01  8.4899e-02  4.6492e-06  3.3235e-03
  5920  9.1504e-01  8.4964e-02  3.6955e-06  3.3377e-03
  5940  9.1498e-01  8.5020e-02  0.0000e+00  3.3517e-03
  5960  9.1493e-01  8.5066e-02  4.2319e-06  3.3659e-03
  5980  9.1485e-01  8.5148e-02  0.0000e+00  3.3794e-03
  6000  9.1480e-01  8.5200e-02  0.0000e+00  3.3925e-03
  6020  9.1477e-01  8.5226e-02  8.4043e-06  3.4031e-03
  6040  9.1469e-01  8.5311e-02  0.0000e+00  3.4133e-03
  6060  9.1464e-01  8.5363e-02  3.2187e-06  3.4240e-03
  6080  9.1455e-01  8.5447e-02  0.0000e+00  3.4352e-03
  6100  9.1449e-01  8.5510e-02  5.3644e-06  3.4451e-03
  6120  9.1441e-01  8.5585e-02  7.2122e-06  3.4553e-03
  6140  9.1437e-01  8.5631e-02  0.0000e+00  3.4655e-03
  6160  9.1431e-01  8.5688e-02  0.0000e+00  3.4750e-03
  6180  9.1429e-01  8.5714e-02  3.2187e-06  3.4844e-03
  6200  9.1410e-01  8.5897e-02  0.0000e+00  3.4924e-03
  6220  9.1405e-01  8.5947e-02  0.0000e+00  3.4981e-03
  6240  9.1401e-01  8.5990e-02  9.4771e-06  3.5033e-03
  6260  9.1393e-01  8.6071e-02  5.0068e-06  3.5086e-03
  6280  9.1388e-01  8.6118e-02  5.9605e-07  3.5145e-03
  6300  9.1384e-01  8.6165e-02  6.7949e-06  3.5212e-03
  6320  9.1377e-01  8.6226e-02  0.0000e+00  3.5272e-03
  6340  9.1375e-01  8.6253e-02  0.0000e+00  3.5316e-03
  6360  9.1370e-01  8.6299e-02  2.9802e-06  3.5353e-03
  6380  9.1360e-01  8.6397e-02  0.0000e+00  3.5397e-03
  6400  9.1357e-01  8.6433e-02  0.0000e+00  3.5456e-03
  6420  9.1354e-01  8.6464e-02  0.0000e+00  3.5520e-03
  6440  9.1350e-01  8.6503e-02  4.2915e-06  3.5571e-03
  6460  9.1347e-01  8.6533e-02  0.0000e+00  3.5612e-03
  6480  9.1344e-01  8.6556e-02  5.9605e-08  3.5633e-03
  6500  9.1338e-01  8.6623e-02  1.0729e-06  3.5645e-03
  6520  9.1334e-01  8.6661e-02  0.0000e+00  3.5660e-03
  6540  9.1329e-01  8.6714e-02  0.0000e+00  3.5666e-03
  6560  9.1322e-01  8.6781e-02  1.8477e-06  3.5664e-03
  6580  9.1319e-01  8.6807e-02  5.9605e-08  3.5642e-03
  6600  9.1314e-01  8.6862e-02  9.5367e-07  3.5615e-03
  6620  9.1307e-01  8.6926e-02  1.0312e-05  3.5535e-03
  6640  9.1302e-01  8.6982e-02  0.0000e+00  3.5452e-03
  6660  9.1298e-01  8.7016e-02  1.2517e-06  3.5365e-03
  6680  9.1293e-01  8.7074e-02  0.0000e+00  3.5269e-03
  6700  9.1288e-01  8.7120e-02  6.7353e-06  3.5171e-03
  6720  9.1284e-01  8.7159e-02  2.8014e-06  3.5052e-03
  6740  9.1281e-01  8.7192e-02  0.0000e+00  3.4925e-03
  6760  9.1276e-01  8.7243e-02  0.0000e+00  3.4786e-03
  6780  9.1270e-01  8.7298e-02  0.0000e+00  3.4643e-03
  6800  9.1255e-01  8.7446e-02  0.0000e+00  3.4491e-03
  6820  9.1252e-01  8.7479e-02  2.6226e-06  3.4353e-03
  6840  9.1247e-01  8.7529e-02  8.1658e-06  3.4207e-03
  6860  9.1243e-01  8.7571e-02  2.5034e-06  3.4034e-03
  6880  9.1236e-01  8.7638e-02  8.7023e-06  3.3852e-03
  6900  9.1231e-01  8.7687e-02  0.0000e+00  3.3661e-03
  6920  9.1227e-01  8.7727e-02  0.0000e+00  3.3468e-03
  6940  9.1221e-01  8.7788e-02  3.3379e-06  3.3273e-03
  6960  9.1215e-01  8.7852e-02  0.0000e+00  3.3081e-03
  6980  9.1212e-01  8.7878e-02  0.0000e+00  3.2880e-03
  7000  9.1208e-01  8.7915e-02  1.1921e-06  3.2676e-03
  7020  9.1204e-01  8.7957e-02  8.3447e-06  3.2499e-03
  7040  9.1201e-01  8.7991e-02  6.1393e-06  3.2321e-03
  7060  9.1196e-01  8.8038e-02  7.8678e-06  3.2136e-03
  7080  9.1191e-01  8.8086e-02  0.0000e+00  3.1934e-03
  7100  9.1186e-01  8.8135e-02  4.3511e-06  3.1740e-03
  7120  9.1184e-01  8.8162e-02  2.7418e-06  3.1545e-03
  7140  9.1181e-01  8.8193e-02  4.7684e-06  3.1335e-03
  7160  9.1177e-01  8.8232e-02  0.0000e+00  3.1133e-03
  7180  9.1175e-01  8.8252e-02  0.0000e+00  3.0926e-03
  7200  9.1170e-01  8.8298e-02  0.0000e+00  3.0715e-03
  7220  9.1166e-01  8.8342e-02  5.9605e-08  3.0479e-03
  7240  9.1164e-01  8.8355e-02  9.5367e-07  3.0248e-03
  7260  9.1159e-01  8.8408e-02  1.9073e-06  3.0014e-03
  7280  9.1153e-01  8.8467e-02  0.0000e+00  2.9764e-03
  7300  9.1151e-01  8.8489e-02  3.6359e-06  2.9513e-03
  7320  9.1148e-01  8.8521e-02  8.9407e-07  2.9262e-03
  7340  9.1145e-01  8.8555e-02  2.9802e-06  2.9020e-03
  7360  9.1141e-01  8.8592e-02  5.3644e-07  2.8778e-03
  7380  9.1139e-01  8.8609e-02  3.0398e-06  2.8521e-03
  7400  9.1128e-01  8.8723e-02  5.9605e-07  2.8247e-03
  7420  9.1124e-01  8.8758e-02  0.0000e+00  2.8000e-03
  7440  9.1116e-01  8.8838e-02  0.0000e+00  2.7765e-03
  7460  9.1111e-01  8.8887e-02  0.0000e+00  2.7543e-03
  7480  9.1106e-01  8.8937e-02  0.0000e+00  2.7338e-03
  7500  9.1103e-01  8.8970e-02  0.0000e+00  2.7140e-03
  7520  9.1098e-01  8.9021e-02  5.9009e-06  2.6935e-03
  7540  9.1093e-01  8.9070e-02  0.0000e+00  2.6740e-03
  7560  9.1089e-01  8.9109e-02  5.5432e-06  2.6538e-03
  7580  9.1086e-01  8.9140e-02  8.9407e-07  2.6348e-03
  7600  9.1082e-01  8.9177e-02  6.9141e-06  2.6160e-03
  7620  9.1078e-01  8.9215e-02  5.6028e-06  2.6002e-03
  7640  9.1074e-01  8.9259e-02  8.4043e-06  2.5835e-03
  7660  9.1072e-01  8.9283e-02  4.1127e-06  2.5672e-03
  7680  9.1069e-01  8.9314e-02  6.2585e-06  2.5517e-03
  7700  9.1064e-01  8.9357e-02  0.0000e+00  2.5359e-03
  7720  9.1060e-01  8.9397e-02  3.8147e-06  2.5219e-03
  7740  9.1055e-01  8.9449e-02  1.6689e-06  2.5083e-03
  7760  9.1051e-01  8.9488e-02  6.9141e-06  2.4952e-03
  7780  9.1048e-01  8.9521e-02  1.2517e-06  2.4819e-03
  7800  9.1032e-01  8.9679e-02  0.0000e+00  2.4682e-03
  7820  9.1026e-01  8.9744e-02  0.0000e+00  2.4545e-03
  7840  9.1021e-01  8.9792e-02  4.8876e-06  2.4416e-03
  7860  9.1015e-01  8.9849e-02  8.2254e-06  2.4304e-03
  7880  9.1008e-01  8.9916e-02  0.0000e+00  2.4195e-03
  7900  9.1005e-01  8.9949e-02  0.0000e+00  2.4087e-03
  7920  9.1002e-01  8.9977e-02  1.9670e-06  2.3983e-03
  7940  9.0998e-01  9.0022e-02  1.9073e-06  2.3876e-03
  7960  9.0993e-01  9.0074e-02  2.1458e-06  2.3761e-03
  7980  9.0988e-01  9.0121e-02  0.0000e+00  2.3652e-03
  8000  9.0985e-01  9.0152e-02  0.0000e+00  2.3557e-03
  8020  9.0980e-01  9.0201e-02  3.6955e-06  2.3456e-03
  8040  9.0972e-01  9.0275e-02  0.0000e+00  2.3366e-03
  8060  9.0968e-01  9.0321e-02  5.9605e-08  2.3283e-03
  8080  9.0962e-01  9.0375e-02  7.2122e-06  2.3213e-03
  8100  9.0958e-01  9.0419e-02  0.0000e+00  2.3142e-03
  8120  9.0954e-01  9.0465e-02  0.0000e+00  2.3075e-03
  8140  9.0951e-01  9.0495e-02  5.4836e-06  2.3023e-03
  8160  9.0946e-01  9.0536e-02  4.0531e-06  2.2976e-03
  8180  9.0941e-01  9.0585e-02  0.0000e+00  2.2931e-03
  8200  9.0927e-01  9.0731e-02  4.4107e-06  2.2894e-03
  8220  9.0919e-01  9.0812e-02  3.4571e-06  2.2908e-03
  8240  9.0913e-01  9.0868e-02  5.3644e-06  2.2931e-03
  8260  9.0909e-01  9.0910e-02  1.8477e-06  2.2957e-03
  8280  9.0904e-01  9.0959e-02  0.0000e+00  2.2992e-03
  8300  9.0897e-01  9.1035e-02  0.0000e+00  2.3029e-03
  8320  9.0893e-01  9.1071e-02  2.3842e-07  2.3076e-03
  8340  9.0889e-01  9.1109e-02  3.2187e-06  2.3125e-03
  8360  9.0885e-01  9.1153e-02  0.0000e+00  2.3177e-03
  8380  9.0879e-01  9.1207e-02  0.0000e+00  2.3240e-03
  8400  9.0871e-01  9.1295e-02  0.0000e+00  2.3324e-03
  8420  9.0864e-01  9.1355e-02  0.0000e+00  2.3380e-03
  8440  9.0861e-01  9.1387e-02  0.0000e+00  2.3438e-03
  8460  9.0858e-01  9.1419e-02  1.0729e-06  2.3481e-03
  8480  9.0853e-01  9.1468e-02  6.0201e-06  2.3521e-03
  8500  9.0846e-01  9.1537e-02  1.1325e-06  2.3558e-03
  8520  9.0844e-01  9.1559e-02  0.0000e+00  2.3604e-03
  8540  9.0842e-01  9.1584e-02  1.3709e-06  2.3636e-03
  8560  9.0838e-01  9.1620e-02  6.8545e-06  2.3671e-03
  8580  9.0833e-01  9.1669e-02  7.0333e-06  2.3707e-03
  8600  9.0829e-01  9.1712e-02  0.0000e+00  2.3742e-03
  8620  9.0824e-01  9.1763e-02  0.0000e+00  2.3793e-03
  8640  9.0820e-01  9.1801e-02  2.6822e-06  2.3853e-03
  8660  9.0817e-01  9.1833e-02  6.0201e-06  2.3912e-03
  8680  9.0814e-01  9.1857e-02  7.7486e-07  2.3972e-03
  8700  9.0810e-01  9.1897e-02  8.5831e-06  2.4037e-03
  8720  9.0806e-01  9.1944e-02  3.9935e-06  2.4094e-03
  8740  9.0803e-01  9.1970e-02  3.0994e-06  2.4147e-03
  8760  9.0800e-01  9.1997e-02  0.0000e+00  2.4195e-03
  8780  9.0798e-01  9.2016e-02  5.9605e-07  2.4245e-03
  8800  9.0793e-01  9.2070e-02  0.0000e+00  2.4304e-03
  8820  9.0788e-01  9.2122e-02  0.0000e+00  2.4332e-03
  8840  9.0784e-01  9.2155e-02  0.0000e+00  2.4356e-03
  8860  9.0782e-01  9.2183e-02  3.6955e-06  2.4372e-03
  8880  9.0778e-01  9.2220e-02  0.0000e+00  2.4384e-03
  8900  9.0775e-01  9.2248e-02  0.0000e+00  2.4393e-03
  8920  9.0773e-01  9.2265e-02  0.0000e+00  2.4395e-03
  8940  9.0769e-01  9.2309e-02  3.6359e-06  2.4401e-03
  8960  9.0766e-01  9.2337e-02  0.0000e+00  2.4410e-03
  8980  9.0762e-01  9.2377e-02  1.6689e-06  2.4421e-03
  9000  9.0759e-01  9.2415e-02  0.0000e+00  2.4422e-03
  9020  9.0754e-01  9.2457e-02  6.8545e-06  2.4428e-03
  9040  9.0752e-01  9.2484e-02  0.0000e+00  2.4423e-03
  9060  9.0749e-01  9.2506e-02  0.0000e+00  2.4411e-03
  9080  9.0745e-01  9.2552e-02  3.0398e-06  2.4390e-03
  9100  9.0741e-01  9.2594e-02  0.0000e+00  2.4370e-03
  9120  9.0736e-01  9.2638e-02  0.0000e+00  2.4344e-03
  9140  9.0733e-01  9.2668e-02  0.0000e+00  2.4320e-03
  9160  9.0731e-01  9.2692e-02  1.8477e-06  2.4289e-03
  9180  9.0728e-01  9.2715e-02  0.0000e+00  2.4253e-03
  9200  9.0716e-01  9.2839e-02  0.0000e+00  2.4217e-03
  9220  9.0712e-01  9.2877e-02  0.0000e+00  2.4141e-03
  9240  9.0709e-01  9.2905e-02  5.7220e-06  2.4052e-03
  9260  9.0707e-01  9.2935e-02  0.0000e+00  2.3956e-03
  9280  9.0703e-01  9.2965e-02  0.0000e+00  2.3861e-03
  9300  9.0699e-01  9.3012e-02  0.0000e+00  2.3761e-03
  9320  9.0695e-01  9.3051e-02  0.0000e+00  2.3645e-03
  9340  9.0691e-01  9.3091e-02  7.3314e-06  2.3525e-03
  9360  9.0688e-01  9.3121e-02  0.0000e+00  2.3406e-03
  9380  9.0686e-01  9.3144e-02  0.0000e+00  2.3284e-03
  9400  9.0684e-01  9.3158e-02  4.7684e-06  2.3142e-03
  9420  9.0681e-01  9.3191e-02  1.6093e-06  2.2998e-03
  9440  9.0679e-01  9.3207e-02  7.1526e-07  2.2850e-03
  9460  9.0676e-01  9.3242e-02  1.3113e-06  2.2711e-03
  9480  9.0673e-01  9.3266e-02  0.0000e+00  2.2559e-03
  9500  9.0671e-01  9.3294e-02  0.0000e+00  2.2408e-03
  9520  9.0668e-01  9.3316e-02  0.0000e+00  2.2243e-03
  9540  9.0666e-01  9.3345e-02  0.0000e+00  2.2087e-03
  9560  9.0663e-01  9.3371e-02  3.3975e-06  2.1936e-03
  9580  9.0662e-01  9.3380e-02  2.0862e-06  2.1781e-03
  9600  9.0661e-01  9.3395e-02  1.8477e-06  2.1619e-03
  9620  9.0659e-01  9.3407e-02  7.1526e-07  2.1440e-03
  9640  9.0657e-01  9.3434e-02  0.0000e+00  2.1256e-03
  9660  9.0654e-01  9.3461e-02  0.0000e+00  2.1065e-03
  9680  9.0653e-01  9.3471e-02  4.7684e-07  2.0875e-03
  9700  9.0650e-01  9.3497e-02  0.0000e+00  2.0684e-03
  9720  9.0649e-01  9.3514e-02  6.5565e-07  2.0491e-03
  9740  9.0646e-01  9.3541e-02  0.0000e+00  2.0299e-03
  9760  9.0642e-01  9.3584e-02  0.0000e+00  2.0110e-03
  9780  9.0640e-01  9.3603e-02  2.1458e-06  1.9931e-03
  9800  9.0634e-01  9.3660e-02  0.0000e+00  1.9746e-03
  9820  9.0632e-01  9.3684e-02  0.0000e+00  1.9584e-03
  9840  9.0628e-01  9.3724e-02  1.0729e-06  1.9417e-03
  9860  9.0624e-01  9.3760e-02  0.0000e+00  1.9262e-03
  9880  9.0622e-01  9.3775e-02  2.8610e-06  1.9107e-03
  9900  9.0619e-01  9.3806e-02  0.0000e+00  1.8955e-03
  9920  9.0618e-01  9.3824e-02  0.0000e+00  1.8810e-03
  9940  9.0615e-01  9.3846e-02  2.0862e-06  1.8664e-03
  9960  9.0614e-01  9.3861e-02  1.3709e-06  1.8521e-03
  9980  9.0612e-01  9.3876e-02  5.9605e-07  1.8371e-03
 10000  9.0611e-01  9.3893e-02  0.0000e+00  1.8216e-03
 10020  9.0609e-01  9.3911e-02  0.0000e+00  1.8057e-03
 10040  9.0606e-01  9.3936e-02  0.0000e+00  1.7899e-03
 10060  9.0605e-01  9.3949e-02  3.6359e-06  1.7744e-03
 10080  9.0603e-01  9.3965e-02  2.8610e-06  1.7595e-03
 10100  9.0600e-01  9.3996e-02  2.2650e-06  1.7449e-03
 10120  9.0599e-01  9.4013e-02  9.5367e-07  1.7293e-03
 10140  9.0597e-01  9.4033e-02  7.1526e-07  1.7130e-03
 10160  9.0595e-01  9.4046e-02  0.0000e+00  1.6971e-03
 10180  9.0594e-01  9.4064e-02  0.0000e+00  1.6816e-03
 10200  9.0591e-01  9.4089e-02  0.0000e+00  1.6661e-03
 10220  9.0588e-01  9.4120e-02  3.2187e-06  1.6496e-03
 10240  9.0586e-01  9.4137e-02  0.0000e+00  1.6337e-03
 10260  9.0585e-01  9.4152e-02  3.5763e-07  1.6177e-03
 10280  9.0583e-01  9.4173e-02  0.0000e+00  1.6010e-03
 10300  9.0581e-01  9.4188e-02  0.0000e+00  1.5846e-03
 10320  9.0580e-01  9.4204e-02  6.5565e-07  1.5686e-03
 10340  9.0579e-01  9.4212e-02  5.9605e-07  1.5519e-03
 10360  9.0577e-01  9.4225e-02  0.0000e+00  1.5352e-03
 10380  9.0575e-01  9.4248e-02  0.0000e+00  1.5183e-03
 10400  9.0574e-01  9.4265e-02  0.0000e+00  1.5025e-03
 10420  9.0572e-01  9.4279e-02  0.0000e+00  1.4871e-03
 10440  9.0571e-01  9.4288e-02  0.0000e+00  1.4716e-03
 10460  9.0569e-01  9.4311e-02  1.7881e-07  1.4562e-03
 10480  9.0567e-01  9.4328e-02  0.0000e+00  1.4418e-03
 10500  9.0565e-01  9.4349e-02  1.0729e-06  1.4275e-03
 10520  9.0563e-01  9.4367e-02  4.7684e-07  1.4142e-03
 10540  9.0561e-01  9.4393e-02  2.7418e-06  1.4010e-03
 10560  9.0558e-01  9.4418e-02  5.3644e-07  1.3875e-03
 10580  9.0557e-01  9.4434e-02  0.0000e+00  1.3742e-03
 10600  9.0555e-01  9.4448e-02  2.3246e-06  1.3618e-03
 10620  9.0554e-01  9.4464e-02  3.3975e-06  1.3499e-03
 10640  9.0552e-01  9.4480e-02  2.1458e-06  1.3384e-03
 10660  9.0550e-01  9.4496e-02  0.0000e+00  1.3267e-03
 10680  9.0550e-01  9.4503e-02  0.0000e+00  1.3148e-03
 10700  9.0548e-01  9.4517e-02  2.8610e-06  1.3029e-03
 10720  9.0547e-01  9.4533e-02  0.0000e+00  1.2915e-03
 10740  9.0545e-01  9.4553e-02  2.5630e-06  1.2804e-03
 10760  9.0544e-01  9.4560e-02  2.5034e-06  1.2694e-03
 10780  9.0543e-01  9.4573e-02  0.0000e+00  1.2563e-03
 10800  9.0541e-01  9.4594e-02  0.0000e+00  1.2438e-03
 10820  9.0539e-01  9.4606e-02  0.0000e+00  1.2314e-03
 10840  9.0538e-01  9.4620e-02  1.2517e-06  1.2183e-03
 10860  9.0537e-01  9.4629e-02  1.6689e-06  1.2048e-03
 10880  9.0536e-01  9.4639e-02  2.9802e-06  1.1915e-03
 10900  9.0535e-01  9.4655e-02  2.3842e-07  1.1772e-03
 10920  9.0534e-01  9.4663e-02  1.2517e-06  1.1629e-03
 10940  9.0532e-01  9.4676e-02  0.0000e+00  1.1486e-03
 10960  9.0532e-01  9.4681e-02  0.0000e+00  1.1343e-03
 10980  9.0531e-01  9.4692e-02  1.0729e-06  1.1207e-03
 11000  9.0529e-01  9.4705e-02  3.5763e-07  1.1076e-03
 11020  9.0528e-01  9.4721e-02  0.0000e+00  1.0949e-03
 11040  9.0527e-01  9.4733e-02  0.0000e+00  1.0819e-03
 11060  9.0526e-01  9.4740e-02  1.1921e-07  1.0688e-03
 11080  9.0525e-01  9.4747e-02  4.7684e-07  1.0557e-03
 11100  9.0525e-01  9.4754e-02  2.5034e-06  1.0425e-03
 11120  9.0523e-01  9.4766e-02  8.3447e-07  1.0305e-03
 11140  9.0522e-01  9.4780e-02  0.0000e+00  1.0183e-03
 11160  9.0521e-01  9.4794e-02  0.0000e+00  1.0064e-03
 11180  9.0520e-01  9.4803e-02  0.0000e+00  9.9432e-04
 11200  9.0518e-01  9.4818e-02  0.0000e+00  9.8121e-04
 11220  9.0517e-01  9.4828e-02  0.0000e+00  9.7048e-04
 11240  9.0516e-01  9.4840e-02  1.1921e-07  9.5975e-04
 11260  9.0515e-01  9.4848e-02  0.0000e+00  9.4950e-04
 11280  9.0514e-01  9.4863e-02  3.5763e-07  9.3997e-04
 11300  9.0512e-01  9.4879e-02  0.0000e+00  9.3043e-04
 11320  9.0511e-01  9.4886e-02  0.0000e+00  9.2125e-04
 11340  9.0510e-01  9.4899e-02  3.2187e-06  9.1279e-04
 11360  9.0509e-01  9.4914e-02  5.3644e-07  9.0444e-04
 11380  9.0507e-01  9.4925e-02  0.0000e+00  8.9574e-04
 11400  9.0506e-01  9.4938e-02  0.0000e+00  8.8650e-04
 11420  9.0505e-01  9.4950e-02  0.0000e+00  8.7804e-04
 11440  9.0503e-01  9.4968e-02  1.5497e-06  8.6969e-04
 11460  9.0502e-01  9.4977e-02  1.0729e-06  8.6135e-04
 11480  9.0501e-01  9.4986e-02  3.0398e-06  8.5300e-04
 11500  9.0501e-01  9.4995e-02  0.0000e+00  8.4466e-04
 11520  9.0499e-01  9.5007e-02  3.5763e-07  8.3631e-04
 11540  9.0498e-01  9.5015e-02  0.0000e+00  8.2749e-04
 11560  9.0497e-01  9.5034e-02  1.2517e-06  8.1795e-04
 11580  9.0496e-01  9.5044e-02  1.1325e-06  8.0860e-04
 11600  9.0490e-01  9.5105e-02  0.0000e+00  7.9906e-04
 11620  9.0487e-01  9.5127e-02  0.0000e+00  7.9072e-04
 11640  9.0486e-01  9.5143e-02  7.1526e-07  7.8237e-04
 11660  9.0484e-01  9.5157e-02  1.2517e-06  7.7498e-04
 11680  9.0482e-01  9.5178e-02  0.0000e+00  7.6783e-04
 11700  9.0480e-01  9.5198e-02  1.4305e-06  7.6067e-04
 11720  9.0479e-01  9.5213e-02  1.0729e-06  7.5352e-04
 11740  9.0478e-01  9.5225e-02  7.1526e-07  7.4637e-04
 11760  9.0476e-01  9.5237e-02  7.7486e-07  7.3928e-04
 11780  9.0475e-01  9.5252e-02  2.6226e-06  7.3332e-04
 11800  9.0474e-01  9.5264e-02  0.0000e+00  7.2736e-04
 11820  9.0473e-01  9.5270e-02  0.0000e+00  7.2140e-04
 11840  9.0472e-01  9.5281e-02  0.0000e+00  7.1663e-04
 11860  9.0471e-01  9.5292e-02  1.6689e-06  7.1186e-04
 11880  9.0470e-01  9.5303e-02  0.0000e+00  7.0727e-04
 11900  9.0469e-01  9.5311e-02  1.1921e-07  7.0369e-04
 11920  9.0468e-01  9.5321e-02  2.5034e-06  7.0012e-04
 11940  9.0467e-01  9.5327e-02  0.0000e+00  6.9654e-04
 11960  9.0466e-01  9.5337e-02  4.1723e-07  6.9296e-04
 11980  9.0465e-01  9.5350e-02  1.0729e-06  6.8939e-04
 12000  9.0460e-01  9.5400e-02  0.0000e+00  6.8581e-04
 12020  9.0459e-01  9.5405e-02  1.3113e-06  6.8313e-04
 12040  9.0458e-01  9.5416e-02  0.0000e+00  6.8015e-04
 12060  9.0457e-01  9.5426e-02  1.3709e-06  6.7782e-04
 12080  9.0456e-01  9.5435e-02  0.0000e+00  6.7663e-04
 12100  9.0455e-01  9.5446e-02  0.0000e+00  6.7544e-04
 12120  9.0453e-01  9.5466e-02  0.0000e+00  6.7425e-04
 12140  9.0452e-01  9.5477e-02  0.0000e+00  6.7329e-04
 12160  9.0450e-01  9.5495e-02  0.0000e+00  6.7210e-04
 12180  9.0449e-01  9.5505e-02  1.4901e-06  6.7109e-04
 12200  9.0449e-01  9.5511e-02  6.5565e-07  6.7109e-04
 12220  9.0448e-01  9.5522e-02  0.0000e+00  6.7109e-04
 12240  9.0445e-01  9.5545e-02  0.0000e+00  6.7109e-04
 12260  9.0445e-01  9.5552e-02  2.3842e-07  6.7109e-04
 12280  9.0444e-01  9.5564e-02  0.0000e+00  6.7109e-04
 12300  9.0443e-01  9.5574e-02  0.0000e+00  6.7109e-04
 12320  9.0441e-01  9.5588e-02  1.4305e-06  6.7133e-04
 12340  9.0440e-01  9.5598e-02  0.0000e+00  6.7145e-04
 12360  9.0439e-01  9.5611e-02  0.0000e+00  6.7145e-04
 12380  9.0438e-01  9.5617e-02  1.1921e-06  6.7210e-04
 12400  9.0438e-01  9.5624e-02  2.9802e-07  6.7306e-04
 12420  9.0436e-01  9.5638e-02  6.5565e-07  6.7395e-04
 12440  9.0435e-01  9.5647e-02  0.0000e+00  6.7407e-04
 12460  9.0434e-01  9.5656e-02  2.9802e-07  6.7407e-04
 12480  9.0434e-01  9.5665e-02  0.0000e+00  6.7407e-04
 12500  9.0432e-01  9.5682e-02  4.1723e-07  6.7466e-04
 12520  9.0431e-01  9.5693e-02  1.3709e-06  6.7586e-04
 12540  9.0429e-01  9.5715e-02  1.7285e-06  6.7753e-04
 12560  9.0428e-01  9.5718e-02  1.7881e-06  6.7967e-04
 12580  9.0428e-01  9.5725e-02  5.9605e-08  6.8086e-04
 12600  9.0426e-01  9.5738e-02  0.0000e+00  6.8206e-04
 12620  9.0425e-01  9.5748e-02  7.7486e-07  6.8158e-04
 12640  9.0424e-01  9.5763e-02  1.9670e-06  6.8039e-04
 12660  9.0422e-01  9.5776e-02  0.0000e+00  6.7919e-04
 12680  9.0421e-01  9.5785e-02  0.0000e+00  6.7800e-04
 12700  9.0420e-01  9.5800e-02  0.0000e+00  6.7681e-04
 12720  9.0419e-01  9.5809e-02  2.6822e-06  6.7562e-04
 12740  9.0418e-01  9.5822e-02  0.0000e+00  6.7443e-04
 12760  9.0417e-01  9.5833e-02  1.1921e-07  6.7323e-04
 12780  9.0416e-01  9.5844e-02  3.5763e-07  6.7204e-04
 12800  9.0415e-01  9.5853e-02  0.0000e+00  6.7085e-04
 12820  9.0414e-01  9.5864e-02  0.0000e+00  6.6966e-04
 12840  9.0412e-01  9.5879e-02  8.9407e-07  6.6847e-04
 12860  9.0411e-01  9.5891e-02  0.0000e+00  6.6727e-04
 12880  9.0409e-01  9.5906e-02  7.1526e-07  6.6608e-04
 12900  9.0409e-01  9.5913e-02  0.0000e+00  6.6489e-04
 12920  9.0407e-01  9.5928e-02  0.0000e+00  6.6370e-04
 12940  9.0406e-01  9.5935e-02  1.3113e-06  6.6251e-04
 12960  9.0405e-01  9.5947e-02  0.0000e+00  6.6131e-04
 12980  9.0404e-01  9.5959e-02  1.4901e-06  6.6012e-04
 13000  9.0403e-01  9.5969e-02  0.0000e+00  6.5893e-04
 13020  9.0401e-01  9.5987e-02  0.0000e+00  6.5684e-04
 13040  9.0401e-01  9.5994e-02  0.0000e+00  6.5565e-04
 13060  9.0400e-01  9.6001e-02  1.3113e-06  6.5440e-04
 13080  9.0399e-01  9.6011e-02  1.7881e-07  6.5202e-04
 13100  9.0398e-01  9.6023e-02  5.9605e-08  6.4963e-04
 13120  9.0397e-01  9.6030e-02  4.1723e-07  6.4695e-04
 13140  9.0396e-01  9.6041e-02  2.2054e-06  6.4337e-04
 13160  9.0394e-01  9.6056e-02  2.1458e-06  6.4069e-04
 13180  9.0394e-01  9.6063e-02  1.9670e-06  6.3711e-04
 13200  9.0393e-01  9.6074e-02  7.1526e-07  6.3354e-04
 13220  9.0391e-01  9.6086e-02  5.3644e-07  6.2996e-04
 13240  9.0391e-01  9.6095e-02  1.7881e-07  6.2639e-04
 13260  9.0390e-01  9.6103e-02  2.3842e-06  6.2281e-04
 13280  9.0389e-01  9.6113e-02  5.9605e-08  6.1923e-04
 13300  9.0388e-01  9.6122e-02  2.3842e-06  6.1566e-04
 13320  9.0387e-01  9.6131e-02  5.9605e-07  6.1208e-04
 13340  9.0386e-01  9.6144e-02  0.0000e+00  6.0850e-04
 13360  9.0385e-01  9.6151e-02  2.3842e-07  6.0493e-04
 13380  9.0384e-01  9.6160e-02  0.0000e+00  6.0135e-04
 13400  9.0383e-01  9.6167e-02  5.9605e-08  5.9801e-04
 13420  9.0383e-01  9.6173e-02  2.3842e-07  5.9474e-04
 13440  9.0382e-01  9.6183e-02  0.0000e+00  5.9223e-04
 13460  9.0380e-01  9.6196e-02  0.0000e+00  5.8985e-04
 13480  9.0380e-01  9.6202e-02  0.0000e+00  5.8746e-04
 13500  9.0378e-01  9.6216e-02  0.0000e+00  5.8448e-04
 13520  9.0377e-01  9.6229e-02  8.3447e-07  5.8091e-04
 13540  9.0376e-01  9.6238e-02  0.0000e+00  5.7733e-04
 13560  9.0376e-01  9.6243e-02  2.0862e-06  5.7399e-04
 13580  9.0375e-01  9.6253e-02  1.8477e-06  5.7161e-04
 13600  9.0374e-01  9.6264e-02  1.1921e-07  5.6922e-04
 13620  9.0373e-01  9.6274e-02  0.0000e+00  5.6732e-04
 13640  9.0371e-01  9.6286e-02  0.0000e+00  5.6612e-04
 13660  9.0370e-01  9.6296e-02  0.0000e+00  5.6493e-04
 13680  9.0369e-01  9.6306e-02  1.2517e-06  5.6374e-04
 13700  9.0368e-01  9.6318e-02  1.1921e-06  5.6255e-04
 13720  9.0368e-01  9.6321e-02  1.7881e-07  5.6136e-04
 13740  9.0367e-01  9.6331e-02  0.0000e+00  5.6016e-04
 13760  9.0366e-01  9.6341e-02  0.0000e+00  5.5885e-04
 13780  9.0365e-01  9.6354e-02  6.5565e-07  5.5766e-04
 13800  9.0364e-01  9.6360e-02  4.1723e-07  5.5635e-04
 13820  9.0364e-01  9.6364e-02  1.1921e-06  5.5414e-04
 13840  9.0362e-01  9.6377e-02  2.9802e-07  5.5176e-04
 13860  9.0361e-01  9.6389e-02  0.0000e+00  5.4938e-04
 13880  9.0360e-01  9.6397e-02  0.0000e+00  5.4699e-04
 13900  9.0360e-01  9.6405e-02  1.4305e-06  5.4461e-04
 13920  9.0359e-01  9.6411e-02  8.9407e-07  5.4222e-04
 13940  9.0358e-01  9.6424e-02  0.0000e+00  5.3984e-04
 13960  9.0357e-01  9.6429e-02  1.6689e-06  5.3746e-04
 13980  9.0356e-01  9.6437e-02  0.0000e+00  5.3507e-04
 14000  9.0356e-01  9.6444e-02  1.6689e-06  5.3269e-04
 14020  9.0355e-01  9.6451e-02  2.2650e-06  5.3030e-04
 14040  9.0354e-01  9.6462e-02  0.0000e+00  5.2792e-04
 14060  9.0353e-01  9.6468e-02  1.1325e-06  5.2553e-04
 14080  9.0352e-01  9.6478e-02  1.2517e-06  5.2315e-04
 14100  9.0351e-01  9.6485e-02  0.0000e+00  5.2077e-04
 14120  9.0351e-01  9.6493e-02  0.0000e+00  5.1868e-04
 14140  9.0350e-01  9.6503e-02  1.1921e-07  5.1749e-04
 14160  9.0348e-01  9.6517e-02  0.0000e+00  5.1540e-04
 14180  9.0347e-01  9.6527e-02  4.7684e-07  5.1421e-04
 14200  9.0345e-01  9.6550e-02  0.0000e+00  5.1302e-04
 14220  9.0344e-01  9.6560e-02  0.0000e+00  5.1183e-04
 14240  9.0343e-01  9.6572e-02  5.9605e-08  5.1063e-04
 14260  9.0342e-01  9.6581e-02  1.3709e-06  5.0944e-04
 14280  9.0341e-01  9.6590e-02  1.0133e-06  5.0825e-04
 14300  9.0340e-01  9.6599e-02  7.1526e-07  5.0706e-04
 14320  9.0339e-01  9.6612e-02  5.9605e-07  5.0586e-04
 14340  9.0338e-01  9.6625e-02  0.0000e+00  5.0467e-04
 14360  9.0336e-01  9.6637e-02  2.9802e-07  5.0348e-04
 14380  9.0336e-01  9.6645e-02  1.4901e-06  5.0229e-04
 14400  9.0335e-01  9.6646e-02  2.6226e-06  5.0110e-04
 14420  9.0335e-01  9.6653e-02  2.9802e-07  4.9990e-04
 14440  9.0334e-01  9.6664e-02  0.0000e+00  4.9871e-04
 14460  9.0333e-01  9.6671e-02  0.0000e+00  4.9752e-04
 14480  9.0332e-01  9.6677e-02  2.3842e-07  4.9633e-04
 14500  9.0332e-01  9.6682e-02  1.7881e-07  4.9514e-04
 14520  9.0331e-01  9.6693e-02  8.3447e-07  4.9394e-04
 14540  9.0330e-01  9.6699e-02  1.0729e-06  4.9275e-04
 14560  9.0329e-01  9.6708e-02  0.0000e+00  4.9156e-04
 14580  9.0328e-01  9.6719e-02  1.4901e-06  4.9037e-04
 14600  9.0327e-01  9.6726e-02  2.5034e-06  4.8918e-04
 14620  9.0327e-01  9.6730e-02  1.1921e-06  4.8798e-04
 14640  9.0326e-01  9.6739e-02  8.9407e-07  4.8679e-04
 14660  9.0325e-01  9.6748e-02  1.4305e-06  4.8560e-04
 14680  9.0324e-01  9.6756e-02  0.0000e+00  4.8441e-04
 14700  9.0323e-01  9.6768e-02  5.9605e-08  4.8316e-04
 14720  9.0322e-01  9.6779e-02  0.0000e+00  4.8196e-04
 14740  9.0321e-01  9.6786e-02  1.4305e-06  4.8077e-04
 14760  9.0321e-01  9.6793e-02  9.5367e-07  4.7970e-04
 14780  9.0320e-01  9.6804e-02  0.0000e+00  4.7851e-04
 14800  9.0319e-01  9.6814e-02  9.5367e-07  4.7743e-04
 14820  9.0318e-01  9.6822e-02  0.0000e+00  4.7725e-04
 14840  9.0317e-01  9.6828e-02  6.5565e-07  4.7725e-04
 14860  9.0316e-01  9.6839e-02  0.0000e+00  4.7702e-04
 14880  9.0315e-01  9.6847e-02  0.0000e+00  4.7702e-04
 14900  9.0314e-01  9.6860e-02  2.3842e-07  4.7702e-04
 14920  9.0313e-01  9.6867e-02  0.0000e+00  4.7702e-04
 14940  9.0312e-01  9.6875e-02  1.1921e-07  4.7702e-04
 14960  9.0312e-01  9.6883e-02  7.1526e-07  4.7702e-04
 14980  9.0311e-01  9.6890e-02  0.0000e+00  4.7702e-04
 15000  9.0310e-01  9.6896e-02  0.0000e+00  4.7702e-04
 15020  9.0309e-01  9.6906e-02  0.0000e+00  4.7702e-04
 15040  9.0309e-01  9.6911e-02  1.2517e-06  4.7702e-04
 15060  9.0308e-01  9.6917e-02  5.3644e-07  4.7702e-04
 15080  9.0307e-01  9.6926e-02  1.6093e-06  4.7702e-04
 15100  9.0307e-01  9.6933e-02  5.9605e-08  4.7690e-04
 15120  9.0306e-01  9.6937e-02  0.0000e+00  4.7576e-04
 15140  9.0305e-01  9.6947e-02  0.0000e+00  4.7457e-04
 15160  9.0305e-01  9.6952e-02  1.9670e-06  4.7338e-04
 15180  9.0304e-01  9.6964e-02  0.0000e+00  4.7219e-04
 15200  9.0303e-01  9.6968e-02  0.0000e+00  4.7100e-04
 15220  9.0302e-01  9.6975e-02  1.7881e-07  4.6980e-04
 15240  9.0302e-01  9.6980e-02  7.1526e-07  4.6861e-04
 15260  9.0302e-01  9.6984e-02  0.0000e+00  4.6742e-04
 15280  9.0301e-01  9.6988e-02  0.0000e+00  4.6623e-04
 15300  9.0301e-01  9.6994e-02  2.9802e-07  4.6504e-04
 15320  9.0300e-01  9.6998e-02  2.9802e-07  4.6343e-04
 15340  9.0300e-01  9.7001e-02  1.1921e-07  4.6104e-04
 15360  9.0299e-01  9.7010e-02  0.0000e+00  4.5866e-04
 15380  9.0298e-01  9.7020e-02  0.0000e+00  4.5627e-04
 15400  9.0297e-01  9.7029e-02  8.9407e-07  4.5389e-04
 15420  9.0296e-01  9.7037e-02  0.0000e+00  4.5151e-04
 15440  9.0296e-01  9.7044e-02  0.0000e+00  4.4912e-04
 15460  9.0295e-01  9.7052e-02  0.0000e+00  4.4674e-04
 15480  9.0294e-01  9.7057e-02  8.3447e-07  4.4435e-04
 15500  9.0294e-01  9.7061e-02  6.5565e-07  4.4197e-04
 15520  9.0293e-01  9.7066e-02  0.0000e+00  4.3958e-04
 15540  9.0293e-01  9.7073e-02  0.0000e+00  4.3720e-04
 15560  9.0292e-01  9.7080e-02  0.0000e+00  4.3482e-04
 15580  9.0291e-01  9.7085e-02  0.0000e+00  4.3243e-04
 15600  9.0291e-01  9.7090e-02  0.0000e+00  4.3005e-04
 15620  9.0290e-01  9.7096e-02  0.0000e+00  4.2766e-04
 15640  9.0290e-01  9.7101e-02  4.7684e-07  4.2528e-04
 15660  9.0289e-01  9.7107e-02  0.0000e+00  4.2289e-04
 15680  9.0289e-01  9.7113e-02  8.9407e-07  4.2051e-04
 15700  9.0288e-01  9.7121e-02  1.1325e-06  4.1819e-04
 15720  9.0287e-01  9.7126e-02  5.3644e-07  4.1580e-04
 15740  9.0287e-01  9.7131e-02  0.0000e+00  4.1342e-04
 15760  9.0286e-01  9.7136e-02  0.0000e+00  4.1103e-04
 15780  9.0286e-01  9.7141e-02  0.0000e+00  4.0865e-04
 15800  9.0286e-01  9.7145e-02  1.1921e-06  4.0627e-04
 15820  9.0285e-01  9.7147e-02  0.0000e+00  4.0287e-04
 15840  9.0285e-01  9.7153e-02  0.0000e+00  3.9929e-04
 15860  9.0284e-01  9.7161e-02  4.7684e-07  3.9595e-04
 15880  9.0283e-01  9.7167e-02  0.0000e+00  3.9238e-04
 15900  9.0283e-01  9.7172e-02  0.0000e+00  3.8880e-04
 15920  9.0282e-01  9.7177e-02  0.0000e+00  3.8522e-04
 15940  9.0282e-01  9.7182e-02  5.9605e-08  3.8165e-04
 15960  9.0281e-01  9.7186e-02  0.0000e+00  3.7807e-04
 15980  9.0281e-01  9.7190e-02  1.1921e-07  3.7450e-04
 16000  9.0280e-01  9.7196e-02  0.0000e+00  3.7092e-04
 16020  9.0280e-01  9.7205e-02  1.1921e-07  3.6734e-04
 16040  9.0279e-01  9.7211e-02  0.0000e+00  3.6377e-04
 16060  9.0278e-01  9.7216e-02  0.0000e+00  3.6019e-04
 16080  9.0278e-01  9.7224e-02  0.0000e+00  3.5661e-04
 16100  9.0277e-01  9.7228e-02  4.7684e-07  3.5316e-04
 16120  9.0277e-01  9.7234e-02  0.0000e+00  3.5071e-04
 16140  9.0276e-01  9.7238e-02  0.0000e+00  3.4833e-04
 16160  9.0276e-01  9.7244e-02  0.0000e+00  3.4595e-04
 16180  9.0275e-01  9.7252e-02  1.1325e-06  3.4356e-04
 16200  9.0274e-01  9.7258e-02  5.9605e-08  3.4118e-04
 16220  9.0274e-01  9.7261e-02  0.0000e+00  3.3879e-04
 16240  9.0273e-01  9.7266e-02  4.7684e-07  3.3641e-04
 16260  9.0273e-01  9.7272e-02  5.9605e-08  3.3402e-04
 16280  9.0272e-01  9.7282e-02  0.0000e+00  3.3164e-04
 16300  9.0271e-01  9.7288e-02  0.0000e+00  3.2926e-04
 16320  9.0271e-01  9.7291e-02  5.9605e-08  3.2729e-04
 16340  9.0270e-01  9.7300e-02  0.0000e+00  3.2610e-04
 16360  9.0269e-01  9.7305e-02  0.0000e+00  3.2490e-04
 16380  9.0269e-01  9.7312e-02  0.0000e+00  3.2371e-04
 16400  9.0269e-01  9.7314e-02  0.0000e+00  3.2252e-04
 16420  9.0268e-01  9.7321e-02  0.0000e+00  3.2133e-04
 16440  9.0268e-01  9.7325e-02  5.3644e-07  3.2014e-04
 16460  9.0267e-01  9.7333e-02  4.7684e-07  3.1894e-04
 16480  9.0266e-01  9.7338e-02  0.0000e+00  3.1775e-04
 16500  9.0266e-01  9.7343e-02  0.0000e+00  3.1656e-04
 16520  9.0265e-01  9.7347e-02  0.0000e+00  3.1537e-04
 16540  9.0265e-01  9.7353e-02  0.0000e+00  3.1418e-04
 16560  9.0264e-01  9.7356e-02  0.0000e+00  3.1298e-04
 16580  9.0264e-01  9.7358e-02  4.1723e-07  3.1179e-04
 16600  9.0264e-01  9.7363e-02  0.0000e+00  3.1060e-04
 16620  9.0263e-01  9.7365e-02  0.0000e+00  3.0941e-04
 16640  9.0263e-01  9.7372e-02  0.0000e+00  3.0798e-04
 16660  9.0262e-01  9.7378e-02  0.0000e+00  3.0679e-04
 16680  9.0262e-01  9.7380e-02  3.5763e-07  3.0524e-04
 16700  9.0262e-01  9.7385e-02  5.9605e-08  3.0291e-04
 16720  9.0261e-01  9.7387e-02  5.9605e-07  3.0053e-04
 16740  9.0261e-01  9.7392e-02  2.3842e-07  2.9814e-04
 16760  9.0260e-01  9.7397e-02  0.0000e+00  2.9576e-04
 16780  9.0260e-01  9.7400e-02  0.0000e+00  2.9337e-04
 16800  9.0259e-01  9.7406e-02  1.1921e-07  2.9099e-04
 16820  9.0259e-01  9.7411e-02  5.9605e-07  2.8962e-04
 16840  9.0259e-01  9.7414e-02  6.5565e-07  2.8843e-04
 16860  9.0258e-01  9.7417e-02  2.9802e-07  2.8723e-04
 16880  9.0258e-01  9.7419e-02  4.1723e-07  2.8604e-04
 16900  9.0258e-01  9.7425e-02  2.3842e-07  2.8485e-04
 16920  9.0257e-01  9.7429e-02  1.7881e-07  2.8366e-04
 16940  9.0257e-01  9.7433e-02  0.0000e+00  2.8247e-04
 16960  9.0256e-01  9.7437e-02  0.0000e+00  2.8127e-04
 16980  9.0256e-01  9.7441e-02  0.0000e+00  2.8008e-04
 17000  9.0255e-01  9.7447e-02  4.7684e-07  2.7889e-04
 17020  9.0255e-01  9.7450e-02  0.0000e+00  2.7770e-04
 17040  9.0255e-01  9.7452e-02  2.9802e-07  2.7651e-04
 17060  9.0254e-01  9.7456e-02  0.0000e+00  2.7531e-04
 17080  9.0254e-01  9.7460e-02  5.3644e-07  2.7412e-04
 17100  9.0254e-01  9.7464e-02  1.1921e-07  2.7293e-04
 17120  9.0253e-01  9.7470e-02  1.1921e-07  2.7174e-04
 17140  9.0253e-01  9.7473e-02  2.3842e-07  2.7055e-04
 17160  9.0252e-01  9.7480e-02  5.3644e-07  2.6935e-04
 17180  9.0252e-01  9.7484e-02  6.5565e-07  2.6816e-04
 17200  9.0249e-01  9.7508e-02  0.0000e+00  2.6697e-04
 17220  9.0248e-01  9.7515e-02  5.9605e-08  2.6578e-04
 17240  9.0248e-01  9.7524e-02  1.4901e-06  2.6459e-04
 17260  9.0247e-01  9.7532e-02  2.9802e-07  2.6339e-04
 17280  9.0246e-01  9.7538e-02  0.0000e+00  2.6220e-04
 17300  9.0246e-01  9.7543e-02  0.0000e+00  2.6101e-04
 17320  9.0245e-01  9.7548e-02  0.0000e+00  2.5982e-04
 17340  9.0244e-01  9.7556e-02  1.0133e-06  2.5862e-04
 17360  9.0244e-01  9.7559e-02  0.0000e+00  2.5743e-04
 17380  9.0244e-01  9.7562e-02  2.9802e-07  2.5624e-04
 17400  9.0243e-01  9.7566e-02  7.1526e-07  2.5505e-04
 17420  9.0243e-01  9.7572e-02  0.0000e+00  2.5386e-04
 17440  9.0242e-01  9.7577e-02  1.1921e-07  2.5266e-04
 17460  9.0242e-01  9.7582e-02  0.0000e+00  2.5147e-04
 17480  9.0241e-01  9.7587e-02  0.0000e+00  2.5028e-04
 17500  9.0241e-01  9.7589e-02  2.9802e-07  2.4909e-04
 17520  9.0241e-01  9.7592e-02  0.0000e+00  2.4790e-04
 17540  9.0240e-01  9.7596e-02  5.9605e-07  2.4670e-04
 17560  9.0240e-01  9.7600e-02  3.5763e-07  2.4551e-04
 17580  9.0240e-01  9.7604e-02  0.0000e+00  2.4432e-04
 17600  9.0239e-01  9.7608e-02  0.0000e+00  2.4313e-04
 17620  9.0239e-01  9.7613e-02  4.7684e-07  2.4194e-04
 17640  9.0238e-01  9.7616e-02  2.9802e-07  2.4098e-04
 17660  9.0238e-01  9.7621e-02  8.9407e-07  2.3979e-04
 17680  9.0238e-01  9.7622e-02  0.0000e+00  2.3896e-04
 17700  9.0237e-01  9.7628e-02  0.0000e+00  2.3890e-04
 17720  9.0237e-01  9.7632e-02  5.9605e-08  2.3890e-04
 17740  9.0237e-01  9.7634e-02  0.0000e+00  2.3890e-04
 17760  9.0236e-01  9.7638e-02  2.9802e-07  2.3890e-04
 17780  9.0236e-01  9.7642e-02  5.9605e-08  2.3890e-04
 17800  9.0235e-01  9.7646e-02  0.0000e+00  2.3890e-04
 17820  9.0235e-01  9.7650e-02  7.1526e-07  2.3890e-04
 17840  9.0235e-01  9.7653e-02  0.0000e+00  2.3890e-04
 17860  9.0234e-01  9.7655e-02  0.0000e+00  2.3890e-04
 17880  9.0234e-01  9.7659e-02  5.9605e-07  2.3890e-04
 17900  9.0234e-01  9.7662e-02  0.0000e+00  2.3890e-04
 17920  9.0234e-01  9.7664e-02  9.5367e-07  2.3890e-04
 17940  9.0233e-01  9.7670e-02  0.0000e+00  2.3890e-04
 17960  9.0233e-01  9.7673e-02  5.9605e-08  2.3890e-04
 17980  9.0232e-01  9.7676e-02  4.1723e-07  2.3890e-04
 18000  9.0232e-01  9.7679e-02  4.7684e-07  2.3890e-04
 18020  9.0232e-01  9.7680e-02  2.3842e-07  2.3890e-04
 18040  9.0232e-01  9.7683e-02  0.0000e+00  2.3890e-04
 18060  9.0232e-01  9.7685e-02  5.9605e-08  2.3890e-04
 18080  9.0232e-01  9.7685e-02  0.0000e+00  2.3890e-04
 18100  9.0231e-01  9.7688e-02  1.7881e-07  2.3890e-04
 18120  9.0231e-01  9.7692e-02  0.0000e+00  2.3890e-04
 18140  9.0231e-01  9.7695e-02  0.0000e+00  2.3890e-04
 18160  9.0230e-01  9.7698e-02  5.9605e-07  2.3890e-04
 18180  9.0230e-01  9.7700e-02  5.9605e-07  2.3890e-04
 18200  9.0230e-01  9.7702e-02  1.7881e-07  2.3890e-04
 18220  9.0230e-01  9.7703e-02  4.1723e-07  2.3770e-04
 18240  9.0229e-01  9.7707e-02  5.3644e-07  2.3651e-04
 18260  9.0229e-01  9.7711e-02  0.0000e+00  2.3532e-04
 18280  9.0229e-01  9.7713e-02  4.7684e-07  2.3413e-04
 18300  9.0228e-01  9.7716e-02  1.1921e-07  2.3293e-04
 18320  9.0228e-01  9.7720e-02  5.3644e-07  2.3174e-04
 18340  9.0228e-01  9.7725e-02  0.0000e+00  2.3055e-04
 18360  9.0227e-01  9.7730e-02  0.0000e+00  2.2936e-04
 18380  9.0227e-01  9.7732e-02  0.0000e+00  2.2817e-04
 18400  9.0226e-01  9.7738e-02  0.0000e+00  2.2697e-04
 18420  9.0226e-01  9.7741e-02  1.7881e-07  2.2578e-04
 18440  9.0226e-01  9.7743e-02  3.5763e-07  2.2459e-04
 18460  9.0226e-01  9.7745e-02  0.0000e+00  2.2340e-04
 18480  9.0225e-01  9.7747e-02  5.9605e-08  2.2221e-04
 18500  9.0225e-01  9.7753e-02  0.0000e+00  2.2101e-04
 18520  9.0224e-01  9.7755e-02  5.9605e-08  2.1982e-04
 18540  9.0224e-01  9.7759e-02  0.0000e+00  2.1863e-04
 18560  9.0224e-01  9.7763e-02  4.7684e-07  2.1744e-04
 18580  9.0223e-01  9.7766e-02  3.5763e-07  2.1625e-04
 18600  9.0223e-01  9.7769e-02  2.9802e-07  2.1505e-04
 18620  9.0223e-01  9.7774e-02  0.0000e+00  2.1386e-04
 18640  9.0222e-01  9.7776e-02  1.1921e-07  2.1267e-04
 18660  9.0222e-01  9.7778e-02  5.9605e-07  2.1148e-04
 18680  9.0222e-01  9.7781e-02  0.0000e+00  2.1029e-04
 18700  9.0222e-01  9.7784e-02  0.0000e+00  2.0909e-04
 18720  9.0221e-01  9.7789e-02  0.0000e+00  2.0790e-04
 18740  9.0221e-01  9.7792e-02  0.0000e+00  2.0671e-04
 18760  9.0221e-01  9.7794e-02  0.0000e+00  2.0552e-04
 18780  9.0220e-01  9.7797e-02  0.0000e+00  2.0432e-04
 18800  9.0220e-01  9.7799e-02  0.0000e+00  2.0313e-04
 18820  9.0220e-01  9.7802e-02  3.5763e-07  2.0194e-04
 18840  9.0220e-01  9.7804e-02  1.1921e-07  2.0075e-04
 18860  9.0219e-01  9.7806e-02  4.1723e-07  1.9956e-04
 18880  9.0219e-01  9.7808e-02  5.9605e-08  1.9836e-04
 18900  9.0219e-01  9.7811e-02  2.9802e-07  1.9717e-04
 18920  9.0219e-01  9.7812e-02  1.7881e-07  1.9479e-04
 18940  9.0219e-01  9.7814e-02  0.0000e+00  1.9240e-04
 18960  9.0218e-01  9.7815e-02  0.0000e+00  1.9002e-04
 18980  9.0218e-01  9.7818e-02  5.3644e-07  1.8764e-04
 19000  9.0218e-01  9.7821e-02  0.0000e+00  1.8525e-04
 19020  9.0218e-01  9.7822e-02  1.1921e-07  1.8287e-04
 19040  9.0218e-01  9.7824e-02  0.0000e+00  1.8048e-04
 19060  9.0217e-01  9.7826e-02  6.5565e-07  1.7810e-04
 19080  9.0217e-01  9.7828e-02  0.0000e+00  1.7571e-04
 19100  9.0217e-01  9.7831e-02  5.9605e-07  1.7333e-04
 19120  9.0217e-01  9.7832e-02  2.3842e-07  1.7095e-04
 19140  9.0217e-01  9.7834e-02  0.0000e+00  1.6856e-04
 19160  9.0216e-01  9.7836e-02  5.9605e-08  1.6618e-04
 19180  9.0216e-01  9.7838e-02  1.7881e-07  1.6379e-04
 19200  9.0216e-01  9.7839e-02  0.0000e+00  1.6141e-04
 19220  9.0216e-01  9.7840e-02  0.0000e+00  1.6022e-04
 19240  9.0216e-01  9.7843e-02  1.7881e-07  1.5903e-04
 19260  9.0216e-01  9.7845e-02  4.1723e-07  1.5783e-04
 19280  9.0215e-01  9.7845e-02  1.7881e-07  1.5664e-04
 19300  9.0215e-01  9.7847e-02  0.0000e+00  1.5545e-04
 19320  9.0215e-01  9.7848e-02  5.3644e-07  1.5426e-04
 19340  9.0215e-01  9.7850e-02  2.3842e-07  1.5306e-04
 19360  9.0215e-01  9.7852e-02  0.0000e+00  1.5187e-04
 19380  9.0214e-01  9.7855e-02  0.0000e+00  1.5068e-04
 19400  9.0214e-01  9.7857e-02  0.0000e+00  1.4949e-04
 19420  9.0214e-01  9.7859e-02  0.0000e+00  1.4830e-04
 19440  9.0214e-01  9.7861e-02  1.7881e-07  1.4710e-04
 19460  9.0214e-01  9.7863e-02  6.5565e-07  1.4591e-04
 19480  9.0214e-01  9.7864e-02  0.0000e+00  1.4472e-04
 19500  9.0214e-01  9.7865e-02  0.0000e+00  1.4353e-04
 19520  9.0213e-01  9.7866e-02  1.1921e-07  1.4234e-04
 19540  9.0213e-01  9.7869e-02  0.0000e+00  1.4114e-04
 19560  9.0213e-01  9.7871e-02  0.0000e+00  1.3995e-04
 19580  9.0213e-01  9.7873e-02  0.0000e+00  1.3876e-04
 19600  9.0213e-01  9.7874e-02  1.1921e-07  1.3757e-04
 19620  9.0212e-01  9.7875e-02  1.1921e-07  1.3638e-04
 19640  9.0212e-01  9.7877e-02  0.0000e+00  1.3518e-04
 19660  9.0212e-01  9.7879e-02  0.0000e+00  1.3399e-04
 19680  9.0212e-01  9.7881e-02  1.1921e-06  1.3280e-04
 19700  9.0212e-01  9.7883e-02  1.1921e-07  1.3161e-04
 19720  9.0211e-01  9.7885e-02  0.0000e+00  1.3041e-04
 19740  9.0211e-01  9.7886e-02  5.9605e-07  1.2922e-04
 19760  9.0211e-01  9.7889e-02  0.0000e+00  1.2803e-04
 19780  9.0211e-01  9.7889e-02  5.9605e-08  1.2684e-04
 19800  9.0211e-01  9.7892e-02  4.7684e-07  1.2565e-04
 19820  9.0211e-01  9.7894e-02  0.0000e+00  1.2445e-04
 19840  9.0210e-01  9.7897e-02  2.3842e-07  1.2326e-04
 19860  9.0210e-01  9.7900e-02  2.3842e-07  1.2207e-04
 19880  9.0210e-01  9.7902e-02  0.0000e+00  1.2088e-04
 19900  9.0210e-01  9.7903e-02  1.1921e-07  1.1969e-04
 19920  9.0209e-01  9.7906e-02  0.0000e+00  1.1969e-04
 19940  9.0209e-01  9.7907e-02  5.9605e-08  1.1969e-04
 19960  9.0209e-01  9.7908e-02  0.0000e+00  1.1969e-04
 19980  9.0209e-01  9.7910e-02  2.3842e-07  1.1969e-04
 20000  9.0209e-01  9.7911e-02  0.0000e+00  1.1969e-04
 20020  9.0209e-01  9.7914e-02  0.0000e+00  1.1969e-04
 20040  9.0208e-01  9.7915e-02  3.5763e-07  1.1969e-04
 20060  9.0208e-01  9.7916e-02  5.9605e-08  1.1969e-04
 20080  9.0208e-01  9.7917e-02  5.9605e-08  1.1867e-04
 20100  9.0208e-01  9.7920e-02  5.9605e-08  1.1849e-04
 20120  9.0208e-01  9.7923e-02  4.7684e-07  1.1849e-04
 20140  9.0208e-01  9.7924e-02  1.1921e-07  1.1849e-04
 20160  9.0207e-01  9.7926e-02  1.7881e-07  1.1849e-04
 20180  9.0207e-01  9.7927e-02  2.3842e-07  1.1826e-04
 20200  9.0207e-01  9.7930e-02  0.0000e+00  1.1814e-04
 20220  9.0207e-01  9.7932e-02  0.0000e+00  1.1814e-04
 20240  9.0207e-01  9.7933e-02  3.5763e-07  1.1814e-04
 20260  9.0206e-01  9.7935e-02  2.3842e-07  1.1814e-04
 20280  9.0206e-01  9.7937e-02  0.0000e+00  1.1814e-04
 20300  9.0206e-01  9.7938e-02  0.0000e+00  1.1814e-04
 20320  9.0206e-01  9.7939e-02  4.1723e-07  1.1814e-04
 20340  9.0206e-01  9.7941e-02  1.7881e-07  1.1814e-04
 20360  9.0206e-01  9.7941e-02  4.1723e-07  1.1814e-04
 20380  9.0206e-01  9.7943e-02  5.9605e-08  1.1700e-04
 20400  9.0206e-01  9.7943e-02  5.9605e-08  1.1581e-04
 20420  9.0205e-01  9.7946e-02  3.5763e-07  1.1462e-04
 20440  9.0205e-01  9.7949e-02  5.9605e-07  1.1343e-04
 20460  9.0205e-01  9.7950e-02  0.0000e+00  1.1224e-04
 20480  9.0205e-01  9.7951e-02  0.0000e+00  1.1104e-04
 20500  9.0205e-01  9.7954e-02  0.0000e+00  1.0985e-04
 20520  9.0204e-01  9.7956e-02  5.9605e-08  1.0890e-04
 20540  9.0204e-01  9.7958e-02  0.0000e+00  1.0788e-04
 20560  9.0204e-01  9.7960e-02  0.0000e+00  1.0693e-04
 20580  9.0204e-01  9.7961e-02  0.0000e+00  1.0574e-04
 20600  9.0204e-01  9.7963e-02  5.9605e-08  1.0455e-04
 20620  9.0204e-01  9.7964e-02  1.1921e-07  1.0389e-04
 20640  9.0203e-01  9.7966e-02  3.5763e-07  1.0270e-04
 20660  9.0203e-01  9.7968e-02  6.5565e-07  1.0175e-04
 20680  9.0203e-01  9.7969e-02  2.3842e-07  1.0109e-04
 20698  9.0203e-01  0.0000e+00  9.7971e-02  5.3644e-07  9.9957e-05
# Std.corr:  FIRST=   0.04032183   LAST=   0.09797109  TIME=  50347 s
