# imodfit> Score file
# Iter       Score cross.corr. Delta_Score D_Score_Avg
     0  9.2520e-01  7.4801e-02
    20  9.2511e-01  7.4891e-02  0.0000e+00  9.1834e-41
    40  9.2502e-01  7.4985e-02  1.2100e-05  9.1834e-41
    60  9.2491e-01  7.5090e-02  1.8597e-05  9.1834e-41
    80  9.2483e-01  7.5166e-02  4.2319e-06  9.1834e-41
   100  9.2468e-01  7.5320e-02  4.7684e-07  9.1834e-41
   120  9.2461e-01  7.5386e-02  0.0000e+00  9.1834e-41
   140  9.2452e-01  7.5483e-02  1.6153e-05  9.1834e-41
   160  9.2441e-01  7.5592e-02  0.0000e+00  9.1834e-41
   180  9.2432e-01  7.5682e-02  1.0967e-05  9.1834e-41
   200  9.0694e-01  9.3058e-02  0.0000e+00  9.1834e-41
   220  9.0683e-01  9.3169e-02  0.0000e+00  9.1834e-41
   240  9.0667e-01  9.3331e-02  0.0000e+00  9.1834e-41
   260  9.0659e-01  9.3405e-02  0.0000e+00  9.1834e-41
   280  9.0644e-01  9.3556e-02  6.9141e-06  9.1834e-41
   300  9.0635e-01  9.3652e-02  0.0000e+00  9.1834e-41
   320  9.0624e-01  9.3759e-02  5.9605e-07  9.1834e-41
   340  9.0614e-01  9.3859e-02  1.9550e-05  9.1834e-41
   360  9.0599e-01  9.4013e-02  1.3113e-05  9.1834e-41
   380  9.0586e-01  9.4139e-02  0.0000e+00  9.1834e-41
   400  8.9359e-01  1.0641e-01  9.6560e-06  9.1834e-41
   420  8.9351e-01  1.0649e-01  0.0000e+00  9.1834e-41
   440  8.9343e-01  1.0657e-01  0.0000e+00  9.1834e-41
   460  8.9336e-01  1.0664e-01  9.8944e-06  9.1834e-41
   480  8.9325e-01  1.0675e-01  0.0000e+00  9.1834e-41
   500  8.9315e-01  1.0685e-01  0.0000e+00  9.1834e-41
   520  8.9308e-01  1.0692e-01  0.0000e+00  9.1834e-41
   540  8.9301e-01  1.0699e-01  0.0000e+00  9.1834e-41
   560  8.9297e-01  1.0703e-01  7.7486e-07  9.1834e-41
   580  8.9288e-01  1.0712e-01  0.0000e+00  9.1834e-41
   600  8.9249e-01  1.0751e-01  1.7285e-06  9.1834e-41
   620  8.9244e-01  1.0756e-01  5.7220e-06  9.1834e-41
   640  8.9238e-01  1.0762e-01  2.9206e-06  9.1834e-41
   660  8.9235e-01  1.0765e-01  4.1723e-07  9.1834e-41
   680  8.9232e-01  1.0768e-01  6.7949e-06  9.1834e-41
   700  8.9227e-01  1.0773e-01  3.5167e-06  9.1834e-41
   720  8.9223e-01  1.0777e-01  5.9605e-08  9.1834e-41
   740  8.9218e-01  1.0782e-01  0.0000e+00  9.1834e-41
   760  8.9211e-01  1.0789e-01  0.0000e+00  9.1834e-41
   780  8.9207e-01  1.0793e-01  0.0000e+00  9.1834e-41
   800  8.9205e-01  1.0795e-01  0.0000e+00  9.1834e-41
   820  8.9202e-01  1.0798e-01  6.6757e-06  9.1834e-41
   840  8.9200e-01  1.0800e-01  0.0000e+00  9.1834e-41
   860  8.9198e-01  1.0802e-01  3.9935e-06  9.1834e-41
   880  8.9194e-01  1.0806e-01  0.0000e+00  9.1834e-41
   900  8.9192e-01  1.0808e-01  0.0000e+00  9.1834e-41
   920  8.9189e-01  1.0811e-01  5.0664e-06  9.1834e-41
   940  8.9188e-01  1.0812e-01  7.1526e-07  9.1834e-41
   960  8.9185e-01  1.0815e-01  1.2517e-06  9.1834e-41
   980  8.9182e-01  1.0818e-01  5.9605e-07  9.1834e-41
  1000  8.9180e-01  1.0820e-01  0.0000e+00  9.1834e-41
  1020  8.9179e-01  1.0821e-01  3.1590e-06  9.1834e-41
  1040  8.9176e-01  1.0824e-01  0.0000e+00  9.1834e-41
  1060  8.9173e-01  1.0827e-01  0.0000e+00  9.1834e-41
  1080  8.9172e-01  1.0828e-01  0.0000e+00  9.1834e-41
  1100  8.9169e-01  1.0831e-01  0.0000e+00  9.1834e-41
  1120  8.9167e-01  1.0833e-01  1.6093e-06  9.1834e-41
  1140  8.9165e-01  1.0835e-01  1.1921e-07  9.1834e-41
  1160  8.9164e-01  1.0836e-01  5.7817e-06  9.1834e-41
  1180  8.9162e-01  1.0838e-01  0.0000e+00  9.1834e-41
  1200  8.9161e-01  1.0839e-01  0.0000e+00  9.1834e-41
  1220  8.9159e-01  1.0841e-01  4.3511e-06  9.1834e-41
  1240  8.9157e-01  1.0843e-01  1.6093e-06  9.1834e-41
  1260  8.9155e-01  1.0845e-01  0.0000e+00  9.1834e-41
  1280  8.9153e-01  1.0847e-01  0.0000e+00  9.1834e-41
  1300  8.9151e-01  1.0849e-01  0.0000e+00  9.1834e-41
  1320  8.9150e-01  1.0850e-01  2.0266e-06  9.1834e-41
  1340  8.9149e-01  1.0851e-01  0.0000e+00  9.1834e-41
  1360  8.9147e-01  1.0853e-01  0.0000e+00  9.1834e-41
  1380  8.9146e-01  1.0854e-01  4.1723e-07  9.1834e-41
  1400  8.9144e-01  1.0856e-01  0.0000e+00  9.1834e-41
  1420  8.9144e-01  1.0856e-01  6.5565e-07  9.1834e-41
  1440  8.9143e-01  1.0857e-01  0.0000e+00  9.1834e-41
  1460  8.9141e-01  1.0859e-01  1.4305e-06  9.1834e-41
  1480  8.9140e-01  1.0860e-01  0.0000e+00  9.1834e-41
  1500  8.9138e-01  1.0862e-01  0.0000e+00  9.1834e-41
  1520  8.9137e-01  1.0863e-01  0.0000e+00  9.1834e-41
  1540  8.9135e-01  1.0865e-01  2.9802e-07  9.1834e-41
  1560  8.9134e-01  1.0866e-01  0.0000e+00  9.1834e-41
  1580  8.9134e-01  1.0866e-01  1.0729e-06  9.1834e-41
  1600  8.9133e-01  1.0867e-01  2.3842e-06  9.1834e-41
  1620  8.9132e-01  1.0868e-01  0.0000e+00  9.1834e-41
  1640  8.9131e-01  1.0869e-01  0.0000e+00  9.1834e-41
  1660  8.9129e-01  1.0871e-01  0.0000e+00  9.1834e-41
  1680  8.9128e-01  1.0872e-01  4.7684e-07  9.1834e-41
  1700  8.9127e-01  1.0873e-01  1.1921e-07  9.1834e-41
  1720  8.9126e-01  1.0874e-01  0.0000e+00  9.1834e-41
  1740  8.9126e-01  1.0874e-01  0.0000e+00  9.1834e-41
  1760  8.9125e-01  1.0875e-01  5.9605e-07  9.1834e-41
  1780  8.9124e-01  1.0876e-01  0.0000e+00  9.1834e-41
  1800  8.9123e-01  1.0877e-01  8.3447e-07  9.1834e-41
  1820  8.9123e-01  1.0877e-01  1.8477e-06  9.1834e-41
  1840  8.9122e-01  1.0878e-01  0.0000e+00  9.1834e-41
  1860  8.9121e-01  1.0879e-01  5.9605e-08  9.1834e-41
  1880  8.9120e-01  1.0880e-01  0.0000e+00  9.1834e-41
  1900  8.9120e-01  1.0880e-01  5.9605e-08  9.1834e-41
  1920  8.9119e-01  1.0881e-01  7.1526e-07  9.1834e-41
  1940  8.9118e-01  1.0882e-01  2.9802e-07  9.1834e-41
  1960  8.9117e-01  1.0883e-01  0.0000e+00  9.1834e-41
  1980  8.9116e-01  1.0884e-01  5.9605e-08  9.1834e-41
  2000  8.9115e-01  1.0885e-01  0.0000e+00  9.1834e-41
  2020  8.9115e-01  1.0885e-01  0.0000e+00  9.6162e-03
  2040  8.9114e-01  1.0886e-01  1.3113e-06  8.9630e-03
  2060  8.9113e-01  1.0887e-01  0.0000e+00  8.3106e-03
  2080  8.9112e-01  1.0888e-01  8.3447e-07  7.6596e-03
  2100  8.9112e-01  1.0888e-01  6.5565e-07  7.0103e-03
  2120  8.9111e-01  1.0889e-01  1.1325e-06  6.3625e-03
  2140  8.9111e-01  1.0889e-01  3.5763e-07  5.7151e-03
  2160  8.9111e-01  1.0889e-01  0.0000e+00  5.0694e-03
  2180  8.9110e-01  1.0890e-01  0.0000e+00  4.4255e-03
  2200  8.9109e-01  1.0891e-01  1.8477e-06  3.7838e-03
  2220  8.9109e-01  1.0891e-01  0.0000e+00  3.4882e-03
  2240  8.9109e-01  1.0891e-01  0.0000e+00  3.1945e-03
  2260  8.9108e-01  1.0892e-01  0.0000e+00  2.9024e-03
  2280  8.9108e-01  1.0892e-01  1.4305e-06  2.6126e-03
  2300  8.9107e-01  1.0893e-01  4.7684e-07  2.3239e-03
  2320  8.9107e-01  1.0893e-01  0.0000e+00  2.0360e-03
  2340  8.9106e-01  1.0894e-01  0.0000e+00  1.7502e-03
  2360  8.9106e-01  1.0894e-01  0.0000e+00  1.4668e-03
  2380  8.9105e-01  1.0895e-01  0.0000e+00  1.1860e-03
  2400  8.9104e-01  1.0896e-01  5.9605e-08  9.0683e-04
  2420  8.9104e-01  1.0896e-01  7.1526e-07  8.7297e-04
  2440  8.9103e-01  1.0897e-01  0.0000e+00  8.4066e-04
  2460  8.9103e-01  1.0897e-01  9.5367e-07  8.0925e-04
  2480  8.9103e-01  1.0897e-01  0.0000e+00  7.7850e-04
  2500  8.9102e-01  1.0898e-01  0.0000e+00  7.4953e-04
  2520  8.9102e-01  1.0898e-01  2.3842e-07  7.2157e-04
  2540  8.9102e-01  1.0898e-01  2.3842e-07  6.9511e-04
  2560  8.9102e-01  1.0898e-01  0.0000e+00  6.6870e-04
  2580  8.9101e-01  1.0899e-01  0.0000e+00  6.4307e-04
  2600  8.9101e-01  1.0899e-01  0.0000e+00  6.1882e-04
  2620  8.9100e-01  1.0900e-01  8.9407e-07  6.0213e-04
  2640  8.9100e-01  1.0900e-01  0.0000e+00  5.8639e-04
  2660  8.9099e-01  1.0901e-01  1.1921e-07  5.7089e-04
  2680  8.9099e-01  1.0901e-01  0.0000e+00  5.5557e-04
  2700  8.9099e-01  1.0901e-01  0.0000e+00  5.4127e-04
  2720  8.9098e-01  1.0902e-01  0.0000e+00  5.2726e-04
  2740  8.9098e-01  1.0902e-01  0.0000e+00  5.1433e-04
  2760  8.9097e-01  1.0903e-01  5.9605e-07  5.0271e-04
  2780  8.9097e-01  1.0903e-01  0.0000e+00  4.9198e-04
  2800  8.9097e-01  1.0903e-01  0.0000e+00  4.8083e-04
  2820  8.9096e-01  1.0904e-01  0.0000e+00  4.6962e-04
  2840  8.9096e-01  1.0904e-01  0.0000e+00  4.5890e-04
  2860  8.9095e-01  1.0905e-01  0.0000e+00  4.4817e-04
  2880  8.9095e-01  1.0905e-01  0.0000e+00  4.3756e-04
  2900  8.9095e-01  1.0905e-01  5.9605e-08  4.2802e-04
  2920  8.9094e-01  1.0906e-01  1.1921e-07  4.1848e-04
  2940  8.9094e-01  1.0906e-01  2.9802e-07  4.0895e-04
  2960  8.9094e-01  1.0906e-01  1.1921e-07  3.9971e-04
  2980  8.9094e-01  1.0906e-01  0.0000e+00  3.9136e-04
  3000  8.9093e-01  1.0907e-01  0.0000e+00  3.8302e-04
  3020  8.9093e-01  1.0907e-01  4.7684e-07  3.7467e-04
  3040  8.9092e-01  1.0908e-01  0.0000e+00  3.6693e-04
  3060  8.9092e-01  1.0908e-01  1.2517e-06  3.5977e-04
  3080  8.9092e-01  1.0908e-01  0.0000e+00  3.5232e-04
  3100  8.9091e-01  1.0909e-01  0.0000e+00  3.4463e-04
  3120  8.9091e-01  1.0909e-01  0.0000e+00  3.3683e-04
  3140  8.9091e-01  1.0909e-01  1.0133e-06  3.2967e-04
  3160  8.9090e-01  1.0910e-01  0.0000e+00  3.2252e-04
  3180  8.9090e-01  1.0910e-01  1.7881e-07  3.1537e-04
  3200  8.9090e-01  1.0910e-01  0.0000e+00  3.0822e-04
  3220  8.9090e-01  1.0910e-01  0.0000e+00  3.0178e-04
  3240  8.9089e-01  1.0911e-01  0.0000e+00  2.9582e-04
  3260  8.9089e-01  1.0911e-01  1.1921e-07  2.8986e-04
  3280  8.9088e-01  1.0912e-01  0.0000e+00  2.8390e-04
  3300  8.9088e-01  1.0912e-01  0.0000e+00  2.7871e-04
  3320  8.9088e-01  1.0912e-01  0.0000e+00  2.7394e-04
  3340  8.9087e-01  1.0913e-01  1.3709e-06  2.6917e-04
  3360  8.9087e-01  1.0913e-01  0.0000e+00  2.6441e-04
  3380  8.9087e-01  1.0913e-01  2.9802e-07  2.5964e-04
  3400  8.9086e-01  1.0914e-01  2.9802e-07  2.5487e-04
  3420  8.9086e-01  1.0914e-01  2.3842e-07  2.5010e-04
  3440  8.9086e-01  1.0914e-01  7.7486e-07  2.4533e-04
  3460  8.9085e-01  1.0915e-01  0.0000e+00  2.4086e-04
  3480  8.9085e-01  1.0915e-01  5.3644e-07  2.3729e-04
  3500  8.9085e-01  1.0915e-01  0.0000e+00  2.3371e-04
  3520  8.9085e-01  1.0915e-01  5.9605e-07  2.3013e-04
  3540  8.9084e-01  1.0916e-01  0.0000e+00  2.2656e-04
  3560  8.9084e-01  1.0916e-01  1.7881e-07  2.2328e-04
  3580  8.9084e-01  1.0916e-01  4.7684e-07  2.2089e-04
  3600  8.9083e-01  1.0917e-01  0.0000e+00  2.1851e-04
  3620  8.9083e-01  1.0917e-01  0.0000e+00  2.1613e-04
  3640  8.9083e-01  1.0917e-01  0.0000e+00  2.1374e-04
  3660  8.9082e-01  1.0918e-01  2.3842e-07  2.1136e-04
  3680  8.9082e-01  1.0918e-01  0.0000e+00  2.0897e-04
  3700  8.9082e-01  1.0918e-01  6.5565e-07  2.0659e-04
  3720  8.9082e-01  1.0918e-01  0.0000e+00  2.0421e-04
  3740  8.9082e-01  1.0918e-01  7.7486e-07  2.0182e-04
  3760  8.9081e-01  1.0919e-01  0.0000e+00  1.9944e-04
  3780  8.9081e-01  1.0919e-01  5.9605e-07  1.9705e-04
  3800  8.9081e-01  1.0919e-01  0.0000e+00  1.9509e-04
  3820  8.9081e-01  1.0919e-01  1.6093e-06  1.9389e-04
  3840  8.9080e-01  1.0920e-01  0.0000e+00  1.9270e-04
  3860  8.9080e-01  1.0920e-01  4.7684e-07  1.9151e-04
  3880  8.9080e-01  1.0920e-01  0.0000e+00  1.9032e-04
  3900  8.9079e-01  1.0921e-01  0.0000e+00  1.8913e-04
  3920  8.9079e-01  1.0921e-01  0.0000e+00  1.8793e-04
  3940  8.9079e-01  1.0921e-01  1.7881e-07  1.8674e-04
  3960  8.9079e-01  1.0921e-01  4.1723e-07  1.8555e-04
  3980  8.9078e-01  1.0922e-01  5.3644e-07  1.8436e-04
  4000  8.9078e-01  1.0922e-01  5.9605e-08  1.8317e-04
  4020  8.9078e-01  1.0922e-01  4.7684e-07  1.8197e-04
  4040  8.9078e-01  1.0922e-01  0.0000e+00  1.8018e-04
  4060  8.9077e-01  1.0923e-01  0.0000e+00  1.7780e-04
  4080  8.9077e-01  1.0923e-01  0.0000e+00  1.7571e-04
  4100  8.9077e-01  1.0923e-01  5.9605e-07  1.7387e-04
  4120  8.9076e-01  1.0924e-01  1.7881e-07  1.7262e-04
  4140  8.9076e-01  1.0924e-01  5.3644e-07  1.7142e-04
  4160  8.9076e-01  1.0924e-01  0.0000e+00  1.7023e-04
  4180  8.9076e-01  1.0924e-01  3.5763e-07  1.6904e-04
  4200  8.9075e-01  1.0925e-01  1.1921e-07  1.6785e-04
  4220  8.9075e-01  1.0925e-01  5.3644e-07  1.6665e-04
  4240  8.9075e-01  1.0925e-01  2.3842e-07  1.6546e-04
  4260  8.9075e-01  1.0925e-01  0.0000e+00  1.6427e-04
  4280  8.9074e-01  1.0926e-01  1.7881e-07  1.6308e-04
  4300  8.9074e-01  1.0926e-01  1.1921e-07  1.6189e-04
  4320  8.9074e-01  1.0926e-01  1.7881e-07  1.6069e-04
  4340  8.9074e-01  1.0926e-01  0.0000e+00  1.5950e-04
  4360  8.9074e-01  1.0926e-01  5.9605e-08  1.5831e-04
  4380  8.9074e-01  1.0926e-01  0.0000e+00  1.5712e-04
  4400  8.9074e-01  1.0926e-01  1.7881e-07  1.5593e-04
  4420  8.9073e-01  1.0927e-01  0.0000e+00  1.5473e-04
  4440  8.9073e-01  1.0927e-01  4.1723e-07  1.5354e-04
  4460  8.9073e-01  1.0927e-01  1.1921e-07  1.5235e-04
  4480  8.9073e-01  1.0927e-01  0.0000e+00  1.5116e-04
  4500  8.9073e-01  1.0927e-01  5.3644e-07  1.4997e-04
  4520  8.9072e-01  1.0928e-01  0.0000e+00  1.4877e-04
  4540  8.9072e-01  1.0928e-01  0.0000e+00  1.4758e-04
  4560  8.9072e-01  1.0928e-01  4.1723e-07  1.4639e-04
  4580  8.9072e-01  1.0928e-01  5.9605e-08  1.4520e-04
  4600  8.9071e-01  1.0929e-01  1.7881e-07  1.4400e-04
  4620  8.9071e-01  1.0929e-01  0.0000e+00  1.4281e-04
  4640  8.9071e-01  1.0929e-01  0.0000e+00  1.4162e-04
  4660  8.9071e-01  1.0929e-01  0.0000e+00  1.4043e-04
  4680  8.9071e-01  1.0929e-01  0.0000e+00  1.3924e-04
  4700  8.9070e-01  1.0930e-01  5.9605e-08  1.3804e-04
  4720  8.9070e-01  1.0930e-01  4.1723e-07  1.3685e-04
  4740  8.9070e-01  1.0930e-01  5.9605e-08  1.3566e-04
  4760  8.9070e-01  1.0930e-01  0.0000e+00  1.3447e-04
  4780  8.9069e-01  1.0931e-01  1.1921e-07  1.3328e-04
  4800  8.9069e-01  1.0931e-01  2.9802e-07  1.3208e-04
  4820  8.9069e-01  1.0931e-01  0.0000e+00  1.3089e-04
  4840  8.9069e-01  1.0931e-01  4.7684e-07  1.2970e-04
  4860  8.9069e-01  1.0931e-01  0.0000e+00  1.2851e-04
  4880  8.9068e-01  1.0932e-01  0.0000e+00  1.2732e-04
  4900  8.9068e-01  1.0932e-01  1.1325e-06  1.2612e-04
  4920  8.9068e-01  1.0932e-01  2.3842e-07  1.2493e-04
  4940  8.9068e-01  1.0932e-01  5.3644e-07  1.2374e-04
  4960  8.9068e-01  1.0932e-01  7.1526e-07  1.2255e-04
  4980  8.9067e-01  1.0933e-01  0.0000e+00  1.2136e-04
  5000  8.9067e-01  1.0933e-01  0.0000e+00  1.2016e-04
  5020  8.9067e-01  1.0933e-01  0.0000e+00  1.1897e-04
  5040  8.9067e-01  1.0933e-01  0.0000e+00  1.1837e-04
  5060  8.9067e-01  1.0933e-01  1.1921e-07  1.1837e-04
  5080  8.9067e-01  1.0933e-01  0.0000e+00  1.1837e-04
  5100  8.9067e-01  1.0933e-01  2.3842e-07  1.1837e-04
  5120  8.9066e-01  1.0934e-01  4.1723e-07  1.1837e-04
  5140  8.9066e-01  1.0934e-01  2.3842e-07  1.1837e-04
  5160  8.9066e-01  1.0934e-01  1.7881e-07  1.1837e-04
  5180  8.9066e-01  1.0934e-01  3.5763e-07  1.1837e-04
  5200  8.9065e-01  1.0935e-01  1.1921e-07  1.1837e-04
  5220  8.9065e-01  1.0935e-01  2.9802e-07  1.1837e-04
  5240  8.9065e-01  1.0935e-01  2.3842e-07  1.1837e-04
  5260  8.9065e-01  1.0935e-01  2.9802e-07  1.1837e-04
  5280  8.9064e-01  1.0936e-01  0.0000e+00  1.1837e-04
  5300  8.9064e-01  1.0936e-01  0.0000e+00  1.1837e-04
  5320  8.9064e-01  1.0936e-01  0.0000e+00  1.1837e-04
  5340  8.9064e-01  1.0936e-01  0.0000e+00  1.1837e-04
  5360  8.9063e-01  1.0937e-01  1.7881e-07  1.1837e-04
  5380  8.9063e-01  1.0937e-01  0.0000e+00  1.1837e-04
  5400  8.9063e-01  1.0937e-01  0.0000e+00  1.1837e-04
  5420  8.9063e-01  1.0937e-01  1.1921e-07  1.1837e-04
  5440  8.9062e-01  1.0938e-01  0.0000e+00  1.1837e-04
  5460  8.9062e-01  1.0938e-01  1.7881e-07  1.1837e-04
  5480  8.9062e-01  1.0938e-01  0.0000e+00  1.1837e-04
  5500  8.9062e-01  1.0938e-01  0.0000e+00  1.1837e-04
  5520  8.9061e-01  1.0939e-01  7.1526e-07  1.1837e-04
  5540  8.9061e-01  1.0939e-01  8.3447e-07  1.1837e-04
  5560  8.9061e-01  1.0939e-01  0.0000e+00  1.1837e-04
  5580  8.9061e-01  1.0939e-01  1.7881e-07  1.1837e-04
  5600  8.9061e-01  1.0939e-01  0.0000e+00  1.1837e-04
  5620  8.9060e-01  1.0940e-01  0.0000e+00  1.1837e-04
  5640  8.9060e-01  1.0940e-01  5.9605e-08  1.1837e-04
  5660  8.9060e-01  1.0940e-01  1.7881e-07  1.1837e-04
  5680  8.9060e-01  1.0940e-01  5.9605e-08  1.1837e-04
  5700  8.9060e-01  1.0940e-01  0.0000e+00  1.1837e-04
  5720  8.9059e-01  1.0941e-01  2.9802e-07  1.1837e-04
  5740  8.9059e-01  1.0941e-01  5.9605e-08  1.1837e-04
  5760  8.9059e-01  1.0941e-01  0.0000e+00  1.1837e-04
  5780  8.9059e-01  1.0941e-01  6.5565e-07  1.1837e-04
  5800  8.9055e-01  1.0945e-01  0.0000e+00  1.1837e-04
  5820  8.9054e-01  1.0946e-01  5.9605e-07  1.1837e-04
  5840  8.9054e-01  1.0946e-01  1.1921e-07  1.1861e-04
  5860  8.9054e-01  1.0946e-01  0.0000e+00  1.1915e-04
  5880  8.9053e-01  1.0947e-01  1.7881e-07  1.2016e-04
  5900  8.9053e-01  1.0947e-01  0.0000e+00  1.2136e-04
  5920  8.9053e-01  1.0947e-01  0.0000e+00  1.2255e-04
  5940  8.9053e-01  1.0947e-01  1.1921e-07  1.2374e-04
  5960  8.9053e-01  1.0947e-01  0.0000e+00  1.2493e-04
  5980  8.9052e-01  1.0948e-01  0.0000e+00  1.2612e-04
  6000  8.9045e-01  1.0955e-01  0.0000e+00  1.2696e-04
  6020  8.9045e-01  1.0955e-01  0.0000e+00  1.2934e-04
  6040  8.9044e-01  1.0956e-01  2.3842e-07  1.3173e-04
  6060  8.9044e-01  1.0956e-01  1.1921e-07  1.3411e-04
  6080  8.9044e-01  1.0956e-01  4.1723e-07  1.3649e-04
  6100  8.9044e-01  1.0956e-01  1.1325e-06  1.3888e-04
  6120  8.9043e-01  1.0957e-01  0.0000e+00  1.4126e-04
  6140  8.9043e-01  1.0957e-01  0.0000e+00  1.4365e-04
  6160  8.9043e-01  1.0957e-01  6.5565e-07  1.4603e-04
  6180  8.9043e-01  1.0957e-01  0.0000e+00  1.4842e-04
  6200  8.9042e-01  1.0958e-01  5.9605e-08  1.5080e-04
  6220  8.9042e-01  1.0958e-01  4.1723e-07  1.5318e-04
  6240  8.9042e-01  1.0958e-01  0.0000e+00  1.5557e-04
  6260  8.9042e-01  1.0958e-01  0.0000e+00  1.5795e-04
  6280  8.9041e-01  1.0959e-01  2.9802e-07  1.6034e-04
  6300  8.9041e-01  1.0959e-01  0.0000e+00  1.6272e-04
  6320  8.9041e-01  1.0959e-01  0.0000e+00  1.6510e-04
  6340  8.9041e-01  1.0959e-01  0.0000e+00  1.6749e-04
  6360  8.9040e-01  1.0960e-01  0.0000e+00  1.6987e-04
  6380  8.9040e-01  1.0960e-01  0.0000e+00  1.7226e-04
  6400  8.9040e-01  1.0960e-01  0.0000e+00  1.7464e-04
  6420  8.9040e-01  1.0960e-01  0.0000e+00  1.7703e-04
  6440  8.9040e-01  1.0960e-01  0.0000e+00  1.7941e-04
  6460  8.9039e-01  1.0961e-01  0.0000e+00  1.8179e-04
  6480  8.9039e-01  1.0961e-01  1.7881e-07  1.8418e-04
  6500  8.9039e-01  1.0961e-01  0.0000e+00  1.8656e-04
  6520  8.9039e-01  1.0961e-01  0.0000e+00  1.8895e-04
  6540  8.9039e-01  1.0961e-01  0.0000e+00  1.9133e-04
  6560  8.9039e-01  1.0961e-01  2.3842e-07  1.9372e-04
  6580  8.9039e-01  1.0961e-01  0.0000e+00  1.9610e-04
  6600  8.9038e-01  1.0962e-01  5.9605e-08  1.9848e-04
  6620  8.9038e-01  1.0962e-01  0.0000e+00  2.0087e-04
  6640  8.9038e-01  1.0962e-01  2.9802e-07  2.0325e-04
  6660  8.9038e-01  1.0962e-01  5.9605e-07  2.0564e-04
  6680  8.9037e-01  1.0963e-01  6.5565e-07  2.0802e-04
  6700  8.9037e-01  1.0963e-01  4.1723e-07  2.1040e-04
  6720  8.9037e-01  1.0963e-01  0.0000e+00  2.1279e-04
  6740  8.9037e-01  1.0963e-01  1.1921e-07  2.1517e-04
  6760  8.9037e-01  1.0963e-01  1.7881e-07  2.1756e-04
  6780  8.9036e-01  1.0964e-01  2.9802e-07  2.1994e-04
  6800  8.9036e-01  1.0964e-01  1.1921e-07  2.2233e-04
  6820  8.9036e-01  1.0964e-01  4.7684e-07  2.2352e-04
  6840  8.9036e-01  1.0964e-01  0.0000e+00  2.2447e-04
  6860  8.9036e-01  1.0964e-01  0.0000e+00  2.2513e-04
  6880  8.9035e-01  1.0965e-01  5.9605e-08  2.2531e-04
  6900  8.9035e-01  1.0965e-01  0.0000e+00  2.2531e-04
  6920  8.9035e-01  1.0965e-01  1.1921e-07  2.2531e-04
  6940  8.9035e-01  1.0965e-01  2.3842e-07  2.2531e-04
  6960  8.9035e-01  1.0965e-01  5.9605e-07  2.2531e-04
  6980  8.9034e-01  1.0966e-01  4.1723e-07  2.2531e-04
  7000  8.9034e-01  1.0966e-01  0.0000e+00  2.2566e-04
  7020  8.9034e-01  1.0966e-01  0.0000e+00  2.2328e-04
  7040  8.9034e-01  1.0966e-01  1.7881e-07  2.2089e-04
  7060  8.9034e-01  1.0966e-01  4.1723e-07  2.1851e-04
  7080  8.9034e-01  1.0966e-01  1.1921e-07  2.1613e-04
  7100  8.9034e-01  1.0966e-01  0.0000e+00  2.1374e-04
  7120  8.9034e-01  1.0966e-01  3.5763e-07  2.1136e-04
  7140  8.9033e-01  1.0967e-01  5.3644e-07  2.0897e-04
  7160  8.9033e-01  1.0967e-01  5.9605e-08  2.0659e-04
  7180  8.9033e-01  1.0967e-01  0.0000e+00  2.0421e-04
  7200  8.9033e-01  1.0967e-01  1.1921e-07  2.0182e-04
  7220  8.9033e-01  1.0967e-01  1.1921e-07  1.9944e-04
  7240  8.9033e-01  1.0967e-01  0.0000e+00  1.9705e-04
  7260  8.9032e-01  1.0968e-01  4.1723e-07  1.9467e-04
  7280  8.9032e-01  1.0968e-01  2.9802e-07  1.9228e-04
  7300  8.9032e-01  1.0968e-01  2.9802e-07  1.8990e-04
  7320  8.9032e-01  1.0968e-01  2.9802e-07  1.8752e-04
  7340  8.9032e-01  1.0968e-01  0.0000e+00  1.8460e-04
  7360  8.9032e-01  1.0968e-01  0.0000e+00  1.8102e-04
  7380  8.9032e-01  1.0968e-01  0.0000e+00  1.7744e-04
  7400  8.9032e-01  1.0968e-01  1.1921e-07  1.7387e-04
  7420  8.9031e-01  1.0969e-01  1.7881e-07  1.7029e-04
  7440  8.9031e-01  1.0969e-01  5.9605e-08  1.6671e-04
  7460  8.9031e-01  1.0969e-01  5.9605e-08  1.6314e-04
  7480  8.9031e-01  1.0969e-01  1.7881e-07  1.5956e-04
  7500  8.9031e-01  1.0969e-01  0.0000e+00  1.5599e-04
  7520  8.9031e-01  1.0969e-01  5.9605e-08  1.5241e-04
  7540  8.9031e-01  1.0969e-01  1.1921e-07  1.4883e-04
  7560  8.9030e-01  1.0970e-01  1.1921e-07  1.4526e-04
  7580  8.9030e-01  1.0970e-01  1.1921e-07  1.4168e-04
  7600  8.9030e-01  1.0970e-01  1.1921e-07  1.3810e-04
  7620  8.9030e-01  1.0970e-01  0.0000e+00  1.3453e-04
  7640  8.9030e-01  1.0970e-01  0.0000e+00  1.3095e-04
  7660  8.9029e-01  1.0971e-01  0.0000e+00  1.2738e-04
  7680  8.9029e-01  1.0971e-01  0.0000e+00  1.2380e-04
  7700  8.9029e-01  1.0971e-01  3.5763e-07  1.2022e-04
  7720  8.9029e-01  1.0971e-01  0.0000e+00  1.1665e-04
  7740  8.9029e-01  1.0971e-01  0.0000e+00  1.1307e-04
  7760  8.9029e-01  1.0971e-01  4.1723e-07  1.0949e-04
  7780  8.9029e-01  1.0971e-01  2.9802e-07  1.0592e-04
  7800  8.9028e-01  1.0972e-01  0.0000e+00  1.0234e-04
  7819  8.9028e-01  0.0000e+00  1.0972e-01  0.0000e+00  9.9957e-05
# Std.corr:  FIRST=   0.07480115   LAST=   0.10971884  TIME=  14697 s
