# imodfit> Score file
# Iter       Score cross.corr. Delta_Score D_Score_Avg
     0  9.3164e-01  6.8359e-02
    20  9.3161e-01  6.8389e-02  3.6955e-06  4.5563e-41
    40  9.3158e-01  6.8422e-02  0.0000e+00  4.5563e-41
    60  9.3156e-01  6.8442e-02  0.0000e+00  4.5563e-41
    80  9.3150e-01  6.8500e-02  2.6822e-06  4.5563e-41
   100  9.3147e-01  6.8526e-02  4.1127e-06  4.5563e-41
   120  9.3145e-01  6.8551e-02  0.0000e+00  4.5563e-41
   140  9.3143e-01  6.8574e-02  0.0000e+00  4.5563e-41
   160  9.3138e-01  6.8619e-02  0.0000e+00  4.5563e-41
   180  9.3135e-01  6.8653e-02  4.1723e-06  4.5563e-41
   200  9.1209e-01  8.7913e-02  0.0000e+00  4.5563e-41
   220  9.1197e-01  8.8029e-02  0.0000e+00  4.5563e-41
   240  9.1189e-01  8.8109e-02  0.0000e+00  4.5563e-41
   260  9.1184e-01  8.8156e-02  0.0000e+00  4.5563e-41
   280  9.1179e-01  8.8212e-02  0.0000e+00  4.5563e-41
   300  9.1173e-01  8.8270e-02  0.0000e+00  4.5563e-41
   320  9.1164e-01  8.8359e-02  9.6560e-06  4.5563e-41
   340  9.1156e-01  8.8441e-02  2.2650e-06  4.5563e-41
   360  9.1146e-01  8.8537e-02  1.2517e-05  4.5563e-41
   380  9.1140e-01  8.8596e-02  0.0000e+00  4.5563e-41
   400  8.9757e-01  1.0243e-01  0.0000e+00  4.5563e-41
   420  8.9742e-01  1.0258e-01  0.0000e+00  4.5563e-41
   440  8.9734e-01  1.0266e-01  0.0000e+00  4.5563e-41
   460  8.9725e-01  1.0275e-01  1.8418e-05  4.5563e-41
   480  8.9716e-01  1.0284e-01  6.4373e-06  4.5563e-41
   500  8.9707e-01  1.0293e-01  0.0000e+00  4.5563e-41
   520  8.9701e-01  1.0299e-01  1.1384e-05  4.5563e-41
   540  8.9692e-01  1.0308e-01  5.9605e-07  4.5563e-41
   560  8.9680e-01  1.0320e-01  0.0000e+00  4.5563e-41
   580  8.9674e-01  1.0326e-01  0.0000e+00  4.5563e-41
   600  8.9638e-01  1.0362e-01  0.0000e+00  4.5563e-41
   620  8.9630e-01  1.0370e-01  1.5199e-05  4.5563e-41
   640  8.9619e-01  1.0381e-01  0.0000e+00  4.5563e-41
   660  8.9611e-01  1.0389e-01  0.0000e+00  4.5563e-41
   680  8.9604e-01  1.0396e-01  0.0000e+00  4.5563e-41
   700  8.9597e-01  1.0403e-01  0.0000e+00  4.5563e-41
   720  8.9595e-01  1.0405e-01  0.0000e+00  4.5563e-41
   740  8.9589e-01  1.0411e-01  0.0000e+00  4.5563e-41
   760  8.9583e-01  1.0417e-01  1.4722e-05  4.5563e-41
   780  8.9574e-01  1.0426e-01  5.5432e-06  4.5563e-41
   800  8.9550e-01  1.0450e-01  2.8610e-06  4.5563e-41
   820  8.9543e-01  1.0457e-01  9.4175e-06  4.5563e-41
   840  8.9535e-01  1.0465e-01  0.0000e+00  4.5563e-41
   860  8.9530e-01  1.0470e-01  6.1393e-06  4.5563e-41
   880  8.9526e-01  1.0474e-01  0.0000e+00  4.5563e-41
   900  8.9519e-01  1.0481e-01  0.0000e+00  4.5563e-41
   920  8.9515e-01  1.0485e-01  9.2983e-06  4.5563e-41
   940  8.9509e-01  1.0491e-01  5.6624e-06  4.5563e-41
   960  8.9503e-01  1.0497e-01  6.8545e-06  4.5563e-41
   980  8.9500e-01  1.0500e-01  4.6492e-06  4.5563e-41
  1000  8.9482e-01  1.0518e-01  1.3709e-06  4.5563e-41
  1020  8.9478e-01  1.0522e-01  3.8147e-06  4.5563e-41
  1040  8.9473e-01  1.0527e-01  0.0000e+00  4.5563e-41
  1060  8.9470e-01  1.0530e-01  1.3709e-06  4.5563e-41
  1080  8.9467e-01  1.0533e-01  0.0000e+00  4.5563e-41
  1100  8.9465e-01  1.0535e-01  7.2122e-06  4.5563e-41
  1120  8.9461e-01  1.0539e-01  1.3113e-06  4.5563e-41
  1140  8.9460e-01  1.0540e-01  3.2783e-06  4.5563e-41
  1160  8.9456e-01  1.0544e-01  0.0000e+00  4.5563e-41
  1180  8.9451e-01  1.0549e-01  3.0994e-06  4.5563e-41
  1200  8.9442e-01  1.0558e-01  0.0000e+00  4.5563e-41
  1220  8.9439e-01  1.0561e-01  0.0000e+00  4.5563e-41
  1240  8.9433e-01  1.0567e-01  0.0000e+00  4.5563e-41
  1260  8.9427e-01  1.0573e-01  0.0000e+00  4.5563e-41
  1280  8.9425e-01  1.0575e-01  8.1658e-06  4.5563e-41
  1300  8.9422e-01  1.0578e-01  1.1325e-06  4.5563e-41
  1320  8.9418e-01  1.0582e-01  1.7881e-06  4.5563e-41
  1340  8.9412e-01  1.0588e-01  0.0000e+00  4.5563e-41
  1360  8.9408e-01  1.0592e-01  5.1260e-06  4.5563e-41
  1380  8.9404e-01  1.0596e-01  3.8743e-06  4.5563e-41
  1400  8.9401e-01  1.0599e-01  3.0398e-06  4.5563e-41
  1420  8.9398e-01  1.0602e-01  0.0000e+00  4.5563e-41
  1440  8.9396e-01  1.0604e-01  5.3644e-07  4.5563e-41
  1460  8.9394e-01  1.0606e-01  1.4305e-06  4.5563e-41
  1480  8.9392e-01  1.0608e-01  1.7881e-06  4.5563e-41
  1500  8.9389e-01  1.0611e-01  2.1458e-06  4.5563e-41
  1520  8.9387e-01  1.0613e-01  2.5630e-06  4.5563e-41
  1540  8.9384e-01  1.0616e-01  2.0862e-06  4.5563e-41
  1560  8.9383e-01  1.0617e-01  3.0994e-06  4.5563e-41
  1580  8.9380e-01  1.0620e-01  0.0000e+00  4.5563e-41
  1600  8.9378e-01  1.0622e-01  0.0000e+00  4.5563e-41
  1620  8.9376e-01  1.0624e-01  5.8413e-06  4.5563e-41
  1640  8.9375e-01  1.0625e-01  5.3644e-07  4.5563e-41
  1660  8.9373e-01  1.0627e-01  0.0000e+00  4.5563e-41
  1680  8.9371e-01  1.0629e-01  0.0000e+00  4.5563e-41
  1700  8.9370e-01  1.0630e-01  0.0000e+00  4.5563e-41
  1720  8.9368e-01  1.0632e-01  9.5367e-07  4.5563e-41
  1740  8.9366e-01  1.0634e-01  0.0000e+00  4.5563e-41
  1760  8.9364e-01  1.0636e-01  2.0266e-06  4.5563e-41
  1780  8.9362e-01  1.0638e-01  1.7285e-06  4.5563e-41
  1800  8.9361e-01  1.0639e-01  0.0000e+00  4.5563e-41
  1820  8.9360e-01  1.0640e-01  2.8014e-06  4.5563e-41
  1840  8.9358e-01  1.0642e-01  2.9802e-07  4.5563e-41
  1860  8.9357e-01  1.0643e-01  4.1723e-07  4.5563e-41
  1880  8.9355e-01  1.0645e-01  1.3709e-06  4.5563e-41
  1900  8.9354e-01  1.0646e-01  0.0000e+00  4.5563e-41
  1920  8.9352e-01  1.0648e-01  0.0000e+00  4.5563e-41
  1940  8.9350e-01  1.0650e-01  0.0000e+00  4.5563e-41
  1960  8.9349e-01  1.0651e-01  1.4901e-06  4.5563e-41
  1980  8.9348e-01  1.0652e-01  4.1723e-07  4.5563e-41
  2000  8.9347e-01  1.0653e-01  0.0000e+00  4.5563e-41
  2020  8.9346e-01  1.0654e-01  1.2517e-06  1.1592e-02
  2040  8.9345e-01  1.0655e-01  2.9802e-07  1.0881e-02
  2060  8.9343e-01  1.0657e-01  1.0729e-06  1.0170e-02
  2080  8.9342e-01  1.0658e-01  0.0000e+00  9.4587e-03
  2100  8.9342e-01  1.0658e-01  7.1526e-07  8.7470e-03
  2120  8.9341e-01  1.0659e-01  4.7684e-07  8.0347e-03
  2140  8.9341e-01  1.0659e-01  0.0000e+00  7.3218e-03
  2160  8.9339e-01  1.0661e-01  1.0133e-06  6.6090e-03
  2180  8.9338e-01  1.0662e-01  6.5565e-07  5.8950e-03
  2200  8.9337e-01  1.0663e-01  2.3842e-07  5.1810e-03
  2220  8.9336e-01  1.0664e-01  0.0000e+00  4.8485e-03
  2240  8.9336e-01  1.0664e-01  0.0000e+00  4.5167e-03
  2260  8.9335e-01  1.0665e-01  1.8477e-06  4.1841e-03
  2280  8.9334e-01  1.0666e-01  0.0000e+00  3.8515e-03
  2300  8.9333e-01  1.0667e-01  1.3113e-06  3.5189e-03
  2320  8.9332e-01  1.0668e-01  0.0000e+00  3.1871e-03
  2340  8.9331e-01  1.0669e-01  3.5763e-07  2.8545e-03
  2360  8.9331e-01  1.0669e-01  0.0000e+00  2.5221e-03
  2380  8.9330e-01  1.0670e-01  5.9605e-08  2.1899e-03
  2400  8.9319e-01  1.0681e-01  0.0000e+00  1.8573e-03
  2420  8.9318e-01  1.0682e-01  0.0000e+00  1.8036e-03
  2440  8.9317e-01  1.0683e-01  0.0000e+00  1.7507e-03
  2460  8.9316e-01  1.0684e-01  0.0000e+00  1.6990e-03
  2480  8.9315e-01  1.0685e-01  3.5763e-07  1.6491e-03
  2500  8.9314e-01  1.0686e-01  1.7881e-07  1.6002e-03
  2520  8.9312e-01  1.0688e-01  0.0000e+00  1.5522e-03
  2540  8.9312e-01  1.0688e-01  7.1526e-07  1.5042e-03
  2560  8.9311e-01  1.0689e-01  4.7684e-07  1.4582e-03
  2580  8.9310e-01  1.0690e-01  1.1921e-07  1.4132e-03
  2600  8.9309e-01  1.0691e-01  0.0000e+00  1.3691e-03
  2620  8.9308e-01  1.0692e-01  0.0000e+00  1.3310e-03
  2640  8.9307e-01  1.0693e-01  0.0000e+00  1.2944e-03
  2660  8.9306e-01  1.0694e-01  2.6822e-06  1.2593e-03
  2680  8.9306e-01  1.0694e-01  0.0000e+00  1.2254e-03
  2700  8.9304e-01  1.0696e-01  0.0000e+00  1.1926e-03
  2720  8.9304e-01  1.0696e-01  0.0000e+00  1.1604e-03
  2740  8.9303e-01  1.0697e-01  1.8477e-06  1.1286e-03
  2760  8.9302e-01  1.0698e-01  0.0000e+00  1.0970e-03
  2780  8.9302e-01  1.0698e-01  2.0266e-06  1.0656e-03
  2800  8.9301e-01  1.0699e-01  1.3113e-06  1.0355e-03
  2820  8.9300e-01  1.0700e-01  0.0000e+00  1.0104e-03
  2840  8.9299e-01  1.0701e-01  2.9802e-07  9.8622e-04
  2860  8.9299e-01  1.0701e-01  1.1325e-06  9.6309e-04
  2880  8.9298e-01  1.0702e-01  0.0000e+00  9.4044e-04
  2900  8.9297e-01  1.0703e-01  1.0133e-06  9.1827e-04
  2920  8.9297e-01  1.0703e-01  0.0000e+00  8.9598e-04
  2940  8.9296e-01  1.0704e-01  0.0000e+00  8.7452e-04
  2960  8.9295e-01  1.0705e-01  5.9605e-08  8.5419e-04
  2980  8.9295e-01  1.0705e-01  0.0000e+00  8.3417e-04
  3000  8.9294e-01  1.0706e-01  0.0000e+00  8.1509e-04
  3020  8.9293e-01  1.0707e-01  0.0000e+00  7.9894e-04
  3040  8.9292e-01  1.0708e-01  0.0000e+00  7.8344e-04
  3060  8.9291e-01  1.0709e-01  1.4901e-06  7.6830e-04
  3080  8.9290e-01  1.0710e-01  4.7684e-07  7.5400e-04
  3100  8.9289e-01  1.0711e-01  0.0000e+00  7.3969e-04
  3120  8.9288e-01  1.0712e-01  7.1526e-07  7.2598e-04
  3140  8.9288e-01  1.0712e-01  2.3246e-06  7.1287e-04
  3160  8.9287e-01  1.0713e-01  4.7684e-07  6.9976e-04
  3180  8.9286e-01  1.0714e-01  0.0000e+00  6.8778e-04
  3200  8.9286e-01  1.0714e-01  1.1325e-06  6.7586e-04
  3220  8.9285e-01  1.0715e-01  1.0729e-06  6.6620e-04
  3240  8.9284e-01  1.0716e-01  0.0000e+00  6.5714e-04
  3260  8.9283e-01  1.0717e-01  5.9605e-07  6.4880e-04
  3280  8.9283e-01  1.0717e-01  0.0000e+00  6.4123e-04
  3300  8.9282e-01  1.0718e-01  1.0729e-06  6.3396e-04
  3320  8.9282e-01  1.0718e-01  1.7881e-06  6.2692e-04
  3340  8.9281e-01  1.0719e-01  4.7684e-07  6.1989e-04
  3360  8.9280e-01  1.0720e-01  4.1723e-07  6.1369e-04
  3380  8.9279e-01  1.0721e-01  4.7684e-07  6.0898e-04
  3400  8.9278e-01  1.0722e-01  5.9605e-07  6.0540e-04
  3420  8.9277e-01  1.0723e-01  4.1723e-07  5.9730e-04
  3440  8.9277e-01  1.0723e-01  6.5565e-07  5.9015e-04
  3460  8.9276e-01  1.0724e-01  0.0000e+00  5.8299e-04
  3480  8.9275e-01  1.0725e-01  0.0000e+00  5.7584e-04
  3500  8.9274e-01  1.0726e-01  1.7881e-07  5.6869e-04
  3520  8.9273e-01  1.0727e-01  0.0000e+00  5.6154e-04
  3540  8.9272e-01  1.0728e-01  0.0000e+00  5.5546e-04
  3560  8.9271e-01  1.0729e-01  0.0000e+00  5.4950e-04
  3580  8.9271e-01  1.0729e-01  0.0000e+00  5.4353e-04
  3600  8.9270e-01  1.0730e-01  0.0000e+00  5.3757e-04
  3620  8.9270e-01  1.0730e-01  1.4901e-06  5.3233e-04
  3640  8.9269e-01  1.0731e-01  0.0000e+00  5.2643e-04
  3660  8.9268e-01  1.0732e-01  0.0000e+00  5.2047e-04
  3680  8.9268e-01  1.0732e-01  0.0000e+00  5.1451e-04
  3700  8.9267e-01  1.0733e-01  0.0000e+00  5.0855e-04
  3720  8.9266e-01  1.0734e-01  0.0000e+00  5.0259e-04
  3740  8.9266e-01  1.0734e-01  0.0000e+00  4.9663e-04
  3760  8.9265e-01  1.0735e-01  0.0000e+00  4.9132e-04
  3780  8.9264e-01  1.0736e-01  7.7486e-07  4.8655e-04
  3800  8.9247e-01  1.0753e-01  0.0000e+00  4.8178e-04
  3820  8.9246e-01  1.0754e-01  1.8477e-06  4.8059e-04
  3840  8.9245e-01  1.0755e-01  5.9605e-07  4.7940e-04
  3860  8.9245e-01  1.0755e-01  8.9407e-07  4.7821e-04
  3880  8.9244e-01  1.0756e-01  0.0000e+00  4.7702e-04
  3900  8.9243e-01  1.0757e-01  1.0133e-06  4.7648e-04
  3920  8.9243e-01  1.0757e-01  1.4901e-06  4.7648e-04
  3940  8.9242e-01  1.0758e-01  3.5763e-07  4.7648e-04
  3960  8.9241e-01  1.0759e-01  8.9407e-07  4.7648e-04
  3980  8.9240e-01  1.0760e-01  0.0000e+00  4.7648e-04
  4000  8.9240e-01  1.0760e-01  0.0000e+00  4.7648e-04
  4020  8.9239e-01  1.0761e-01  4.7684e-07  4.7648e-04
  4040  8.9238e-01  1.0762e-01  0.0000e+00  4.7648e-04
  4060  8.9238e-01  1.0762e-01  9.5367e-07  4.7648e-04
  4080  8.9237e-01  1.0763e-01  4.1723e-07  4.7648e-04
  4100  8.9236e-01  1.0764e-01  1.6689e-06  4.7648e-04
  4120  8.9235e-01  1.0765e-01  0.0000e+00  4.7648e-04
  4140  8.9234e-01  1.0766e-01  0.0000e+00  4.7648e-04
  4160  8.9234e-01  1.0766e-01  0.0000e+00  4.7648e-04
  4180  8.9233e-01  1.0767e-01  0.0000e+00  4.7648e-04
  4200  8.9232e-01  1.0768e-01  9.5367e-07  4.7648e-04
  4220  8.9231e-01  1.0769e-01  0.0000e+00  4.7648e-04
  4240  8.9231e-01  1.0769e-01  0.0000e+00  4.7648e-04
  4260  8.9230e-01  1.0770e-01  0.0000e+00  4.7648e-04
  4280  8.9230e-01  1.0770e-01  6.5565e-07  4.7648e-04
  4300  8.9229e-01  1.0771e-01  0.0000e+00  4.7660e-04
  4320  8.9228e-01  1.0772e-01  0.0000e+00  4.7660e-04
  4340  8.9227e-01  1.0773e-01  1.3709e-06  4.7767e-04
  4360  8.9227e-01  1.0773e-01  1.3113e-06  4.7886e-04
  4380  8.9226e-01  1.0774e-01  3.5763e-07  4.7892e-04
  4400  8.9225e-01  1.0775e-01  7.7486e-07  4.7892e-04
  4420  8.9224e-01  1.0776e-01  0.0000e+00  4.8131e-04
  4440  8.9224e-01  1.0776e-01  7.7486e-07  4.8369e-04
  4460  8.9223e-01  1.0777e-01  1.9073e-06  4.8608e-04
  4480  8.9223e-01  1.0777e-01  2.3246e-06  4.8846e-04
  4500  8.9222e-01  1.0778e-01  5.9605e-08  4.9084e-04
  4520  8.9221e-01  1.0779e-01  2.1458e-06  4.9341e-04
  4540  8.9220e-01  1.0780e-01  5.9605e-08  4.9585e-04
  4560  8.9219e-01  1.0781e-01  9.5367e-07  4.9824e-04
  4580  8.9218e-01  1.0782e-01  5.9605e-07  5.0062e-04
  4600  8.9218e-01  1.0782e-01  0.0000e+00  5.0300e-04
  4620  8.9218e-01  1.0782e-01  1.4305e-06  5.0563e-04
  4640  8.9217e-01  1.0783e-01  0.0000e+00  5.0914e-04
  4660  8.9216e-01  1.0784e-01  0.0000e+00  5.1272e-04
  4680  8.9215e-01  1.0785e-01  1.4305e-06  5.1630e-04
  4700  8.9215e-01  1.0785e-01  8.3447e-07  5.1987e-04
  4720  8.9214e-01  1.0786e-01  4.7684e-07  5.2345e-04
  4740  8.9213e-01  1.0787e-01  5.9605e-08  5.2702e-04
  4760  8.9212e-01  1.0788e-01  1.1921e-07  5.3060e-04
  4780  8.9212e-01  1.0788e-01  0.0000e+00  5.3418e-04
  4800  8.9211e-01  1.0789e-01  0.0000e+00  5.3775e-04
  4820  8.9210e-01  1.0790e-01  1.1921e-07  5.3418e-04
  4840  8.9210e-01  1.0790e-01  0.0000e+00  5.3060e-04
  4860  8.9209e-01  1.0791e-01  0.0000e+00  5.2702e-04
  4880  8.9209e-01  1.0791e-01  3.5763e-07  5.2345e-04
  4900  8.9208e-01  1.0792e-01  9.5367e-07  5.1987e-04
  4920  8.9207e-01  1.0793e-01  7.7486e-07  5.1630e-04
  4940  8.9207e-01  1.0793e-01  0.0000e+00  5.1272e-04
  4960  8.9206e-01  1.0794e-01  1.3709e-06  5.0914e-04
  4980  8.9206e-01  1.0794e-01  1.6093e-06  5.0557e-04
  5000  8.9205e-01  1.0795e-01  1.0729e-06  5.0199e-04
  5020  8.9205e-01  1.0795e-01  6.5565e-07  4.9841e-04
  5040  8.9205e-01  1.0795e-01  1.1921e-07  4.9484e-04
  5060  8.9204e-01  1.0796e-01  1.1921e-07  4.9126e-04
  5080  8.9203e-01  1.0797e-01  5.3644e-07  4.8769e-04
  5100  8.9202e-01  1.0798e-01  0.0000e+00  4.8411e-04
  5120  8.9201e-01  1.0799e-01  1.0729e-06  4.8053e-04
  5140  8.9201e-01  1.0799e-01  0.0000e+00  4.7696e-04
  5160  8.9201e-01  1.0799e-01  2.3842e-07  4.7338e-04
  5180  8.9200e-01  1.0800e-01  0.0000e+00  4.6974e-04
  5200  8.9184e-01  1.0816e-01  0.0000e+00  4.6617e-04
  5220  8.9183e-01  1.0817e-01  2.3842e-07  4.6498e-04
  5240  8.9182e-01  1.0818e-01  0.0000e+00  4.6378e-04
  5260  8.9182e-01  1.0818e-01  0.0000e+00  4.6259e-04
  5280  8.9180e-01  1.0820e-01  0.0000e+00  4.6140e-04
  5300  8.9180e-01  1.0820e-01  0.0000e+00  4.6021e-04
  5320  8.9179e-01  1.0821e-01  0.0000e+00  4.5902e-04
  5340  8.9179e-01  1.0821e-01  1.2517e-06  4.5782e-04
  5360  8.9178e-01  1.0822e-01  1.9073e-06  4.5663e-04
  5380  8.9178e-01  1.0822e-01  2.9802e-07  4.5544e-04
  5400  8.9175e-01  1.0825e-01  0.0000e+00  4.5425e-04
  5420  8.9174e-01  1.0826e-01  0.0000e+00  4.5305e-04
  5440  8.9173e-01  1.0827e-01  0.0000e+00  4.5234e-04
  5460  8.9172e-01  1.0828e-01  0.0000e+00  4.5234e-04
  5480  8.9171e-01  1.0829e-01  3.5763e-07  4.5234e-04
  5500  8.9170e-01  1.0830e-01  2.3842e-07  4.5234e-04
  5520  8.9169e-01  1.0831e-01  0.0000e+00  4.5234e-04
  5540  8.9168e-01  1.0832e-01  1.7285e-06  4.5234e-04
  5560  8.9168e-01  1.0832e-01  7.1526e-07  4.5234e-04
  5580  8.9167e-01  1.0833e-01  0.0000e+00  4.5234e-04
  5600  8.9166e-01  1.0834e-01  0.0000e+00  4.5234e-04
  5620  8.9166e-01  1.0834e-01  1.5497e-06  4.5234e-04
  5640  8.9165e-01  1.0835e-01  5.3644e-07  4.5234e-04
  5660  8.9165e-01  1.0835e-01  4.7684e-07  4.5234e-04
  5680  8.9164e-01  1.0836e-01  0.0000e+00  4.5234e-04
  5700  8.9164e-01  1.0836e-01  0.0000e+00  4.5234e-04
  5720  8.9163e-01  1.0837e-01  0.0000e+00  4.5234e-04
  5740  8.9162e-01  1.0838e-01  0.0000e+00  4.5234e-04
  5760  8.9161e-01  1.0839e-01  0.0000e+00  4.5234e-04
  5780  8.9161e-01  1.0839e-01  1.1921e-07  4.5234e-04
  5800  8.9160e-01  1.0840e-01  1.7881e-06  4.5234e-04
  5820  8.9159e-01  1.0841e-01  1.7881e-07  4.5592e-04
  5840  8.9159e-01  1.0841e-01  1.7881e-07  4.5949e-04
  5860  8.9158e-01  1.0842e-01  9.5367e-07  4.6307e-04
  5880  8.9158e-01  1.0842e-01  0.0000e+00  4.6664e-04
  5900  8.9157e-01  1.0843e-01  1.3113e-06  4.7022e-04
  5920  8.9156e-01  1.0844e-01  1.2517e-06  4.7380e-04
  5940  8.9156e-01  1.0844e-01  0.0000e+00  4.7737e-04
  5960  8.9155e-01  1.0845e-01  0.0000e+00  4.8095e-04
  5980  8.9154e-01  1.0846e-01  0.0000e+00  4.8453e-04
  6000  8.9151e-01  1.0849e-01  0.0000e+00  4.8810e-04
  6020  8.9148e-01  1.0852e-01  3.2783e-06  4.9174e-04
  6040  8.9147e-01  1.0853e-01  0.0000e+00  4.9627e-04
  6060  8.9145e-01  1.0855e-01  0.0000e+00  5.0104e-04
  6080  8.9143e-01  1.0857e-01  0.0000e+00  5.0581e-04
  6100  8.9143e-01  1.0857e-01  0.0000e+00  5.1057e-04
  6120  8.9142e-01  1.0858e-01  0.0000e+00  5.1534e-04
  6140  8.9141e-01  1.0859e-01  6.5565e-07  5.2011e-04
  6160  8.9140e-01  1.0860e-01  0.0000e+00  5.2488e-04
  6180  8.9140e-01  1.0860e-01  4.1723e-07  5.2971e-04
  6200  8.9139e-01  1.0861e-01  9.5367e-07  5.3447e-04
  6220  8.9138e-01  1.0862e-01  0.0000e+00  5.3447e-04
  6240  8.9137e-01  1.0863e-01  0.0000e+00  5.3447e-04
  6260  8.9137e-01  1.0863e-01  0.0000e+00  5.3364e-04
  6280  8.9136e-01  1.0864e-01  0.0000e+00  5.3263e-04
  6300  8.9135e-01  1.0865e-01  0.0000e+00  5.3144e-04
  6320  8.9135e-01  1.0865e-01  0.0000e+00  5.3048e-04
  6340  8.9134e-01  1.0866e-01  6.5565e-07  5.2971e-04
  6360  8.9134e-01  1.0866e-01  0.0000e+00  5.2965e-04
  6380  8.9133e-01  1.0867e-01  0.0000e+00  5.2935e-04
  6400  8.9130e-01  1.0870e-01  0.0000e+00  5.2935e-04
  6420  8.9130e-01  1.0870e-01  0.0000e+00  5.2816e-04
  6440  8.9129e-01  1.0871e-01  7.7486e-07  5.2649e-04
  6460  8.9129e-01  1.0871e-01  4.1723e-07  5.2410e-04
  6480  8.9128e-01  1.0872e-01  3.5763e-07  5.2172e-04
  6500  8.9127e-01  1.0873e-01  0.0000e+00  5.1934e-04
  6520  8.9127e-01  1.0873e-01  0.0000e+00  5.1695e-04
  6540  8.9126e-01  1.0874e-01  6.5565e-07  5.1457e-04
  6560  8.9126e-01  1.0874e-01  2.0862e-06  5.1218e-04
  6580  8.9125e-01  1.0875e-01  5.3644e-07  5.0980e-04
  6600  8.9125e-01  1.0875e-01  6.5565e-07  5.0741e-04
  6620  8.9124e-01  1.0876e-01  0.0000e+00  5.0503e-04
  6640  8.9124e-01  1.0876e-01  6.5565e-07  5.0265e-04
  6660  8.9124e-01  1.0876e-01  1.7881e-07  5.0026e-04
  6680  8.9123e-01  1.0877e-01  2.9802e-07  4.9788e-04
  6700  8.9122e-01  1.0878e-01  0.0000e+00  4.9549e-04
  6720  8.9122e-01  1.0878e-01  3.5763e-07  4.9311e-04
  6740  8.9121e-01  1.0879e-01  0.0000e+00  4.9073e-04
  6760  8.9121e-01  1.0879e-01  5.9605e-08  4.8834e-04
  6780  8.9120e-01  1.0880e-01  0.0000e+00  4.8596e-04
  6800  8.9120e-01  1.0880e-01  4.7684e-07  4.8357e-04
  6820  8.9119e-01  1.0881e-01  0.0000e+00  4.8119e-04
  6840  8.9119e-01  1.0881e-01  7.1526e-07  4.7880e-04
  6860  8.9118e-01  1.0882e-01  0.0000e+00  4.7642e-04
  6880  8.9117e-01  1.0883e-01  0.0000e+00  4.7404e-04
  6900  8.9117e-01  1.0883e-01  1.7881e-07  4.7165e-04
  6920  8.9117e-01  1.0883e-01  9.5367e-07  4.6927e-04
  6940  8.9116e-01  1.0884e-01  0.0000e+00  4.6688e-04
  6960  8.9115e-01  1.0885e-01  0.0000e+00  4.6450e-04
  6980  8.9115e-01  1.0885e-01  0.0000e+00  4.6211e-04
  7000  8.9115e-01  1.0885e-01  1.1921e-07  4.5973e-04
  7020  8.9114e-01  1.0886e-01  0.0000e+00  4.5609e-04
  7040  8.9114e-01  1.0886e-01  0.0000e+00  4.5156e-04
  7060  8.9113e-01  1.0887e-01  0.0000e+00  4.4566e-04
  7080  8.9112e-01  1.0888e-01  1.0729e-06  4.3970e-04
  7100  8.9112e-01  1.0888e-01  1.1921e-07  4.3374e-04
  7120  8.9112e-01  1.0888e-01  8.9407e-07  4.2778e-04
  7140  8.9111e-01  1.0889e-01  0.0000e+00  4.2182e-04
  7160  8.9111e-01  1.0889e-01  4.1723e-07  4.1586e-04
  7180  8.9111e-01  1.0889e-01  0.0000e+00  4.0990e-04
  7200  8.9110e-01  1.0890e-01  0.0000e+00  4.0394e-04
  7220  8.9110e-01  1.0890e-01  0.0000e+00  4.0036e-04
  7240  8.9109e-01  1.0891e-01  0.0000e+00  3.9679e-04
  7260  8.9109e-01  1.0891e-01  1.1921e-07  3.9405e-04
  7280  8.9108e-01  1.0892e-01  2.3842e-07  3.9148e-04
  7300  8.9108e-01  1.0892e-01  0.0000e+00  3.8910e-04
  7320  8.9107e-01  1.0893e-01  0.0000e+00  3.8648e-04
  7340  8.9107e-01  1.0893e-01  2.3842e-07  3.8368e-04
  7360  8.9106e-01  1.0894e-01  0.0000e+00  3.8016e-04
  7380  8.9105e-01  1.0895e-01  4.1723e-07  3.7688e-04
  7400  8.9105e-01  1.0895e-01  5.9605e-07  3.7330e-04
  7420  8.9105e-01  1.0895e-01  1.1921e-07  3.6973e-04
  7440  8.9105e-01  1.0895e-01  0.0000e+00  3.6615e-04
  7460  8.9104e-01  1.0896e-01  1.1921e-06  3.6258e-04
  7480  8.9104e-01  1.0896e-01  5.9605e-07  3.5900e-04
  7500  8.9103e-01  1.0897e-01  2.3842e-07  3.5542e-04
  7520  8.9103e-01  1.0897e-01  5.9605e-08  3.5185e-04
  7540  8.9103e-01  1.0897e-01  0.0000e+00  3.4827e-04
  7560  8.9102e-01  1.0898e-01  0.0000e+00  3.4469e-04
  7580  8.9102e-01  1.0898e-01  0.0000e+00  3.4112e-04
  7600  8.9101e-01  1.0899e-01  0.0000e+00  3.3754e-04
  7620  8.9101e-01  1.0899e-01  0.0000e+00  3.3396e-04
  7640  8.9100e-01  1.0900e-01  0.0000e+00  3.3039e-04
  7660  8.9100e-01  1.0900e-01  0.0000e+00  3.2681e-04
  7680  8.9100e-01  1.0900e-01  0.0000e+00  3.2324e-04
  7700  8.9099e-01  1.0901e-01  1.1921e-07  3.1966e-04
  7720  8.9099e-01  1.0901e-01  1.1921e-07  3.1608e-04
  7740  8.9099e-01  1.0901e-01  7.1526e-07  3.1251e-04
  7760  8.9098e-01  1.0902e-01  0.0000e+00  3.0893e-04
  7780  8.9098e-01  1.0902e-01  1.1325e-06  3.0535e-04
  7800  8.9098e-01  1.0902e-01  8.3447e-07  3.0178e-04
  7820  8.9097e-01  1.0903e-01  0.0000e+00  2.9820e-04
  7840  8.9097e-01  1.0903e-01  5.3644e-07  2.9463e-04
  7860  8.9096e-01  1.0904e-01  4.1723e-07  2.9105e-04
  7880  8.9096e-01  1.0904e-01  0.0000e+00  2.8747e-04
  7900  8.9096e-01  1.0904e-01  0.0000e+00  2.8390e-04
  7920  8.9095e-01  1.0905e-01  0.0000e+00  2.8032e-04
  7940  8.9095e-01  1.0905e-01  5.9605e-08  2.7674e-04
  7960  8.9095e-01  1.0905e-01  5.9605e-08  2.7317e-04
  7980  8.9094e-01  1.0906e-01  0.0000e+00  2.6846e-04
  8000  8.9094e-01  1.0906e-01  0.0000e+00  2.6417e-04
  8020  8.9093e-01  1.0907e-01  1.7881e-07  2.6178e-04
  8040  8.9093e-01  1.0907e-01  0.0000e+00  2.5845e-04
  8060  8.9093e-01  1.0907e-01  0.0000e+00  2.5600e-04
  8080  8.9093e-01  1.0907e-01  3.5763e-07  2.5362e-04
  8100  8.9092e-01  1.0908e-01  0.0000e+00  2.5123e-04
  8120  8.9092e-01  1.0908e-01  0.0000e+00  2.4885e-04
  8140  8.9092e-01  1.0908e-01  4.7684e-07  2.4647e-04
  8160  8.9092e-01  1.0908e-01  0.0000e+00  2.4408e-04
  8180  8.9091e-01  1.0909e-01  0.0000e+00  2.4170e-04
  8200  8.9091e-01  1.0909e-01  0.0000e+00  2.3931e-04
  8220  8.9091e-01  1.0909e-01  0.0000e+00  2.3693e-04
  8240  8.9090e-01  1.0910e-01  0.0000e+00  2.3454e-04
  8260  8.9090e-01  1.0910e-01  9.5367e-07  2.3216e-04
  8280  8.9089e-01  1.0911e-01  3.5763e-07  2.2978e-04
  8300  8.9089e-01  1.0911e-01  5.9605e-08  2.2739e-04
  8320  8.9089e-01  1.0911e-01  0.0000e+00  2.2501e-04
  8340  8.9089e-01  1.0911e-01  0.0000e+00  2.2262e-04
  8360  8.9088e-01  1.0912e-01  2.9802e-07  2.2024e-04
  8380  8.9088e-01  1.0912e-01  3.5763e-07  2.1785e-04
  8400  8.9088e-01  1.0912e-01  1.0729e-06  2.1547e-04
  8420  8.9087e-01  1.0913e-01  2.3842e-07  2.1428e-04
  8440  8.9087e-01  1.0913e-01  5.9605e-08  2.1309e-04
  8460  8.9087e-01  1.0913e-01  2.3842e-07  2.1189e-04
  8480  8.9086e-01  1.0914e-01  2.9802e-07  2.1070e-04
  8500  8.9086e-01  1.0914e-01  0.0000e+00  2.0951e-04
  8520  8.9086e-01  1.0914e-01  0.0000e+00  2.0832e-04
  8540  8.9086e-01  1.0914e-01  0.0000e+00  2.0713e-04
  8560  8.9085e-01  1.0915e-01  2.3842e-07  2.0593e-04
  8580  8.9085e-01  1.0915e-01  0.0000e+00  2.0474e-04
  8600  8.9085e-01  1.0915e-01  0.0000e+00  2.0355e-04
  8620  8.9084e-01  1.0916e-01  4.7684e-07  2.0236e-04
  8640  8.9084e-01  1.0916e-01  0.0000e+00  2.0117e-04
  8660  8.9084e-01  1.0916e-01  7.7486e-07  1.9997e-04
  8680  8.9083e-01  1.0917e-01  0.0000e+00  1.9878e-04
  8700  8.9083e-01  1.0917e-01  0.0000e+00  1.9759e-04
  8720  8.9083e-01  1.0917e-01  8.3447e-07  1.9640e-04
  8740  8.9082e-01  1.0918e-01  1.1921e-07  1.9521e-04
  8760  8.9082e-01  1.0918e-01  5.3644e-07  1.9401e-04
  8780  8.9082e-01  1.0918e-01  4.1723e-07  1.9282e-04
  8800  8.9081e-01  1.0919e-01  0.0000e+00  1.9163e-04
  8820  8.9081e-01  1.0919e-01  3.5763e-07  1.9044e-04
  8840  8.9081e-01  1.0919e-01  1.7881e-07  1.8924e-04
  8860  8.9080e-01  1.0920e-01  5.9605e-07  1.8805e-04
  8880  8.9080e-01  1.0920e-01  0.0000e+00  1.8686e-04
  8900  8.9080e-01  1.0920e-01  0.0000e+00  1.8567e-04
  8920  8.9080e-01  1.0920e-01  3.5763e-07  1.8448e-04
  8940  8.9079e-01  1.0921e-01  0.0000e+00  1.8328e-04
  8960  8.9079e-01  1.0921e-01  4.7684e-07  1.8209e-04
  8980  8.9079e-01  1.0921e-01  2.3842e-07  1.8203e-04
  9000  8.9079e-01  1.0921e-01  4.7684e-07  1.8156e-04
  9020  8.9078e-01  1.0922e-01  0.0000e+00  1.8036e-04
  9040  8.9078e-01  1.0922e-01  0.0000e+00  1.8013e-04
  9060  8.9078e-01  1.0922e-01  0.0000e+00  1.8013e-04
  9080  8.9077e-01  1.0923e-01  4.7684e-07  1.8013e-04
  9100  8.9077e-01  1.0923e-01  0.0000e+00  1.8013e-04
  9120  8.9077e-01  1.0923e-01  2.9802e-07  1.8013e-04
  9140  8.9076e-01  1.0924e-01  0.0000e+00  1.8013e-04
  9160  8.9076e-01  1.0924e-01  0.0000e+00  1.8013e-04
  9180  8.9076e-01  1.0924e-01  0.0000e+00  1.8013e-04
  9200  8.9076e-01  1.0924e-01  5.9605e-08  1.8013e-04
  9220  8.9075e-01  1.0925e-01  4.1723e-07  1.8013e-04
  9240  8.9075e-01  1.0925e-01  0.0000e+00  1.8013e-04
  9260  8.9075e-01  1.0925e-01  0.0000e+00  1.7941e-04
  9280  8.9074e-01  1.0926e-01  1.7881e-07  1.7852e-04
  9300  8.9074e-01  1.0926e-01  2.9802e-07  1.7822e-04
  9320  8.9074e-01  1.0926e-01  0.0000e+00  1.7804e-04
  9340  8.9074e-01  1.0926e-01  0.0000e+00  1.7715e-04
  9360  8.9074e-01  1.0926e-01  0.0000e+00  1.7595e-04
  9380  8.9073e-01  1.0927e-01  4.7684e-07  1.7476e-04
  9400  8.9073e-01  1.0927e-01  7.1526e-07  1.7357e-04
  9420  8.9073e-01  1.0927e-01  0.0000e+00  1.7238e-04
  9440  8.9073e-01  1.0927e-01  0.0000e+00  1.7118e-04
  9460  8.9072e-01  1.0928e-01  1.7881e-07  1.6999e-04
  9480  8.9072e-01  1.0928e-01  0.0000e+00  1.6880e-04
  9500  8.9072e-01  1.0928e-01  2.9802e-07  1.6761e-04
  9520  8.9072e-01  1.0928e-01  0.0000e+00  1.6642e-04
  9540  8.9072e-01  1.0928e-01  5.3644e-07  1.6522e-04
  9560  8.9071e-01  1.0929e-01  7.7486e-07  1.6403e-04
  9580  8.9071e-01  1.0929e-01  0.0000e+00  1.6284e-04
  9600  8.9071e-01  1.0929e-01  4.1723e-07  1.6165e-04
  9620  8.9070e-01  1.0930e-01  0.0000e+00  1.6046e-04
  9640  8.9070e-01  1.0930e-01  8.9407e-07  1.5926e-04
  9660  8.9070e-01  1.0930e-01  1.1921e-07  1.5807e-04
  9680  8.9070e-01  1.0930e-01  5.9605e-08  1.5688e-04
  9700  8.9070e-01  1.0930e-01  1.7881e-07  1.5569e-04
  9720  8.9069e-01  1.0931e-01  0.0000e+00  1.5450e-04
  9740  8.9069e-01  1.0931e-01  0.0000e+00  1.5330e-04
  9760  8.9069e-01  1.0931e-01  0.0000e+00  1.5211e-04
  9780  8.9069e-01  1.0931e-01  1.7881e-07  1.5092e-04
  9800  8.9068e-01  1.0932e-01  0.0000e+00  1.4973e-04
  9820  8.9068e-01  1.0932e-01  1.1921e-07  1.4853e-04
  9840  8.9068e-01  1.0932e-01  2.3842e-07  1.4734e-04
  9860  8.9068e-01  1.0932e-01  0.0000e+00  1.4615e-04
  9880  8.9067e-01  1.0933e-01  0.0000e+00  1.4496e-04
  9900  8.9067e-01  1.0933e-01  4.7684e-07  1.4377e-04
  9920  8.9067e-01  1.0933e-01  7.1526e-07  1.4257e-04
  9940  8.9067e-01  1.0933e-01  0.0000e+00  1.4138e-04
  9960  8.9066e-01  1.0934e-01  0.0000e+00  1.4019e-04
  9980  8.9066e-01  1.0934e-01  1.1921e-07  1.3900e-04
 10000  8.9062e-01  1.0938e-01  0.0000e+00  1.3781e-04
 10020  8.9062e-01  1.0938e-01  4.1723e-07  1.3781e-04
 10040  8.9062e-01  1.0938e-01  0.0000e+00  1.3781e-04
 10060  8.9062e-01  1.0938e-01  0.0000e+00  1.3781e-04
 10080  8.9061e-01  1.0939e-01  1.7881e-07  1.3781e-04
 10100  8.9061e-01  1.0939e-01  0.0000e+00  1.3781e-04
 10120  8.9061e-01  1.0939e-01  0.0000e+00  1.3781e-04
 10140  8.9061e-01  1.0939e-01  0.0000e+00  1.3781e-04
 10160  8.9061e-01  1.0939e-01  4.1723e-07  1.3781e-04
 10180  8.9060e-01  1.0940e-01  0.0000e+00  1.3781e-04
 10200  8.9060e-01  1.0940e-01  0.0000e+00  1.3781e-04
 10220  8.9060e-01  1.0940e-01  0.0000e+00  1.3781e-04
 10240  8.9059e-01  1.0941e-01  0.0000e+00  1.3781e-04
 10260  8.9059e-01  1.0941e-01  0.0000e+00  1.3852e-04
 10280  8.9059e-01  1.0941e-01  1.1921e-07  1.3942e-04
 10300  8.9059e-01  1.0941e-01  4.1723e-07  1.3971e-04
 10320  8.9058e-01  1.0942e-01  0.0000e+00  1.3989e-04
 10340  8.9058e-01  1.0942e-01  5.9605e-08  1.4079e-04
 10360  8.9058e-01  1.0942e-01  0.0000e+00  1.4198e-04
 10380  8.9058e-01  1.0942e-01  3.5763e-07  1.4317e-04
 10400  8.9058e-01  1.0942e-01  5.9605e-08  1.4436e-04
 10420  8.9057e-01  1.0943e-01  0.0000e+00  1.4555e-04
 10440  8.9057e-01  1.0943e-01  0.0000e+00  1.4675e-04
 10460  8.9057e-01  1.0943e-01  4.1723e-07  1.4794e-04
 10480  8.9057e-01  1.0943e-01  6.5565e-07  1.4913e-04
 10500  8.9056e-01  1.0944e-01  0.0000e+00  1.5032e-04
 10520  8.9056e-01  1.0944e-01  1.7881e-07  1.5152e-04
 10540  8.9056e-01  1.0944e-01  2.3842e-07  1.5271e-04
 10560  8.9056e-01  1.0944e-01  0.0000e+00  1.5390e-04
 10580  8.9056e-01  1.0944e-01  4.1723e-07  1.5509e-04
 10600  8.9056e-01  1.0944e-01  0.0000e+00  1.5628e-04
 10620  8.9055e-01  1.0945e-01  2.9802e-07  1.5748e-04
 10640  8.9055e-01  1.0945e-01  4.7684e-07  1.5867e-04
 10660  8.9055e-01  1.0945e-01  0.0000e+00  1.5986e-04
 10680  8.9055e-01  1.0945e-01  1.1921e-07  1.6105e-04
 10700  8.9054e-01  1.0946e-01  5.9605e-08  1.6224e-04
 10720  8.9054e-01  1.0946e-01  2.9802e-07  1.6344e-04
 10740  8.9054e-01  1.0946e-01  0.0000e+00  1.6463e-04
 10760  8.9054e-01  1.0946e-01  6.5565e-07  1.6582e-04
 10780  8.9054e-01  1.0946e-01  0.0000e+00  1.6701e-04
 10800  8.9053e-01  1.0947e-01  0.0000e+00  1.6761e-04
 10820  8.9053e-01  1.0947e-01  0.0000e+00  1.6785e-04
 10840  8.9053e-01  1.0947e-01  0.0000e+00  1.6904e-04
 10860  8.9053e-01  1.0947e-01  2.9802e-07  1.7023e-04
 10880  8.9053e-01  1.0947e-01  5.9605e-08  1.7047e-04
 10900  8.9052e-01  1.0948e-01  2.3842e-07  1.7047e-04
 10920  8.9052e-01  1.0948e-01  0.0000e+00  1.7047e-04
 10940  8.9052e-01  1.0948e-01  0.0000e+00  1.7047e-04
 10960  8.9052e-01  1.0948e-01  0.0000e+00  1.7047e-04
 10980  8.9052e-01  1.0948e-01  5.9605e-07  1.7047e-04
 11000  8.9051e-01  1.0949e-01  1.1921e-07  1.7047e-04
 11020  8.9051e-01  1.0949e-01  2.9802e-07  1.6928e-04
 11040  8.9051e-01  1.0949e-01  1.1921e-07  1.6809e-04
 11060  8.9051e-01  1.0949e-01  0.0000e+00  1.6689e-04
 11080  8.9051e-01  1.0949e-01  0.0000e+00  1.6570e-04
 11100  8.9050e-01  1.0950e-01  0.0000e+00  1.6451e-04
 11120  8.9050e-01  1.0950e-01  1.1921e-07  1.6332e-04
 11140  8.9050e-01  1.0950e-01  1.1921e-07  1.6212e-04
 11160  8.9050e-01  1.0950e-01  0.0000e+00  1.6093e-04
 11180  8.9050e-01  1.0950e-01  0.0000e+00  1.5974e-04
 11200  8.9044e-01  1.0956e-01  0.0000e+00  1.5855e-04
 11220  8.9044e-01  1.0956e-01  0.0000e+00  1.5855e-04
 11240  8.9043e-01  1.0957e-01  0.0000e+00  1.5855e-04
 11260  8.9043e-01  1.0957e-01  1.7881e-07  1.5855e-04
 11280  8.9043e-01  1.0957e-01  0.0000e+00  1.5855e-04
 11300  8.9043e-01  1.0957e-01  5.9605e-07  1.5855e-04
 11320  8.9042e-01  1.0958e-01  0.0000e+00  1.5855e-04
 11340  8.9042e-01  1.0958e-01  0.0000e+00  1.5855e-04
 11360  8.9042e-01  1.0958e-01  1.7881e-07  1.5855e-04
 11380  8.9042e-01  1.0958e-01  5.3644e-07  1.5855e-04
 11400  8.9041e-01  1.0959e-01  2.9802e-07  1.5855e-04
 11420  8.9041e-01  1.0959e-01  0.0000e+00  1.5855e-04
 11440  8.9041e-01  1.0959e-01  0.0000e+00  1.5855e-04
 11460  8.9041e-01  1.0959e-01  5.9605e-08  1.5855e-04
 11480  8.9041e-01  1.0959e-01  5.9605e-08  1.5855e-04
 11500  8.9040e-01  1.0960e-01  5.9605e-08  1.5855e-04
 11520  8.9040e-01  1.0960e-01  2.9802e-07  1.5855e-04
 11540  8.9040e-01  1.0960e-01  1.7881e-07  1.5855e-04
 11560  8.9040e-01  1.0960e-01  2.3842e-07  1.5855e-04
 11580  8.9040e-01  1.0960e-01  0.0000e+00  1.5855e-04
 11600  8.9039e-01  1.0961e-01  1.7881e-07  1.5855e-04
 11620  8.9039e-01  1.0961e-01  4.7684e-07  1.5855e-04
 11640  8.9039e-01  1.0961e-01  0.0000e+00  1.5855e-04
 11660  8.9039e-01  1.0961e-01  1.1921e-07  1.5855e-04
 11680  8.9039e-01  1.0961e-01  5.9605e-08  1.5855e-04
 11700  8.9038e-01  1.0962e-01  4.7684e-07  1.5855e-04
 11720  8.9038e-01  1.0962e-01  5.9605e-08  1.5855e-04
 11740  8.9038e-01  1.0962e-01  0.0000e+00  1.5855e-04
 11760  8.9038e-01  1.0962e-01  0.0000e+00  1.5855e-04
 11780  8.9038e-01  1.0962e-01  0.0000e+00  1.5855e-04
 11800  8.9037e-01  1.0963e-01  3.5763e-07  1.5914e-04
 11820  8.9037e-01  1.0963e-01  3.5763e-07  1.6010e-04
 11840  8.9037e-01  1.0963e-01  0.0000e+00  1.6010e-04
 11860  8.9036e-01  1.0964e-01  0.0000e+00  1.6010e-04
 11880  8.9036e-01  1.0964e-01  0.0000e+00  1.6105e-04
 11900  8.9036e-01  1.0964e-01  0.0000e+00  1.6224e-04
 11920  8.9036e-01  1.0964e-01  1.1921e-07  1.6344e-04
 11940  8.9036e-01  1.0964e-01  0.0000e+00  1.6463e-04
 11960  8.9035e-01  1.0965e-01  3.5763e-07  1.6582e-04
 11980  8.9035e-01  1.0965e-01  0.0000e+00  1.6701e-04
 12000  8.9035e-01  1.0965e-01  2.3842e-07  1.6820e-04
 12020  8.9035e-01  1.0965e-01  1.7881e-07  1.6940e-04
 12040  8.9034e-01  1.0966e-01  0.0000e+00  1.7059e-04
 12060  8.9034e-01  1.0966e-01  0.0000e+00  1.7178e-04
 12080  8.9034e-01  1.0966e-01  0.0000e+00  1.7297e-04
 12100  8.9033e-01  1.0967e-01  0.0000e+00  1.7416e-04
 12120  8.9033e-01  1.0967e-01  0.0000e+00  1.7536e-04
 12140  8.9033e-01  1.0967e-01  1.1921e-07  1.7655e-04
 12160  8.9033e-01  1.0967e-01  1.1921e-07  1.7774e-04
 12180  8.9032e-01  1.0968e-01  3.5763e-07  1.7893e-04
 12200  8.9032e-01  1.0968e-01  5.9605e-07  1.8013e-04
 12220  8.9032e-01  1.0968e-01  0.0000e+00  1.7893e-04
 12240  8.9032e-01  1.0968e-01  2.3842e-07  1.7774e-04
 12260  8.9032e-01  1.0968e-01  1.7881e-07  1.7655e-04
 12280  8.9031e-01  1.0969e-01  5.9605e-08  1.7536e-04
 12300  8.9031e-01  1.0969e-01  1.2517e-06  1.7416e-04
 12320  8.9031e-01  1.0969e-01  1.7881e-07  1.7297e-04
 12340  8.9031e-01  1.0969e-01  0.0000e+00  1.7178e-04
 12360  8.9031e-01  1.0969e-01  4.7684e-07  1.7059e-04
 12380  8.9030e-01  1.0970e-01  7.7486e-07  1.6940e-04
 12400  8.9024e-01  1.0976e-01  0.0000e+00  1.6820e-04
 12420  8.9024e-01  1.0976e-01  0.0000e+00  1.6820e-04
 12440  8.9023e-01  1.0977e-01  0.0000e+00  1.6820e-04
 12460  8.9023e-01  1.0977e-01  0.0000e+00  1.6820e-04
 12480  8.9023e-01  1.0977e-01  0.0000e+00  1.6820e-04
 12500  8.9022e-01  1.0978e-01  0.0000e+00  1.6820e-04
 12520  8.9022e-01  1.0978e-01  0.0000e+00  1.6820e-04
 12540  8.9022e-01  1.0978e-01  0.0000e+00  1.6820e-04
 12560  8.9021e-01  1.0979e-01  1.7881e-07  1.6820e-04
 12580  8.9021e-01  1.0979e-01  5.9605e-08  1.6820e-04
 12600  8.9015e-01  1.0985e-01  0.0000e+00  1.6820e-04
 12620  8.9015e-01  1.0985e-01  5.9605e-07  1.6940e-04
 12640  8.9014e-01  1.0986e-01  0.0000e+00  1.7059e-04
 12660  8.9014e-01  1.0986e-01  0.0000e+00  1.7178e-04
 12680  8.9013e-01  1.0987e-01  0.0000e+00  1.7297e-04
 12700  8.9013e-01  1.0987e-01  1.1921e-06  1.7416e-04
 12720  8.9013e-01  1.0987e-01  1.0133e-06  1.7536e-04
 12740  8.9013e-01  1.0987e-01  0.0000e+00  1.7655e-04
 12760  8.9012e-01  1.0988e-01  1.2517e-06  1.7774e-04
 12780  8.9012e-01  1.0988e-01  0.0000e+00  1.7893e-04
 12800  8.9012e-01  1.0988e-01  2.3842e-07  1.8013e-04
 12820  8.9011e-01  1.0989e-01  1.7881e-07  1.8132e-04
 12840  8.9011e-01  1.0989e-01  0.0000e+00  1.8251e-04
 12860  8.9011e-01  1.0989e-01  0.0000e+00  1.8370e-04
 12880  8.9011e-01  1.0989e-01  5.9605e-08  1.8489e-04
 12900  8.9010e-01  1.0990e-01  0.0000e+00  1.8609e-04
 12920  8.9010e-01  1.0990e-01  2.3842e-07  1.8728e-04
 12940  8.9010e-01  1.0990e-01  0.0000e+00  1.8847e-04
 12960  8.9009e-01  1.0991e-01  0.0000e+00  1.8966e-04
 12980  8.9009e-01  1.0991e-01  2.9802e-07  1.9085e-04
 13000  8.9009e-01  1.0991e-01  6.5565e-07  1.9205e-04
 13020  8.9009e-01  1.0991e-01  0.0000e+00  1.9324e-04
 13040  8.9008e-01  1.0992e-01  0.0000e+00  1.9443e-04
 13060  8.9008e-01  1.0992e-01  8.9407e-07  1.9562e-04
 13080  8.9007e-01  1.0993e-01  4.1723e-07  1.9681e-04
 13100  8.9007e-01  1.0993e-01  2.3842e-07  1.9801e-04
 13120  8.9006e-01  1.0994e-01  1.0729e-06  1.9920e-04
 13140  8.9006e-01  1.0994e-01  0.0000e+00  2.0111e-04
 13160  8.9006e-01  1.0994e-01  0.0000e+00  2.0236e-04
 13180  8.9005e-01  1.0995e-01  0.0000e+00  2.0450e-04
 13200  8.9005e-01  1.0995e-01  3.5763e-07  2.0689e-04
 13220  8.9004e-01  1.0996e-01  3.5763e-07  2.1046e-04
 13240  8.9004e-01  1.0996e-01  4.1723e-07  2.1404e-04
 13260  8.9004e-01  1.0996e-01  0.0000e+00  2.1762e-04
 13280  8.9004e-01  1.0996e-01  0.0000e+00  2.2119e-04
 13300  8.9003e-01  1.0997e-01  1.7881e-07  2.2477e-04
 13320  8.9003e-01  1.0997e-01  0.0000e+00  2.2835e-04
 13340  8.9003e-01  1.0997e-01  2.3842e-07  2.3192e-04
 13360  8.9002e-01  1.0998e-01  2.3842e-07  2.3550e-04
 13380  8.9002e-01  1.0998e-01  0.0000e+00  2.3907e-04
 13400  8.8988e-01  1.1012e-01  0.0000e+00  2.4265e-04
 13420  8.8987e-01  1.1013e-01  0.0000e+00  2.4623e-04
 13440  8.8986e-01  1.1014e-01  7.7486e-07  2.4980e-04
 13460  8.8986e-01  1.1014e-01  0.0000e+00  2.5338e-04
 13480  8.8985e-01  1.1015e-01  0.0000e+00  2.5696e-04
 13500  8.8984e-01  1.1016e-01  0.0000e+00  2.6053e-04
 13520  8.8983e-01  1.1017e-01  0.0000e+00  2.6518e-04
 13540  8.8982e-01  1.1018e-01  1.7881e-07  2.6995e-04
 13560  8.8981e-01  1.1019e-01  0.0000e+00  2.7472e-04
 13580  8.8981e-01  1.1019e-01  0.0000e+00  2.7949e-04
 13600  8.8980e-01  1.1020e-01  1.7881e-07  2.8425e-04
 13620  8.8979e-01  1.1021e-01  1.0133e-06  2.8664e-04
 13640  8.8979e-01  1.1021e-01  0.0000e+00  2.8902e-04
 13660  8.8978e-01  1.1022e-01  0.0000e+00  2.9141e-04
 13680  8.8977e-01  1.1023e-01  5.3644e-07  2.9379e-04
 13700  8.8977e-01  1.1023e-01  0.0000e+00  2.9618e-04
 13720  8.8976e-01  1.1024e-01  4.7684e-07  2.9856e-04
 13740  8.8976e-01  1.1024e-01  4.1723e-07  3.0094e-04
 13760  8.8975e-01  1.1025e-01  0.0000e+00  3.0333e-04
 13780  8.8975e-01  1.1025e-01  0.0000e+00  3.0571e-04
 13800  8.8967e-01  1.1033e-01  0.0000e+00  3.0810e-04
 13820  8.8967e-01  1.1033e-01  0.0000e+00  3.1191e-04
 13840  8.8965e-01  1.1035e-01  0.0000e+00  3.1668e-04
 13860  8.8965e-01  1.1035e-01  6.5565e-07  3.2145e-04
 13880  8.8964e-01  1.1036e-01  1.7285e-06  3.2622e-04
 13900  8.8963e-01  1.1037e-01  6.5565e-07  3.3098e-04
 13920  8.8963e-01  1.1037e-01  6.5565e-07  3.3575e-04
 13940  8.8962e-01  1.1038e-01  4.7684e-07  3.4052e-04
 13960  8.8961e-01  1.1039e-01  8.9407e-07  3.4529e-04
 13980  8.8961e-01  1.1039e-01  1.7881e-07  3.5006e-04
 14000  8.8960e-01  1.1040e-01  4.1723e-07  3.5483e-04
 14020  8.8959e-01  1.1041e-01  5.3644e-07  3.5959e-04
 14040  8.8959e-01  1.1041e-01  4.1723e-07  3.6436e-04
 14060  8.8958e-01  1.1042e-01  1.1921e-06  3.6913e-04
 14080  8.8957e-01  1.1043e-01  5.3644e-07  3.7390e-04
 14100  8.8957e-01  1.1043e-01  1.0729e-06  3.7867e-04
 14120  8.8956e-01  1.1044e-01  7.1526e-07  3.8344e-04
 14140  8.8956e-01  1.1044e-01  0.0000e+00  3.8749e-04
 14160  8.8955e-01  1.1045e-01  0.0000e+00  3.9303e-04
 14180  8.8954e-01  1.1046e-01  0.0000e+00  3.9804e-04
 14200  8.8947e-01  1.1053e-01  0.0000e+00  4.0281e-04
 14220  8.8946e-01  1.1054e-01  0.0000e+00  4.0877e-04
 14240  8.8945e-01  1.1055e-01  1.3709e-06  4.1473e-04
 14260  8.8944e-01  1.1056e-01  5.9605e-08  4.2069e-04
 14280  8.8943e-01  1.1057e-01  2.9802e-07  4.2665e-04
 14300  8.8942e-01  1.1058e-01  0.0000e+00  4.3261e-04
 14320  8.8941e-01  1.1059e-01  0.0000e+00  4.3857e-04
 14340  8.8941e-01  1.1059e-01  1.1921e-07  4.4453e-04
 14360  8.8940e-01  1.1060e-01  1.7881e-07  4.5049e-04
 14380  8.8940e-01  1.1060e-01  1.6689e-06  4.5645e-04
 14400  8.8939e-01  1.1061e-01  2.3842e-07  4.6331e-04
 14420  8.8939e-01  1.1061e-01  8.3447e-07  4.6569e-04
 14440  8.8938e-01  1.1062e-01  5.3644e-07  4.6808e-04
 14460  8.8937e-01  1.1063e-01  0.0000e+00  4.7046e-04
 14480  8.8937e-01  1.1063e-01  0.0000e+00  4.7284e-04
 14500  8.8936e-01  1.1064e-01  1.0133e-06  4.7523e-04
 14520  8.8936e-01  1.1064e-01  0.0000e+00  4.7654e-04
 14540  8.8935e-01  1.1065e-01  0.0000e+00  4.7773e-04
 14560  8.8934e-01  1.1066e-01  0.0000e+00  4.7892e-04
 14580  8.8933e-01  1.1067e-01  0.0000e+00  4.8012e-04
 14600  8.8932e-01  1.1068e-01  8.3447e-07  4.8131e-04
 14620  8.8932e-01  1.1068e-01  1.2517e-06  4.8369e-04
 14640  8.8931e-01  1.1069e-01  0.0000e+00  4.8608e-04
 14660  8.8931e-01  1.1069e-01  4.1723e-07  4.8846e-04
 14680  8.8930e-01  1.1070e-01  8.9407e-07  4.9084e-04
 14700  8.8930e-01  1.1070e-01  0.0000e+00  4.9323e-04
 14720  8.8929e-01  1.1071e-01  0.0000e+00  4.9561e-04
 14740  8.8929e-01  1.1071e-01  0.0000e+00  4.9800e-04
 14760  8.8928e-01  1.1072e-01  7.7486e-07  5.0038e-04
 14780  8.8928e-01  1.1072e-01  6.5565e-07  5.0277e-04
 14800  8.8928e-01  1.1072e-01  0.0000e+00  5.0515e-04
 14820  8.8927e-01  1.1073e-01  0.0000e+00  5.0491e-04
 14840  8.8927e-01  1.1073e-01  0.0000e+00  5.0324e-04
 14860  8.8926e-01  1.1074e-01  0.0000e+00  5.0086e-04
 14880  8.8926e-01  1.1074e-01  5.9605e-08  4.9847e-04
 14900  8.8925e-01  1.1075e-01  7.1526e-07  4.9609e-04
 14920  8.8924e-01  1.1076e-01  4.7684e-07  4.9371e-04
 14940  8.8924e-01  1.1076e-01  0.0000e+00  4.9132e-04
 14960  8.8923e-01  1.1077e-01  0.0000e+00  4.8894e-04
 14980  8.8923e-01  1.1077e-01  0.0000e+00  4.8655e-04
 15000  8.8922e-01  1.1078e-01  0.0000e+00  4.8417e-04
 15020  8.8922e-01  1.1078e-01  1.1921e-06  4.8178e-04
 15040  8.8921e-01  1.1079e-01  1.0133e-06  4.7940e-04
 15060  8.8921e-01  1.1079e-01  2.3842e-07  4.7702e-04
 15080  8.8920e-01  1.1080e-01  4.7684e-07  4.7463e-04
 15100  8.8920e-01  1.1080e-01  4.7684e-07  4.7225e-04
 15120  8.8920e-01  1.1080e-01  0.0000e+00  4.6986e-04
 15140  8.8919e-01  1.1081e-01  0.0000e+00  4.6748e-04
 15160  8.8918e-01  1.1082e-01  9.5367e-07  4.6426e-04
 15180  8.8918e-01  1.1082e-01  2.9802e-07  4.6068e-04
 15200  8.8918e-01  1.1082e-01  0.0000e+00  4.5711e-04
 15220  8.8917e-01  1.1083e-01  6.5565e-07  4.5115e-04
 15240  8.8917e-01  1.1083e-01  0.0000e+00  4.4519e-04
 15260  8.8917e-01  1.1083e-01  0.0000e+00  4.3923e-04
 15280  8.8916e-01  1.1084e-01  4.7684e-07  4.3309e-04
 15300  8.8916e-01  1.1084e-01  5.9605e-08  4.2629e-04
 15320  8.8916e-01  1.1084e-01  0.0000e+00  4.1914e-04
 15340  8.8915e-01  1.1085e-01  0.0000e+00  4.1199e-04
 15360  8.8915e-01  1.1085e-01  5.9605e-08  4.0483e-04
 15380  8.8915e-01  1.1085e-01  0.0000e+00  3.9768e-04
 15400  8.8901e-01  1.1099e-01  0.0000e+00  3.8964e-04
 15420  8.8900e-01  1.1100e-01  0.0000e+00  3.8725e-04
 15440  8.8899e-01  1.1101e-01  0.0000e+00  3.8487e-04
 15460  8.8898e-01  1.1102e-01  0.0000e+00  3.8260e-04
 15480  8.8898e-01  1.1102e-01  0.0000e+00  3.8034e-04
 15500  8.8897e-01  1.1103e-01  0.0000e+00  3.7915e-04
 15520  8.8897e-01  1.1103e-01  0.0000e+00  3.7754e-04
 15540  8.8896e-01  1.1104e-01  7.7486e-07  3.7622e-04
 15560  8.8895e-01  1.1105e-01  2.9802e-07  3.7456e-04
 15580  8.8894e-01  1.1106e-01  2.9802e-07  3.7223e-04
 15600  8.8894e-01  1.1106e-01  0.0000e+00  3.7062e-04
 15620  8.8893e-01  1.1107e-01  0.0000e+00  3.6943e-04
 15640  8.8892e-01  1.1108e-01  1.1921e-07  3.6824e-04
 15660  8.8892e-01  1.1108e-01  2.9802e-07  3.6693e-04
 15680  8.8892e-01  1.1108e-01  0.0000e+00  3.6490e-04
 15700  8.8891e-01  1.1109e-01  2.9802e-07  3.6299e-04
 15720  8.8891e-01  1.1109e-01  1.5497e-06  3.6103e-04
 15740  8.8890e-01  1.1110e-01  5.9605e-07  3.5971e-04
 15760  8.8889e-01  1.1111e-01  5.9605e-07  3.5852e-04
 15780  8.8889e-01  1.1111e-01  0.0000e+00  3.5733e-04
 15800  8.8889e-01  1.1111e-01  1.7881e-07  3.5614e-04
 15820  8.8888e-01  1.1112e-01  0.0000e+00  3.5614e-04
 15840  8.8888e-01  1.1112e-01  7.7486e-07  3.5661e-04
 15860  8.8887e-01  1.1113e-01  5.9605e-07  3.5775e-04
 15880  8.8887e-01  1.1113e-01  6.5565e-07  3.5805e-04
 15900  8.8887e-01  1.1113e-01  6.5565e-07  3.5805e-04
 15920  8.8886e-01  1.1114e-01  0.0000e+00  3.5805e-04
 15940  8.8886e-01  1.1114e-01  1.7881e-07  3.5805e-04
 15960  8.8885e-01  1.1115e-01  0.0000e+00  3.5805e-04
 15980  8.8885e-01  1.1115e-01  0.0000e+00  3.5805e-04
 16000  8.8884e-01  1.1116e-01  0.0000e+00  3.5805e-04
 16020  8.8884e-01  1.1116e-01  7.7486e-07  3.5805e-04
 16040  8.8884e-01  1.1116e-01  0.0000e+00  3.5805e-04
 16060  8.8883e-01  1.1117e-01  4.1723e-07  3.5805e-04
 16080  8.8883e-01  1.1117e-01  0.0000e+00  3.5805e-04
 16100  8.8882e-01  1.1118e-01  0.0000e+00  3.5805e-04
 16120  8.8882e-01  1.1118e-01  1.1921e-07  3.5805e-04
 16140  8.8882e-01  1.1118e-01  0.0000e+00  3.5805e-04
 16160  8.8881e-01  1.1119e-01  7.1526e-07  3.5805e-04
 16180  8.8881e-01  1.1119e-01  5.3644e-07  3.5805e-04
 16200  8.8881e-01  1.1119e-01  5.9605e-08  3.5805e-04
 16220  8.8880e-01  1.1120e-01  0.0000e+00  3.5924e-04
 16240  8.8880e-01  1.1120e-01  0.0000e+00  3.6043e-04
 16260  8.8879e-01  1.1121e-01  0.0000e+00  3.6162e-04
 16280  8.8879e-01  1.1121e-01  0.0000e+00  3.6299e-04
 16300  8.8878e-01  1.1122e-01  2.9802e-07  3.6502e-04
 16320  8.8878e-01  1.1122e-01  0.0000e+00  3.6740e-04
 16340  8.8878e-01  1.1122e-01  1.0729e-06  3.6979e-04
 16360  8.8877e-01  1.1123e-01  0.0000e+00  3.7217e-04
 16380  8.8877e-01  1.1123e-01  2.9802e-07  3.7456e-04
 16400  8.8877e-01  1.1123e-01  0.0000e+00  3.7694e-04
 16420  8.8876e-01  1.1124e-01  0.0000e+00  3.7456e-04
 16440  8.8876e-01  1.1124e-01  4.7684e-07  3.7217e-04
 16460  8.8875e-01  1.1125e-01  1.1921e-07  3.6967e-04
 16480  8.8875e-01  1.1125e-01  2.3842e-07  3.6716e-04
 16500  8.8875e-01  1.1125e-01  1.7881e-07  3.6359e-04
 16520  8.8875e-01  1.1125e-01  0.0000e+00  3.6043e-04
 16540  8.8874e-01  1.1126e-01  0.0000e+00  3.5697e-04
 16560  8.8874e-01  1.1126e-01  1.7881e-07  3.5387e-04
 16580  8.8874e-01  1.1126e-01  0.0000e+00  3.5113e-04
 16600  8.8873e-01  1.1127e-01  6.5565e-07  3.4678e-04
 16620  8.8873e-01  1.1127e-01  0.0000e+00  3.4201e-04
 16640  8.8873e-01  1.1127e-01  0.0000e+00  3.3724e-04
 16660  8.8872e-01  1.1128e-01  0.0000e+00  3.3259e-04
 16680  8.8872e-01  1.1128e-01  1.1325e-06  3.2866e-04
 16700  8.8872e-01  1.1128e-01  0.0000e+00  3.2461e-04
 16720  8.8872e-01  1.1128e-01  0.0000e+00  3.2061e-04
 16740  8.8871e-01  1.1129e-01  0.0000e+00  3.1596e-04
 16760  8.8871e-01  1.1129e-01  0.0000e+00  3.1120e-04
 16780  8.8870e-01  1.1130e-01  5.9605e-08  3.0643e-04
 16800  8.8870e-01  1.1130e-01  0.0000e+00  3.0166e-04
 16820  8.8870e-01  1.1130e-01  1.1921e-07  2.9689e-04
 16840  8.8869e-01  1.1131e-01  4.1723e-07  2.9212e-04
 16860  8.8869e-01  1.1131e-01  0.0000e+00  2.8741e-04
 16880  8.8869e-01  1.1131e-01  0.0000e+00  2.8354e-04
 16900  8.8868e-01  1.1132e-01  0.0000e+00  2.7996e-04
 16920  8.8868e-01  1.1132e-01  0.0000e+00  2.7639e-04
 16940  8.8868e-01  1.1132e-01  0.0000e+00  2.7281e-04
 16960  8.8867e-01  1.1133e-01  0.0000e+00  2.6923e-04
 16980  8.8867e-01  1.1133e-01  0.0000e+00  2.6566e-04
 17000  8.8867e-01  1.1133e-01  5.9605e-08  2.6208e-04
 17020  8.8867e-01  1.1133e-01  5.9605e-08  2.5851e-04
 17040  8.8866e-01  1.1134e-01  0.0000e+00  2.5493e-04
 17060  8.8866e-01  1.1134e-01  0.0000e+00  2.5135e-04
 17080  8.8866e-01  1.1134e-01  0.0000e+00  2.4778e-04
 17100  8.8866e-01  1.1134e-01  0.0000e+00  2.4420e-04
 17120  8.8865e-01  1.1135e-01  2.9802e-07  2.4062e-04
 17140  8.8865e-01  1.1135e-01  4.1723e-07  2.3705e-04
 17160  8.8865e-01  1.1135e-01  0.0000e+00  2.3347e-04
 17180  8.8865e-01  1.1135e-01  9.5367e-07  2.2990e-04
 17200  8.8859e-01  1.1141e-01  0.0000e+00  2.2632e-04
 17220  8.8859e-01  1.1141e-01  0.0000e+00  2.2364e-04
 17240  8.8859e-01  1.1141e-01  0.0000e+00  2.2107e-04
 17260  8.8858e-01  1.1142e-01  2.9802e-07  2.1863e-04
 17280  8.8858e-01  1.1142e-01  0.0000e+00  2.1583e-04
 17300  8.8858e-01  1.1142e-01  0.0000e+00  2.1261e-04
 17320  8.8858e-01  1.1142e-01  0.0000e+00  2.0903e-04
 17340  8.8857e-01  1.1143e-01  4.1723e-07  2.0546e-04
 17360  8.8857e-01  1.1143e-01  0.0000e+00  2.0188e-04
 17380  8.8857e-01  1.1143e-01  0.0000e+00  1.9830e-04
 17400  8.8856e-01  1.1144e-01  1.7881e-07  1.9473e-04
 17420  8.8856e-01  1.1144e-01  1.1921e-07  1.9354e-04
 17440  8.8856e-01  1.1144e-01  6.5565e-07  1.9234e-04
 17460  8.8856e-01  1.1144e-01  4.7684e-07  1.9115e-04
 17480  8.8855e-01  1.1145e-01  5.9605e-08  1.8996e-04
 17500  8.8855e-01  1.1145e-01  0.0000e+00  1.8877e-04
 17520  8.8855e-01  1.1145e-01  2.9802e-07  1.8758e-04
 17540  8.8855e-01  1.1145e-01  0.0000e+00  1.8638e-04
 17560  8.8854e-01  1.1146e-01  0.0000e+00  1.8519e-04
 17580  8.8854e-01  1.1146e-01  0.0000e+00  1.8430e-04
 17600  8.8854e-01  1.1146e-01  0.0000e+00  1.8430e-04
 17620  8.8853e-01  1.1147e-01  0.0000e+00  1.8430e-04
 17640  8.8853e-01  1.1147e-01  0.0000e+00  1.8430e-04
 17660  8.8853e-01  1.1147e-01  4.1723e-07  1.8430e-04
 17680  8.8853e-01  1.1147e-01  0.0000e+00  1.8430e-04
 17700  8.8853e-01  1.1147e-01  1.1921e-07  1.8430e-04
 17720  8.8852e-01  1.1148e-01  2.3842e-07  1.8430e-04
 17740  8.8852e-01  1.1148e-01  0.0000e+00  1.8430e-04
 17760  8.8852e-01  1.1148e-01  0.0000e+00  1.8430e-04
 17780  8.8852e-01  1.1148e-01  6.5565e-07  1.8430e-04
 17800  8.8851e-01  1.1149e-01  0.0000e+00  1.8430e-04
 17820  8.8851e-01  1.1149e-01  0.0000e+00  1.8430e-04
 17840  8.8851e-01  1.1149e-01  1.7881e-07  1.8430e-04
 17860  8.8851e-01  1.1149e-01  0.0000e+00  1.8430e-04
 17880  8.8850e-01  1.1150e-01  0.0000e+00  1.8430e-04
 17900  8.8850e-01  1.1150e-01  2.3842e-07  1.8430e-04
 17920  8.8850e-01  1.1150e-01  2.3842e-07  1.8430e-04
 17940  8.8850e-01  1.1150e-01  4.7684e-07  1.8430e-04
 17960  8.8850e-01  1.1150e-01  5.9605e-08  1.8430e-04
 17980  8.8849e-01  1.1151e-01  0.0000e+00  1.8430e-04
 18000  8.8849e-01  1.1151e-01  8.3447e-07  1.8430e-04
 18020  8.8849e-01  1.1151e-01  0.0000e+00  1.8430e-04
 18040  8.8848e-01  1.1152e-01  0.0000e+00  1.8430e-04
 18060  8.8848e-01  1.1152e-01  5.3644e-07  1.8430e-04
 18080  8.8848e-01  1.1152e-01  0.0000e+00  1.8430e-04
 18100  8.8847e-01  1.1153e-01  5.9605e-07  1.8430e-04
 18120  8.8847e-01  1.1153e-01  3.5763e-07  1.8430e-04
 18140  8.8847e-01  1.1153e-01  0.0000e+00  1.8430e-04
 18160  8.8847e-01  1.1153e-01  5.9605e-08  1.8430e-04
 18180  8.8846e-01  1.1154e-01  0.0000e+00  1.8430e-04
 18200  8.8846e-01  1.1154e-01  0.0000e+00  1.8430e-04
 18220  8.8846e-01  1.1154e-01  2.3842e-07  1.8221e-04
 18240  8.8846e-01  1.1154e-01  1.7881e-07  1.8001e-04
 18260  8.8845e-01  1.1155e-01  0.0000e+00  1.7768e-04
 18280  8.8845e-01  1.1155e-01  1.1921e-07  1.7571e-04
 18300  8.8845e-01  1.1155e-01  1.7881e-07  1.7416e-04
 18320  8.8845e-01  1.1155e-01  0.0000e+00  1.7297e-04
 18340  8.8845e-01  1.1155e-01  5.3644e-07  1.7178e-04
 18360  8.8844e-01  1.1156e-01  0.0000e+00  1.7059e-04
 18380  8.8844e-01  1.1156e-01  0.0000e+00  1.6940e-04
 18400  8.8844e-01  1.1156e-01  0.0000e+00  1.6820e-04
 18420  8.8843e-01  1.1157e-01  2.9802e-07  1.6701e-04
 18440  8.8843e-01  1.1157e-01  0.0000e+00  1.6582e-04
 18460  8.8843e-01  1.1157e-01  0.0000e+00  1.6463e-04
 18480  8.8843e-01  1.1157e-01  4.1723e-07  1.6344e-04
 18500  8.8843e-01  1.1157e-01  0.0000e+00  1.6224e-04
 18520  8.8843e-01  1.1157e-01  1.1921e-07  1.6105e-04
 18540  8.8843e-01  1.1157e-01  0.0000e+00  1.5986e-04
 18560  8.8842e-01  1.1158e-01  2.3842e-07  1.5867e-04
 18580  8.8842e-01  1.1158e-01  0.0000e+00  1.5748e-04
 18600  8.8842e-01  1.1158e-01  2.3842e-07  1.5628e-04
 18620  8.8842e-01  1.1158e-01  7.7486e-07  1.5509e-04
 18640  8.8842e-01  1.1158e-01  1.1921e-07  1.5390e-04
 18660  8.8842e-01  1.1158e-01  7.1526e-07  1.5271e-04
 18680  8.8841e-01  1.1159e-01  0.0000e+00  1.5152e-04
 18700  8.8841e-01  1.1159e-01  4.7684e-07  1.5032e-04
 18720  8.8841e-01  1.1159e-01  0.0000e+00  1.4913e-04
 18740  8.8841e-01  1.1159e-01  1.7881e-07  1.4794e-04
 18760  8.8841e-01  1.1159e-01  0.0000e+00  1.4675e-04
 18780  8.8841e-01  1.1159e-01  7.1526e-07  1.4555e-04
 18800  8.8841e-01  1.1159e-01  7.7486e-07  1.4436e-04
 18820  8.8840e-01  1.1160e-01  2.3842e-07  1.4317e-04
 18840  8.8840e-01  1.1160e-01  0.0000e+00  1.4198e-04
 18860  8.8840e-01  1.1160e-01  0.0000e+00  1.4079e-04
 18880  8.8840e-01  1.1160e-01  5.9605e-07  1.3959e-04
 18900  8.8840e-01  1.1160e-01  2.3842e-07  1.3840e-04
 18920  8.8839e-01  1.1161e-01  4.1723e-07  1.3721e-04
 18940  8.8839e-01  1.1161e-01  7.1526e-07  1.3602e-04
 18960  8.8839e-01  1.1161e-01  8.3447e-07  1.3483e-04
 18980  8.8839e-01  1.1161e-01  1.1921e-07  1.3363e-04
 19000  8.8838e-01  1.1162e-01  0.0000e+00  1.3244e-04
 19020  8.8838e-01  1.1162e-01  1.0133e-06  1.3125e-04
 19040  8.8838e-01  1.1162e-01  1.7881e-07  1.3006e-04
 19060  8.8838e-01  1.1162e-01  1.1921e-07  1.2887e-04
 19080  8.8838e-01  1.1162e-01  0.0000e+00  1.2767e-04
 19100  8.8837e-01  1.1163e-01  0.0000e+00  1.2648e-04
 19120  8.8837e-01  1.1163e-01  5.9605e-08  1.2529e-04
 19140  8.8837e-01  1.1163e-01  0.0000e+00  1.2410e-04
 19160  8.8837e-01  1.1163e-01  0.0000e+00  1.2290e-04
 19180  8.8837e-01  1.1163e-01  0.0000e+00  1.2171e-04
 19200  8.8836e-01  1.1164e-01  0.0000e+00  1.2052e-04
 19220  8.8836e-01  1.1164e-01  0.0000e+00  1.2052e-04
 19240  8.8836e-01  1.1164e-01  0.0000e+00  1.2052e-04
 19260  8.8836e-01  1.1164e-01  1.7881e-07  1.2052e-04
 19280  8.8835e-01  1.1165e-01  0.0000e+00  1.2052e-04
 19300  8.8835e-01  1.1165e-01  1.1921e-07  1.2052e-04
 19320  8.8835e-01  1.1165e-01  0.0000e+00  1.2052e-04
 19340  8.8835e-01  1.1165e-01  4.1723e-07  1.2052e-04
 19360  8.8835e-01  1.1165e-01  7.1526e-07  1.2052e-04
 19380  8.8835e-01  1.1165e-01  2.3842e-07  1.2052e-04
 19400  8.8834e-01  1.1166e-01  0.0000e+00  1.2052e-04
 19420  8.8834e-01  1.1166e-01  0.0000e+00  1.2052e-04
 19440  8.8834e-01  1.1166e-01  0.0000e+00  1.2052e-04
 19460  8.8834e-01  1.1166e-01  0.0000e+00  1.2052e-04
 19480  8.8834e-01  1.1166e-01  0.0000e+00  1.2052e-04
 19500  8.8834e-01  1.1166e-01  3.5763e-07  1.2052e-04
 19520  8.8834e-01  1.1166e-01  4.7684e-07  1.2010e-04
 19540  8.8833e-01  1.1167e-01  4.7684e-07  1.2010e-04
 19560  8.8833e-01  1.1167e-01  0.0000e+00  1.2010e-04
 19580  8.8833e-01  1.1167e-01  1.7881e-07  1.2010e-04
 19600  8.8833e-01  1.1167e-01  4.7684e-07  1.2010e-04
 19620  8.8833e-01  1.1167e-01  0.0000e+00  1.2010e-04
 19640  8.8833e-01  1.1167e-01  3.5763e-07  1.2010e-04
 19660  8.8832e-01  1.1168e-01  1.1921e-07  1.2010e-04
 19680  8.8832e-01  1.1168e-01  1.1921e-07  1.2010e-04
 19700  8.8832e-01  1.1168e-01  0.0000e+00  1.2010e-04
 19720  8.8832e-01  1.1168e-01  2.3842e-07  1.2010e-04
 19740  8.8832e-01  1.1168e-01  2.3842e-07  1.2010e-04
 19760  8.8831e-01  1.1169e-01  0.0000e+00  1.2010e-04
 19780  8.8831e-01  1.1169e-01  0.0000e+00  1.2010e-04
 19800  8.8831e-01  1.1169e-01  0.0000e+00  1.2010e-04
 19820  8.8831e-01  1.1169e-01  5.9605e-08  1.2010e-04
 19840  8.8831e-01  1.1169e-01  5.3644e-07  1.2010e-04
 19860  8.8830e-01  1.1170e-01  0.0000e+00  1.2010e-04
 19880  8.8830e-01  1.1170e-01  5.9605e-08  1.2010e-04
 19900  8.8830e-01  1.1170e-01  0.0000e+00  1.2010e-04
 19920  8.8830e-01  1.1170e-01  0.0000e+00  1.2010e-04
 19940  8.8830e-01  1.1170e-01  0.0000e+00  1.2010e-04
 19960  8.8829e-01  1.1171e-01  0.0000e+00  1.2010e-04
 19980  8.8829e-01  1.1171e-01  5.9605e-08  1.2010e-04
 20000  8.8829e-01  1.1171e-01  0.0000e+00  1.2010e-04
 20020  8.8829e-01  1.1171e-01  0.0000e+00  1.2010e-04
 20040  8.8828e-01  1.1172e-01  1.7881e-07  1.2010e-04
 20060  8.8828e-01  1.1172e-01  0.0000e+00  1.2010e-04
 20080  8.8828e-01  1.1172e-01  4.1723e-07  1.2010e-04
 20100  8.8828e-01  1.1172e-01  1.1921e-07  1.2010e-04
 20120  8.8828e-01  1.1172e-01  5.9605e-08  1.2010e-04
 20140  8.8827e-01  1.1173e-01  0.0000e+00  1.2010e-04
 20160  8.8827e-01  1.1173e-01  1.7881e-07  1.2010e-04
 20180  8.8827e-01  1.1173e-01  0.0000e+00  1.2010e-04
 20200  8.8827e-01  1.1173e-01  0.0000e+00  1.2010e-04
 20220  8.8827e-01  1.1173e-01  2.9802e-07  1.2010e-04
 20240  8.8826e-01  1.1174e-01  0.0000e+00  1.2010e-04
 20260  8.8826e-01  1.1174e-01  0.0000e+00  1.2010e-04
 20280  8.8826e-01  1.1174e-01  0.0000e+00  1.2010e-04
 20300  8.8826e-01  1.1174e-01  5.9605e-08  1.2010e-04
 20320  8.8826e-01  1.1174e-01  0.0000e+00  1.2010e-04
 20340  8.8825e-01  1.1175e-01  0.0000e+00  1.2010e-04
 20360  8.8825e-01  1.1175e-01  0.0000e+00  1.2010e-04
 20380  8.8825e-01  1.1175e-01  5.9605e-07  1.2010e-04
 20400  8.8825e-01  1.1175e-01  4.7684e-07  1.2010e-04
 20420  8.8825e-01  1.1175e-01  2.3842e-07  1.2010e-04
 20440  8.8825e-01  1.1175e-01  1.1921e-07  1.2010e-04
 20460  8.8824e-01  1.1176e-01  1.1921e-07  1.2010e-04
 20480  8.8824e-01  1.1176e-01  0.0000e+00  1.2010e-04
 20500  8.8824e-01  1.1176e-01  2.3842e-07  1.2010e-04
 20520  8.8824e-01  1.1176e-01  0.0000e+00  1.2052e-04
 20540  8.8824e-01  1.1176e-01  0.0000e+00  1.2052e-04
 20560  8.8823e-01  1.1177e-01  2.3842e-07  1.2052e-04
 20580  8.8823e-01  1.1177e-01  0.0000e+00  1.2052e-04
 20600  8.8823e-01  1.1177e-01  4.7684e-07  1.2052e-04
 20620  8.8823e-01  1.1177e-01  0.0000e+00  1.2052e-04
 20640  8.8823e-01  1.1177e-01  0.0000e+00  1.2052e-04
 20660  8.8823e-01  1.1177e-01  0.0000e+00  1.2052e-04
 20680  8.8822e-01  1.1178e-01  0.0000e+00  1.2052e-04
 20700  8.8822e-01  1.1178e-01  0.0000e+00  1.2052e-04
 20720  8.8822e-01  1.1178e-01  5.9605e-08  1.2052e-04
 20740  8.8822e-01  1.1178e-01  0.0000e+00  1.2052e-04
 20760  8.8822e-01  1.1178e-01  2.9802e-07  1.2052e-04
 20780  8.8822e-01  1.1178e-01  5.9605e-08  1.2052e-04
 20800  8.8821e-01  1.1179e-01  0.0000e+00  1.2052e-04
 20820  8.8821e-01  1.1179e-01  5.9605e-08  1.2052e-04
 20840  8.8821e-01  1.1179e-01  0.0000e+00  1.2052e-04
 20860  8.8821e-01  1.1179e-01  0.0000e+00  1.2052e-04
 20880  8.8821e-01  1.1179e-01  0.0000e+00  1.2052e-04
 20900  8.8820e-01  1.1180e-01  1.7881e-07  1.2052e-04
 20920  8.8820e-01  1.1180e-01  2.9802e-07  1.2052e-04
 20940  8.8820e-01  1.1180e-01  2.3842e-07  1.2052e-04
 20960  8.8820e-01  1.1180e-01  2.3842e-07  1.2052e-04
 20980  8.8820e-01  1.1180e-01  1.1921e-07  1.2052e-04
 21000  8.8819e-01  1.1181e-01  0.0000e+00  1.2052e-04
 21020  8.8819e-01  1.1181e-01  0.0000e+00  1.2052e-04
 21040  8.8819e-01  1.1181e-01  1.7881e-07  1.2052e-04
 21060  8.8819e-01  1.1181e-01  5.9605e-08  1.2052e-04
 21080  8.8819e-01  1.1181e-01  1.7881e-07  1.2052e-04
 21100  8.8819e-01  1.1181e-01  0.0000e+00  1.2034e-04
 21120  8.8819e-01  1.1181e-01  0.0000e+00  1.1915e-04
 21140  8.8819e-01  1.1181e-01  5.9605e-08  1.1855e-04
 21160  8.8818e-01  1.1182e-01  0.0000e+00  1.1802e-04
 21180  8.8818e-01  1.1182e-01  0.0000e+00  1.1802e-04
 21200  8.8818e-01  1.1182e-01  0.0000e+00  1.1802e-04
 21220  8.8818e-01  1.1182e-01  1.7881e-07  1.1802e-04
 21240  8.8817e-01  1.1183e-01  3.5763e-07  1.1802e-04
 21260  8.8817e-01  1.1183e-01  3.5763e-07  1.1760e-04
 21280  8.8817e-01  1.1183e-01  0.0000e+00  1.1641e-04
 21300  8.8817e-01  1.1183e-01  0.0000e+00  1.1522e-04
 21320  8.8817e-01  1.1183e-01  2.9802e-07  1.1402e-04
 21340  8.8817e-01  1.1183e-01  0.0000e+00  1.1283e-04
 21360  8.8817e-01  1.1183e-01  2.3842e-07  1.1164e-04
 21380  8.8817e-01  1.1183e-01  4.1723e-07  1.1045e-04
 21400  8.8816e-01  1.1184e-01  0.0000e+00  1.0926e-04
 21420  8.8816e-01  1.1184e-01  0.0000e+00  1.0806e-04
 21440  8.8816e-01  1.1184e-01  1.1921e-07  1.0687e-04
 21460  8.8816e-01  1.1184e-01  3.5763e-07  1.0568e-04
 21480  8.8816e-01  1.1184e-01  2.3842e-07  1.0449e-04
 21500  8.8816e-01  1.1184e-01  5.9605e-08  1.0329e-04
 21520  8.8816e-01  1.1184e-01  0.0000e+00  1.0210e-04
 21540  8.8816e-01  1.1184e-01  0.0000e+00  1.0091e-04
 21555  8.8815e-01  0.0000e+00  1.1185e-01  0.0000e+00  9.9957e-05
# Std.corr:  FIRST=   0.06835914   LAST=   0.11184604  TIME=  26903 s
