# imodfit> Score file
# Iter       Score cross.corr. Delta_Score D_Score_Avg
     0  9.0882e-01  9.1181e-02
    20  9.0880e-01  9.1204e-02  0.0000e+00  9.1834e-41
    40  9.0876e-01  9.1245e-02  1.1921e-06  9.1834e-41
    60  9.0873e-01  9.1271e-02  1.7881e-06  9.1834e-41
    80  9.0871e-01  9.1292e-02  1.1921e-07  9.1834e-41
   100  9.0868e-01  9.1322e-02  8.3447e-07  9.1834e-41
   120  9.0865e-01  9.1350e-02  0.0000e+00  9.1834e-41
   140  9.0861e-01  9.1391e-02  5.9605e-06  9.1834e-41
   160  9.0857e-01  9.1434e-02  0.0000e+00  9.1834e-41
   180  9.0854e-01  9.1461e-02  0.0000e+00  9.1834e-41
   200  8.9796e-01  1.0204e-01  0.0000e+00  9.1834e-41
   220  8.9791e-01  1.0209e-01  0.0000e+00  9.1834e-41
   240  8.9786e-01  1.0214e-01  0.0000e+00  9.1834e-41
   260  8.9780e-01  1.0220e-01  5.9605e-07  9.1834e-41
   280  8.9776e-01  1.0224e-01  0.0000e+00  9.1834e-41
   300  8.9770e-01  1.0230e-01  6.1393e-06  9.1834e-41
   320  8.9768e-01  1.0232e-01  0.0000e+00  9.1834e-41
   340  8.9765e-01  1.0235e-01  4.5300e-06  9.1834e-41
   360  8.9763e-01  1.0237e-01  0.0000e+00  9.1834e-41
   380  8.9760e-01  1.0240e-01  0.0000e+00  9.1834e-41
   400  8.9756e-01  1.0244e-01  5.9605e-08  9.1834e-41
   420  8.9754e-01  1.0246e-01  0.0000e+00  9.1834e-41
   440  8.9753e-01  1.0247e-01  0.0000e+00  9.1834e-41
   460  8.9750e-01  1.0250e-01  3.4571e-06  9.1834e-41
   480  8.9747e-01  1.0253e-01  0.0000e+00  9.1834e-41
   500  8.9746e-01  1.0254e-01  2.5034e-06  9.1834e-41
   520  8.9744e-01  1.0256e-01  0.0000e+00  9.1834e-41
   540  8.9743e-01  1.0257e-01  2.5630e-06  9.1834e-41
   560  8.9741e-01  1.0259e-01  0.0000e+00  9.1834e-41
   580  8.9739e-01  1.0261e-01  1.1921e-07  9.1834e-41
   600  8.9738e-01  1.0262e-01  0.0000e+00  9.1834e-41
   620  8.9737e-01  1.0263e-01  0.0000e+00  9.1834e-41
   640  8.9735e-01  1.0265e-01  1.0133e-06  9.1834e-41
   660  8.9734e-01  1.0266e-01  9.5367e-07  9.1834e-41
   680  8.9732e-01  1.0268e-01  0.0000e+00  9.1834e-41
   700  8.9731e-01  1.0269e-01  0.0000e+00  9.1834e-41
   720  8.9729e-01  1.0271e-01  3.0398e-06  9.1834e-41
   740  8.9728e-01  1.0272e-01  1.1325e-06  9.1834e-41
   760  8.9726e-01  1.0274e-01  0.0000e+00  9.1834e-41
   780  8.9724e-01  1.0276e-01  7.1526e-07  9.1834e-41
   800  8.9720e-01  1.0280e-01  0.0000e+00  9.1834e-41
   820  8.9719e-01  1.0281e-01  0.0000e+00  9.1834e-41
   840  8.9718e-01  1.0282e-01  7.7486e-07  9.1834e-41
   860  8.9716e-01  1.0284e-01  3.8147e-06  9.1834e-41
   880  8.9715e-01  1.0285e-01  7.7486e-07  9.1834e-41
   900  8.9713e-01  1.0287e-01  0.0000e+00  9.1834e-41
   920  8.9712e-01  1.0288e-01  0.0000e+00  9.1834e-41
   940  8.9711e-01  1.0289e-01  3.2783e-06  9.1834e-41
   960  8.9710e-01  1.0290e-01  0.0000e+00  9.1834e-41
   980  8.9707e-01  1.0293e-01  4.7088e-06  9.1834e-41
  1000  8.9705e-01  1.0295e-01  0.0000e+00  9.1834e-41
  1020  8.9704e-01  1.0296e-01  7.7486e-07  9.1834e-41
  1040  8.9703e-01  1.0297e-01  1.9073e-06  9.1834e-41
  1060  8.9702e-01  1.0298e-01  2.6226e-06  9.1834e-41
  1080  8.9699e-01  1.0301e-01  0.0000e+00  9.1834e-41
  1100  8.9697e-01  1.0303e-01  0.0000e+00  9.1834e-41
  1120  8.9696e-01  1.0304e-01  1.1921e-07  9.1834e-41
  1140  8.9694e-01  1.0306e-01  0.0000e+00  9.1834e-41
  1160  8.9692e-01  1.0308e-01  2.9802e-07  9.1834e-41
  1180  8.9691e-01  1.0309e-01  2.3842e-07  9.1834e-41
  1200  8.9690e-01  1.0310e-01  3.0398e-06  9.1834e-41
  1220  8.9689e-01  1.0311e-01  1.5497e-06  9.1834e-41
  1240  8.9687e-01  1.0313e-01  2.2650e-06  9.1834e-41
  1260  8.9686e-01  1.0314e-01  5.9605e-08  9.1834e-41
  1280  8.9684e-01  1.0316e-01  0.0000e+00  9.1834e-41
  1300  8.9683e-01  1.0317e-01  1.7881e-07  9.1834e-41
  1320  8.9681e-01  1.0319e-01  3.0398e-06  9.1834e-41
  1340  8.9678e-01  1.0322e-01  2.9802e-07  9.1834e-41
  1360  8.9677e-01  1.0323e-01  0.0000e+00  9.1834e-41
  1380  8.9675e-01  1.0325e-01  0.0000e+00  9.1834e-41
  1400  8.9674e-01  1.0326e-01  3.3975e-06  9.1834e-41
  1420  8.9673e-01  1.0327e-01  5.3644e-07  9.1834e-41
  1440  8.9673e-01  1.0327e-01  0.0000e+00  9.1834e-41
  1460  8.9671e-01  1.0329e-01  0.0000e+00  9.1834e-41
  1480  8.9670e-01  1.0330e-01  0.0000e+00  9.1834e-41
  1500  8.9669e-01  1.0331e-01  3.5763e-07  9.1834e-41
  1520  8.9668e-01  1.0332e-01  0.0000e+00  9.1834e-41
  1540  8.9666e-01  1.0334e-01  3.1590e-06  9.1834e-41
  1560  8.9664e-01  1.0336e-01  2.3842e-07  9.1834e-41
  1580  8.9663e-01  1.0337e-01  3.1590e-06  9.1834e-41
  1600  8.9662e-01  1.0338e-01  2.4438e-06  9.1834e-41
  1620  8.9661e-01  1.0339e-01  8.9407e-07  9.1834e-41
  1640  8.9660e-01  1.0340e-01  3.2783e-06  9.1834e-41
  1660  8.9660e-01  1.0340e-01  3.0994e-06  9.1834e-41
  1680  8.9658e-01  1.0342e-01  0.0000e+00  9.1834e-41
  1700  8.9657e-01  1.0343e-01  0.0000e+00  9.1834e-41
  1720  8.9657e-01  1.0343e-01  0.0000e+00  9.1834e-41
  1740  8.9656e-01  1.0344e-01  5.9605e-07  9.1834e-41
  1760  8.9655e-01  1.0345e-01  2.8610e-06  9.1834e-41
  1780  8.9654e-01  1.0346e-01  0.0000e+00  9.1834e-41
  1800  8.9653e-01  1.0347e-01  2.0266e-06  9.1834e-41
  1820  8.9653e-01  1.0347e-01  2.3246e-06  9.1834e-41
  1840  8.9652e-01  1.0348e-01  1.0729e-06  9.1834e-41
  1860  8.9651e-01  1.0349e-01  4.1723e-07  9.1834e-41
  1880  8.9650e-01  1.0350e-01  0.0000e+00  9.1834e-41
  1900  8.9649e-01  1.0351e-01  2.9206e-06  9.1834e-41
  1920  8.9648e-01  1.0352e-01  0.0000e+00  9.1834e-41
  1940  8.9646e-01  1.0354e-01  0.0000e+00  9.1834e-41
  1960  8.9646e-01  1.0354e-01  7.1526e-07  9.1834e-41
  1980  8.9645e-01  1.0355e-01  0.0000e+00  9.1834e-41
  2000  8.9644e-01  1.0356e-01  0.0000e+00  9.1834e-41
  2020  8.9643e-01  1.0357e-01  0.0000e+00  2.7315e-03
  2040  8.9643e-01  1.0357e-01  8.3447e-07  2.5086e-03
  2060  8.9642e-01  1.0358e-01  0.0000e+00  2.2857e-03
  2080  8.9640e-01  1.0360e-01  0.0000e+00  2.0633e-03
  2100  8.9639e-01  1.0361e-01  0.0000e+00  1.8409e-03
  2120  8.9638e-01  1.0362e-01  0.0000e+00  1.6192e-03
  2140  8.9637e-01  1.0363e-01  4.1723e-07  1.3975e-03
  2160  8.9636e-01  1.0364e-01  0.0000e+00  1.1753e-03
  2180  8.9635e-01  1.0365e-01  0.0000e+00  9.5361e-04
  2200  8.9634e-01  1.0366e-01  7.1526e-07  7.3189e-04
  2220  8.9634e-01  1.0366e-01  1.0729e-06  7.2199e-04
  2240  8.9633e-01  1.0367e-01  5.9605e-08  7.1245e-04
  2260  8.9632e-01  1.0368e-01  1.1921e-07  7.0387e-04
  2280  8.9632e-01  1.0368e-01  0.0000e+00  6.9565e-04
  2300  8.9631e-01  1.0369e-01  1.4901e-06  6.8849e-04
  2320  8.9630e-01  1.0370e-01  0.0000e+00  6.8086e-04
  2340  8.9628e-01  1.0372e-01  2.0862e-06  6.7306e-04
  2360  8.9628e-01  1.0372e-01  0.0000e+00  6.6531e-04
  2380  8.9627e-01  1.0373e-01  0.0000e+00  6.5815e-04
  2400  8.9621e-01  1.0379e-01  5.9605e-08  6.5100e-04
  2420  8.9620e-01  1.0380e-01  0.0000e+00  6.4504e-04
  2440  8.9618e-01  1.0382e-01  0.0000e+00  6.3998e-04
  2460  8.9617e-01  1.0383e-01  0.0000e+00  6.3521e-04
  2480  8.9615e-01  1.0385e-01  1.2517e-06  6.3044e-04
  2500  8.9614e-01  1.0386e-01  5.9605e-08  6.2567e-04
  2520  8.9613e-01  1.0387e-01  0.0000e+00  6.2090e-04
  2540  8.9613e-01  1.0387e-01  8.9407e-07  6.1613e-04
  2560  8.9611e-01  1.0389e-01  0.0000e+00  6.1136e-04
  2580  8.9611e-01  1.0389e-01  4.7684e-07  6.0660e-04
  2600  8.9610e-01  1.0390e-01  3.5763e-07  6.0183e-04
  2620  8.9609e-01  1.0391e-01  1.0729e-06  5.9706e-04
  2640  8.9608e-01  1.0392e-01  0.0000e+00  5.9229e-04
  2660  8.9607e-01  1.0393e-01  0.0000e+00  5.8752e-04
  2680  8.9607e-01  1.0393e-01  0.0000e+00  5.8359e-04
  2700  8.9606e-01  1.0394e-01  0.0000e+00  5.8001e-04
  2720  8.9605e-01  1.0395e-01  4.7684e-07  5.7644e-04
  2740  8.9604e-01  1.0396e-01  1.1921e-07  5.7286e-04
  2760  8.9603e-01  1.0397e-01  4.1723e-07  5.6928e-04
  2780  8.9603e-01  1.0397e-01  1.1921e-07  5.6571e-04
  2800  8.9601e-01  1.0399e-01  0.0000e+00  5.6213e-04
  2820  8.9600e-01  1.0400e-01  1.1325e-06  5.5975e-04
  2840  8.9599e-01  1.0401e-01  1.1921e-06  5.5736e-04
  2860  8.9597e-01  1.0403e-01  0.0000e+00  5.5498e-04
  2880  8.9597e-01  1.0403e-01  1.7881e-07  5.5259e-04
  2900  8.9597e-01  1.0403e-01  1.1325e-06  5.5021e-04
  2920  8.9596e-01  1.0404e-01  6.5565e-07  5.4783e-04
  2940  8.9595e-01  1.0405e-01  2.0266e-06  5.4544e-04
  2960  8.9594e-01  1.0406e-01  0.0000e+00  5.4306e-04
  2980  8.9594e-01  1.0406e-01  0.0000e+00  5.4085e-04
  3000  8.9588e-01  1.0412e-01  5.9605e-08  5.3924e-04
  3020  8.9587e-01  1.0413e-01  1.5497e-06  5.3805e-04
  3040  8.9586e-01  1.0414e-01  0.0000e+00  5.3686e-04
  3060  8.9585e-01  1.0415e-01  2.3246e-06  5.3573e-04
  3080  8.9585e-01  1.0415e-01  5.9605e-08  5.3453e-04
  3100  8.9584e-01  1.0416e-01  5.9605e-07  5.3334e-04
  3120  8.9583e-01  1.0417e-01  0.0000e+00  5.3215e-04
  3140  8.9582e-01  1.0418e-01  2.3246e-06  5.3096e-04
  3160  8.9582e-01  1.0418e-01  0.0000e+00  5.3036e-04
  3180  8.9581e-01  1.0419e-01  0.0000e+00  5.3036e-04
  3200  8.9571e-01  1.0429e-01  0.0000e+00  5.3036e-04
  3220  8.9570e-01  1.0430e-01  0.0000e+00  5.3275e-04
  3240  8.9569e-01  1.0431e-01  1.4901e-06  5.3513e-04
  3260  8.9567e-01  1.0433e-01  0.0000e+00  5.3751e-04
  3280  8.9566e-01  1.0434e-01  0.0000e+00  5.3990e-04
  3300  8.9565e-01  1.0435e-01  2.3842e-07  5.4228e-04
  3320  8.9564e-01  1.0436e-01  1.6689e-06  5.4514e-04
  3340  8.9562e-01  1.0438e-01  1.8477e-06  5.4818e-04
  3360  8.9562e-01  1.0438e-01  0.0000e+00  5.5176e-04
  3380  8.9561e-01  1.0439e-01  1.3113e-06  5.5534e-04
  3400  8.9557e-01  1.0443e-01  0.0000e+00  5.5891e-04
  3420  8.9555e-01  1.0445e-01  0.0000e+00  5.6130e-04
  3440  8.9552e-01  1.0448e-01  6.3181e-06  5.6368e-04
  3460  8.9549e-01  1.0451e-01  1.3113e-06  5.6607e-04
  3480  8.9548e-01  1.0452e-01  0.0000e+00  5.6845e-04
  3500  8.9547e-01  1.0453e-01  8.3447e-07  5.7083e-04
  3520  8.9546e-01  1.0454e-01  2.3246e-06  5.7322e-04
  3540  8.9545e-01  1.0455e-01  0.0000e+00  5.7560e-04
  3560  8.9543e-01  1.0457e-01  7.7486e-07  5.7817e-04
  3580  8.9541e-01  1.0459e-01  0.0000e+00  5.8174e-04
  3600  8.9536e-01  1.0464e-01  0.0000e+00  5.8532e-04
  3620  8.9534e-01  1.0466e-01  6.3777e-06  5.8901e-04
  3640  8.9531e-01  1.0469e-01  1.3709e-06  5.9378e-04
  3660  8.9529e-01  1.0471e-01  0.0000e+00  5.9855e-04
  3680  8.9526e-01  1.0474e-01  0.0000e+00  6.0332e-04
  3700  8.9524e-01  1.0476e-01  2.5630e-06  6.0928e-04
  3720  8.9520e-01  1.0480e-01  0.0000e+00  6.1524e-04
  3740  8.9516e-01  1.0484e-01  0.0000e+00  6.2174e-04
  3760  8.9511e-01  1.0489e-01  0.0000e+00  6.2889e-04
  3780  8.9508e-01  1.0492e-01  5.3644e-07  6.3723e-04
  3800  8.9504e-01  1.0496e-01  1.7881e-06  6.4558e-04
  3820  8.9502e-01  1.0498e-01  6.5565e-07  6.5392e-04
  3840  8.9500e-01  1.0500e-01  0.0000e+00  6.6239e-04
  3860  8.9497e-01  1.0503e-01  0.0000e+00  6.7192e-04
  3880  8.9497e-01  1.0503e-01  5.9605e-07  6.8146e-04
  3900  8.9496e-01  1.0504e-01  0.0000e+00  6.9100e-04
  3920  8.9493e-01  1.0507e-01  2.3246e-06  7.0053e-04
  3940  8.9491e-01  1.0509e-01  0.0000e+00  7.1007e-04
  3960  8.9490e-01  1.0510e-01  2.2054e-06  7.2056e-04
  3980  8.9488e-01  1.0512e-01  0.0000e+00  7.3129e-04
  4000  8.9474e-01  1.0526e-01  0.0000e+00  7.4220e-04
  4020  8.9472e-01  1.0528e-01  5.7817e-06  7.5412e-04
  4040  8.9466e-01  1.0534e-01  0.0000e+00  7.6693e-04
  4060  8.9462e-01  1.0538e-01  3.2783e-06  7.8064e-04
  4080  8.9457e-01  1.0543e-01  2.9802e-07  7.9495e-04
  4100  8.9455e-01  1.0545e-01  0.0000e+00  8.0937e-04
  4120  8.9451e-01  1.0549e-01  7.0333e-06  8.2487e-04
  4140  8.9446e-01  1.0554e-01  5.3644e-07  8.4090e-04
  4160  8.9443e-01  1.0557e-01  0.0000e+00  8.5759e-04
  4180  8.9439e-01  1.0561e-01  0.0000e+00  8.7535e-04
  4200  8.9434e-01  1.0566e-01  0.0000e+00  8.9324e-04
  4220  8.9432e-01  1.0568e-01  5.3644e-06  9.0754e-04
  4240  8.9429e-01  1.0571e-01  3.9339e-06  9.2191e-04
  4260  8.9426e-01  1.0574e-01  5.6028e-06  9.3716e-04
  4280  8.9423e-01  1.0577e-01  0.0000e+00  9.5266e-04
  4300  8.9421e-01  1.0579e-01  5.3644e-07  9.6816e-04
  4320  8.9418e-01  1.0582e-01  7.7486e-07  9.8366e-04
  4340  8.9416e-01  1.0584e-01  1.4305e-06  1.0001e-03
  4360  8.9413e-01  1.0587e-01  1.5497e-06  1.0168e-03
  4380  8.9411e-01  1.0589e-01  0.0000e+00  1.0335e-03
  4400  8.9402e-01  1.0598e-01  0.0000e+00  1.0502e-03
  4420  8.9397e-01  1.0603e-01  3.4571e-06  1.0684e-03
  4440  8.9393e-01  1.0607e-01  3.2783e-06  1.0875e-03
  4460  8.9387e-01  1.0613e-01  0.0000e+00  1.1066e-03
  4480  8.9384e-01  1.0616e-01  0.0000e+00  1.1256e-03
  4500  8.9380e-01  1.0620e-01  0.0000e+00  1.1458e-03
  4520  8.9376e-01  1.0624e-01  9.5367e-07  1.1663e-03
  4540  8.9374e-01  1.0626e-01  4.9472e-06  1.1876e-03
  4560  8.9370e-01  1.0630e-01  0.0000e+00  1.2088e-03
  4580  8.9366e-01  1.0634e-01  2.5630e-06  1.2291e-03
  4600  8.9364e-01  1.0636e-01  3.2783e-06  1.2494e-03
  4620  8.9361e-01  1.0639e-01  0.0000e+00  1.2695e-03
  4640  8.9357e-01  1.0643e-01  0.0000e+00  1.2886e-03
  4660  8.9355e-01  1.0645e-01  0.0000e+00  1.3077e-03
  4680  8.9352e-01  1.0648e-01  8.5235e-06  1.3267e-03
  4700  8.9351e-01  1.0649e-01  3.5763e-07  1.3446e-03
  4720  8.9346e-01  1.0654e-01  0.0000e+00  1.3625e-03
  4740  8.9343e-01  1.0657e-01  3.4571e-06  1.3798e-03
  4760  8.9342e-01  1.0658e-01  0.0000e+00  1.3964e-03
  4780  8.9340e-01  1.0660e-01  0.0000e+00  1.4107e-03
  4800  8.9336e-01  1.0664e-01  0.0000e+00  1.4250e-03
  4820  8.9331e-01  1.0669e-01  5.9605e-07  1.4400e-03
  4840  8.9328e-01  1.0672e-01  0.0000e+00  1.4554e-03
  4860  8.9326e-01  1.0674e-01  0.0000e+00  1.4697e-03
  4880  8.9322e-01  1.0678e-01  0.0000e+00  1.4840e-03
  4900  8.9320e-01  1.0680e-01  0.0000e+00  1.4985e-03
  4920  8.9318e-01  1.0682e-01  0.0000e+00  1.5135e-03
  4940  8.9316e-01  1.0684e-01  0.0000e+00  1.5278e-03
  4960  8.9313e-01  1.0687e-01  7.1526e-06  1.5417e-03
  4980  8.9311e-01  1.0689e-01  1.9670e-06  1.5560e-03
  5000  8.9309e-01  1.0691e-01  6.0797e-06  1.5703e-03
  5020  8.9306e-01  1.0694e-01  1.0133e-06  1.5810e-03
  5040  8.9303e-01  1.0697e-01  2.3842e-07  1.5906e-03
  5060  8.9301e-01  1.0699e-01  2.9802e-06  1.5982e-03
  5080  8.9300e-01  1.0700e-01  0.0000e+00  1.6052e-03
  5100  8.9298e-01  1.0702e-01  0.0000e+00  1.6115e-03
  5120  8.9295e-01  1.0705e-01  0.0000e+00  1.6165e-03
  5140  8.9294e-01  1.0706e-01  0.0000e+00  1.6208e-03
  5160  8.9291e-01  1.0709e-01  0.0000e+00  1.6238e-03
  5180  8.9290e-01  1.0710e-01  0.0000e+00  1.6251e-03
  5200  8.9289e-01  1.0711e-01  2.2054e-06  1.6257e-03
  5220  8.9288e-01  1.0712e-01  2.0266e-06  1.6268e-03
  5240  8.9286e-01  1.0714e-01  0.0000e+00  1.6280e-03
  5260  8.9285e-01  1.0715e-01  0.0000e+00  1.6282e-03
  5280  8.9284e-01  1.0716e-01  5.9605e-08  1.6273e-03
  5300  8.9283e-01  1.0717e-01  5.9605e-08  1.6261e-03
  5320  8.9282e-01  1.0718e-01  5.9605e-07  1.6249e-03
  5340  8.9281e-01  1.0719e-01  0.0000e+00  1.6227e-03
  5360  8.9280e-01  1.0720e-01  1.2517e-06  1.6198e-03
  5380  8.9279e-01  1.0721e-01  0.0000e+00  1.6162e-03
  5400  8.9275e-01  1.0725e-01  0.0000e+00  1.6126e-03
  5420  8.9273e-01  1.0727e-01  0.0000e+00  1.6063e-03
  5440  8.9271e-01  1.0729e-01  0.0000e+00  1.5985e-03
  5460  8.9270e-01  1.0730e-01  4.7684e-06  1.5902e-03
  5480  8.9268e-01  1.0732e-01  4.7684e-07  1.5817e-03
  5500  8.9266e-01  1.0734e-01  1.7285e-06  1.5711e-03
  5520  8.9265e-01  1.0735e-01  0.0000e+00  1.5601e-03
  5540  8.9263e-01  1.0737e-01  0.0000e+00  1.5481e-03
  5560  8.9262e-01  1.0738e-01  1.7881e-07  1.5351e-03
  5580  8.9261e-01  1.0739e-01  0.0000e+00  1.5220e-03
  5600  8.9260e-01  1.0740e-01  1.3113e-06  1.5089e-03
  5620  8.9259e-01  1.0741e-01  2.3842e-07  1.4948e-03
  5640  8.9258e-01  1.0742e-01  0.0000e+00  1.4805e-03
  5660  8.9258e-01  1.0742e-01  4.1723e-07  1.4657e-03
  5680  8.9257e-01  1.0743e-01  0.0000e+00  1.4502e-03
  5700  8.9256e-01  1.0744e-01  4.1723e-07  1.4347e-03
  5720  8.9255e-01  1.0745e-01  2.4438e-06  1.4187e-03
  5740  8.9254e-01  1.0746e-01  0.0000e+00  1.4020e-03
  5760  8.9254e-01  1.0746e-01  5.9605e-07  1.3855e-03
  5780  8.9253e-01  1.0747e-01  0.0000e+00  1.3700e-03
  5800  8.9252e-01  1.0748e-01  0.0000e+00  1.3543e-03
  5820  8.9251e-01  1.0749e-01  4.7684e-07  1.3367e-03
  5840  8.9251e-01  1.0749e-01  0.0000e+00  1.3176e-03
  5860  8.9250e-01  1.0750e-01  0.0000e+00  1.2985e-03
  5880  8.9249e-01  1.0751e-01  1.6689e-06  1.2785e-03
  5900  8.9249e-01  1.0751e-01  1.2517e-06  1.2580e-03
  5920  8.9248e-01  1.0752e-01  1.3709e-06  1.2370e-03
  5940  8.9248e-01  1.0752e-01  8.9407e-07  1.2168e-03
  5960  8.9247e-01  1.0753e-01  0.0000e+00  1.1949e-03
  5980  8.9246e-01  1.0754e-01  6.5565e-07  1.1722e-03
  6000  8.9246e-01  1.0754e-01  7.1526e-07  1.1496e-03
  6020  8.9245e-01  1.0755e-01  1.1325e-06  1.1287e-03
  6040  8.9244e-01  1.0756e-01  0.0000e+00  1.1075e-03
  6060  8.9244e-01  1.0756e-01  1.1921e-07  1.0872e-03
  6080  8.9243e-01  1.0757e-01  5.9605e-08  1.0671e-03
  6100  8.9242e-01  1.0758e-01  5.9605e-08  1.0470e-03
  6120  8.9242e-01  1.0758e-01  1.3113e-06  1.0264e-03
  6140  8.9241e-01  1.0759e-01  0.0000e+00  1.0061e-03
  6160  8.9241e-01  1.0759e-01  1.3113e-06  9.8640e-04
  6180  8.9240e-01  1.0760e-01  5.9605e-07  9.6613e-04
  6200  8.9240e-01  1.0760e-01  0.0000e+00  9.4652e-04
  6220  8.9239e-01  1.0761e-01  8.9407e-07  9.2745e-04
  6240  8.9238e-01  1.0762e-01  6.5565e-07  9.0837e-04
  6260  8.9238e-01  1.0762e-01  1.7881e-07  8.8930e-04
  6280  8.9237e-01  1.0763e-01  4.7684e-07  8.7118e-04
  6300  8.9237e-01  1.0763e-01  9.5367e-07  8.5330e-04
  6320  8.9236e-01  1.0764e-01  0.0000e+00  8.3542e-04
  6340  8.9235e-01  1.0765e-01  2.9802e-07  8.1754e-04
  6360  8.9235e-01  1.0765e-01  0.0000e+00  8.0025e-04
  6380  8.9234e-01  1.0766e-01  4.1723e-07  7.8356e-04
  6400  8.9234e-01  1.0766e-01  5.9605e-08  7.6640e-04
  6420  8.9233e-01  1.0767e-01  2.9802e-07  7.4965e-04
  6440  8.9233e-01  1.0767e-01  0.0000e+00  7.3320e-04
  6460  8.9232e-01  1.0768e-01  3.5763e-07  7.1651e-04
  6480  8.9232e-01  1.0768e-01  3.5763e-07  6.9994e-04
  6500  8.9231e-01  1.0769e-01  0.0000e+00  6.8438e-04
  6520  8.9230e-01  1.0770e-01  0.0000e+00  6.6894e-04
  6540  8.9230e-01  1.0770e-01  0.0000e+00  6.5380e-04
  6560  8.9229e-01  1.0771e-01  0.0000e+00  6.3932e-04
  6580  8.9229e-01  1.0771e-01  0.0000e+00  6.2424e-04
  6600  8.9228e-01  1.0772e-01  7.1526e-07  6.0874e-04
  6620  8.9227e-01  1.0773e-01  0.0000e+00  5.9426e-04
  6640  8.9227e-01  1.0773e-01  6.5565e-07  5.7995e-04
  6660  8.9226e-01  1.0774e-01  4.1723e-07  5.6612e-04
  6680  8.9226e-01  1.0774e-01  0.0000e+00  5.5301e-04
  6700  8.9226e-01  1.0774e-01  1.1921e-07  5.3990e-04
  6720  8.9225e-01  1.0775e-01  4.1723e-07  5.2726e-04
  6740  8.9225e-01  1.0775e-01  5.3644e-07  5.1534e-04
  6760  8.9224e-01  1.0776e-01  6.5565e-07  5.0342e-04
  6780  8.9224e-01  1.0776e-01  0.0000e+00  4.9150e-04
  6800  8.9223e-01  1.0777e-01  0.0000e+00  4.7976e-04
  6820  8.9223e-01  1.0777e-01  6.5565e-07  4.6927e-04
  6840  8.9222e-01  1.0778e-01  0.0000e+00  4.5973e-04
  6860  8.9222e-01  1.0778e-01  0.0000e+00  4.5019e-04
  6880  8.9221e-01  1.0779e-01  1.1325e-06  4.4161e-04
  6900  8.9221e-01  1.0779e-01  0.0000e+00  4.3327e-04
  6920  8.9220e-01  1.0780e-01  0.0000e+00  4.2492e-04
  6940  8.9220e-01  1.0780e-01  4.1723e-07  4.1658e-04
  6960  8.9219e-01  1.0781e-01  2.3842e-07  4.0936e-04
  6980  8.9219e-01  1.0781e-01  4.1723e-07  4.0221e-04
  7000  8.9219e-01  1.0781e-01  0.0000e+00  3.9506e-04
  7020  8.9218e-01  1.0782e-01  4.7684e-07  3.8838e-04
  7040  8.9218e-01  1.0782e-01  0.0000e+00  3.8147e-04
  7060  8.9218e-01  1.0782e-01  5.9605e-07  3.7432e-04
  7080  8.9218e-01  1.0782e-01  2.9802e-07  3.6716e-04
  7100  8.9217e-01  1.0783e-01  0.0000e+00  3.6067e-04
  7120  8.9216e-01  1.0784e-01  0.0000e+00  3.5471e-04
  7140  8.9216e-01  1.0784e-01  0.0000e+00  3.4875e-04
  7160  8.9215e-01  1.0785e-01  0.0000e+00  3.4279e-04
  7180  8.9215e-01  1.0785e-01  0.0000e+00  3.3802e-04
  7200  8.9215e-01  1.0785e-01  7.1526e-07  3.3325e-04
  7220  8.9214e-01  1.0786e-01  1.1921e-07  3.2848e-04
  7240  8.9214e-01  1.0786e-01  7.1526e-07  3.2371e-04
  7260  8.9213e-01  1.0787e-01  0.0000e+00  3.1894e-04
  7280  8.9213e-01  1.0787e-01  0.0000e+00  3.1418e-04
  7300  8.9213e-01  1.0787e-01  3.5763e-07  3.0941e-04
  7320  8.9212e-01  1.0788e-01  0.0000e+00  3.0464e-04
  7340  8.9212e-01  1.0788e-01  6.5565e-07  2.9987e-04
  7360  8.9211e-01  1.0789e-01  0.0000e+00  2.9510e-04
  7380  8.9211e-01  1.0789e-01  4.1723e-07  2.9033e-04
  7400  8.9210e-01  1.0790e-01  4.1723e-07  2.8604e-04
  7420  8.9210e-01  1.0790e-01  9.5367e-07  2.8247e-04
  7440  8.9210e-01  1.0790e-01  1.1325e-06  2.7931e-04
  7460  8.9209e-01  1.0791e-01  1.1921e-06  2.7692e-04
  7480  8.9209e-01  1.0791e-01  0.0000e+00  2.7454e-04
  7500  8.9208e-01  1.0792e-01  0.0000e+00  2.7215e-04
  7520  8.9208e-01  1.0792e-01  0.0000e+00  2.6977e-04
  7540  8.9208e-01  1.0792e-01  0.0000e+00  2.6739e-04
  7560  8.9207e-01  1.0793e-01  0.0000e+00  2.6500e-04
  7580  8.9207e-01  1.0793e-01  0.0000e+00  2.6339e-04
  7600  8.9207e-01  1.0793e-01  4.1723e-07  2.6220e-04
  7620  8.9206e-01  1.0794e-01  1.1921e-07  2.6101e-04
  7640  8.9206e-01  1.0794e-01  0.0000e+00  2.5982e-04
  7660  8.9206e-01  1.0794e-01  0.0000e+00  2.5791e-04
  7680  8.9205e-01  1.0795e-01  0.0000e+00  2.5582e-04
  7700  8.9205e-01  1.0795e-01  8.9407e-07  2.5350e-04
  7720  8.9205e-01  1.0795e-01  2.3842e-07  2.5111e-04
  7740  8.9204e-01  1.0796e-01  2.3842e-07  2.4873e-04
  7760  8.9204e-01  1.0796e-01  0.0000e+00  2.4635e-04
  7780  8.9203e-01  1.0797e-01  7.1526e-07  2.4396e-04
  7800  8.9203e-01  1.0797e-01  2.3842e-07  2.4158e-04
  7820  8.9203e-01  1.0797e-01  2.3842e-07  2.3919e-04
  7840  8.9202e-01  1.0798e-01  0.0000e+00  2.3681e-04
  7860  8.9202e-01  1.0798e-01  4.1723e-07  2.3443e-04
  7880  8.9202e-01  1.0798e-01  1.7881e-07  2.3204e-04
  7900  8.9202e-01  1.0798e-01  0.0000e+00  2.2966e-04
  7920  8.9201e-01  1.0799e-01  0.0000e+00  2.2727e-04
  7940  8.9201e-01  1.0799e-01  1.1921e-07  2.2489e-04
  7960  8.9201e-01  1.0799e-01  6.5565e-07  2.2250e-04
  7980  8.9200e-01  1.0800e-01  5.9605e-08  2.2012e-04
  8000  8.9200e-01  1.0800e-01  5.9605e-08  2.1774e-04
  8020  8.9200e-01  1.0800e-01  2.3842e-07  2.1553e-04
  8040  8.9200e-01  1.0800e-01  7.7486e-07  2.1410e-04
  8060  8.9199e-01  1.0801e-01  0.0000e+00  2.1291e-04
  8080  8.9199e-01  1.0801e-01  0.0000e+00  2.1172e-04
  8100  8.9199e-01  1.0801e-01  5.9605e-07  2.1052e-04
  8120  8.9198e-01  1.0802e-01  0.0000e+00  2.0933e-04
  8140  8.9198e-01  1.0802e-01  2.9802e-07  2.0814e-04
  8160  8.9198e-01  1.0802e-01  0.0000e+00  2.0695e-04
  8180  8.9197e-01  1.0803e-01  0.0000e+00  2.0576e-04
  8200  8.9197e-01  1.0803e-01  0.0000e+00  2.0456e-04
  8220  8.9196e-01  1.0804e-01  0.0000e+00  2.0337e-04
  8240  8.9196e-01  1.0804e-01  5.9605e-08  2.0218e-04
  8260  8.9195e-01  1.0805e-01  0.0000e+00  2.0099e-04
  8280  8.9195e-01  1.0805e-01  2.3842e-07  1.9979e-04
  8300  8.9194e-01  1.0806e-01  9.5367e-07  1.9860e-04
  8320  8.9194e-01  1.0806e-01  0.0000e+00  1.9741e-04
  8340  8.9194e-01  1.0806e-01  0.0000e+00  1.9622e-04
  8360  8.9193e-01  1.0807e-01  4.7684e-07  1.9503e-04
  8380  8.9193e-01  1.0807e-01  9.5367e-07  1.9383e-04
  8400  8.9193e-01  1.0807e-01  0.0000e+00  1.9264e-04
  8420  8.9193e-01  1.0807e-01  5.3644e-07  1.9145e-04
  8440  8.9193e-01  1.0807e-01  2.3842e-07  1.9026e-04
  8460  8.9192e-01  1.0808e-01  0.0000e+00  1.8907e-04
  8480  8.9192e-01  1.0808e-01  0.0000e+00  1.8787e-04
  8500  8.9192e-01  1.0808e-01  0.0000e+00  1.8668e-04
  8520  8.9191e-01  1.0809e-01  2.3842e-07  1.8549e-04
  8540  8.9191e-01  1.0809e-01  0.0000e+00  1.8430e-04
  8560  8.9190e-01  1.0810e-01  0.0000e+00  1.8311e-04
  8580  8.9190e-01  1.0810e-01  0.0000e+00  1.8191e-04
  8600  8.9190e-01  1.0810e-01  2.9802e-07  1.8072e-04
  8620  8.9190e-01  1.0810e-01  1.1921e-07  1.7953e-04
  8640  8.9189e-01  1.0811e-01  0.0000e+00  1.7834e-04
  8660  8.9189e-01  1.0811e-01  0.0000e+00  1.7786e-04
  8680  8.9189e-01  1.0811e-01  0.0000e+00  1.7756e-04
  8700  8.9188e-01  1.0812e-01  7.1526e-07  1.7750e-04
  8720  8.9188e-01  1.0812e-01  1.1325e-06  1.7750e-04
  8740  8.9188e-01  1.0812e-01  0.0000e+00  1.7750e-04
  8760  8.9187e-01  1.0813e-01  0.0000e+00  1.7750e-04
  8780  8.9187e-01  1.0813e-01  5.3644e-07  1.7750e-04
  8800  8.9187e-01  1.0813e-01  0.0000e+00  1.7750e-04
  8820  8.9187e-01  1.0813e-01  0.0000e+00  1.7750e-04
  8840  8.9186e-01  1.0814e-01  0.0000e+00  1.7750e-04
  8860  8.9186e-01  1.0814e-01  0.0000e+00  1.7750e-04
  8880  8.9186e-01  1.0814e-01  0.0000e+00  1.7750e-04
  8900  8.9185e-01  1.0815e-01  4.1723e-07  1.7750e-04
  8920  8.9185e-01  1.0815e-01  2.3842e-07  1.7750e-04
  8940  8.9185e-01  1.0815e-01  2.3842e-07  1.7750e-04
  8960  8.9185e-01  1.0815e-01  7.7486e-07  1.7750e-04
  8980  8.9185e-01  1.0815e-01  5.9605e-07  1.7750e-04
  9000  8.9184e-01  1.0816e-01  5.9605e-08  1.7750e-04
  9020  8.9184e-01  1.0816e-01  1.0133e-06  1.7750e-04
  9040  8.9184e-01  1.0816e-01  5.9605e-08  1.7750e-04
  9060  8.9183e-01  1.0817e-01  0.0000e+00  1.7750e-04
  9080  8.9183e-01  1.0817e-01  4.7684e-07  1.7750e-04
  9100  8.9183e-01  1.0817e-01  6.5565e-07  1.7750e-04
  9120  8.9182e-01  1.0818e-01  1.7881e-07  1.7750e-04
  9140  8.9182e-01  1.0818e-01  0.0000e+00  1.7750e-04
  9160  8.9182e-01  1.0818e-01  4.1723e-07  1.7750e-04
  9180  8.9181e-01  1.0819e-01  0.0000e+00  1.7750e-04
  9200  8.9181e-01  1.0819e-01  5.3644e-07  1.7750e-04
  9220  8.9180e-01  1.0820e-01  1.1921e-07  1.7750e-04
  9240  8.9180e-01  1.0820e-01  0.0000e+00  1.7750e-04
  9260  8.9180e-01  1.0820e-01  0.0000e+00  1.7750e-04
  9280  8.9180e-01  1.0820e-01  4.1723e-07  1.7750e-04
  9300  8.9179e-01  1.0821e-01  0.0000e+00  1.7750e-04
  9320  8.9179e-01  1.0821e-01  1.7881e-07  1.7703e-04
  9340  8.9179e-01  1.0821e-01  0.0000e+00  1.7583e-04
  9360  8.9179e-01  1.0821e-01  0.0000e+00  1.7464e-04
  9380  8.9178e-01  1.0822e-01  0.0000e+00  1.7351e-04
  9400  8.9178e-01  1.0822e-01  7.1526e-07  1.7345e-04
  9420  8.9177e-01  1.0823e-01  0.0000e+00  1.7345e-04
  9440  8.9177e-01  1.0823e-01  2.3842e-07  1.7345e-04
  9460  8.9177e-01  1.0823e-01  1.1921e-07  1.7345e-04
  9480  8.9176e-01  1.0824e-01  0.0000e+00  1.7345e-04
  9500  8.9176e-01  1.0824e-01  3.5763e-07  1.7345e-04
  9520  8.9176e-01  1.0824e-01  5.9605e-08  1.7345e-04
  9540  8.9176e-01  1.0824e-01  5.9605e-08  1.7345e-04
  9560  8.9175e-01  1.0825e-01  4.1723e-07  1.7345e-04
  9580  8.9175e-01  1.0825e-01  0.0000e+00  1.7345e-04
  9600  8.9175e-01  1.0825e-01  7.1526e-07  1.7345e-04
  9620  8.9174e-01  1.0826e-01  0.0000e+00  1.7345e-04
  9640  8.9174e-01  1.0826e-01  2.3842e-07  1.7279e-04
  9660  8.9174e-01  1.0826e-01  5.9605e-08  1.7160e-04
  9680  8.9174e-01  1.0826e-01  1.7881e-07  1.7041e-04
  9700  8.9174e-01  1.0826e-01  0.0000e+00  1.6922e-04
  9720  8.9173e-01  1.0827e-01  1.1921e-07  1.6803e-04
  9740  8.9173e-01  1.0827e-01  0.0000e+00  1.6731e-04
  9760  8.9173e-01  1.0827e-01  3.5763e-07  1.6642e-04
  9780  8.9172e-01  1.0828e-01  4.7684e-07  1.6534e-04
  9800  8.9172e-01  1.0828e-01  0.0000e+00  1.6522e-04
  9820  8.9171e-01  1.0829e-01  9.5367e-07  1.6522e-04
  9840  8.9171e-01  1.0829e-01  0.0000e+00  1.6522e-04
  9860  8.9171e-01  1.0829e-01  8.9407e-07  1.6493e-04
  9880  8.9171e-01  1.0829e-01  0.0000e+00  1.6475e-04
  9900  8.9170e-01  1.0830e-01  0.0000e+00  1.6475e-04
  9920  8.9170e-01  1.0830e-01  0.0000e+00  1.6463e-04
  9940  8.9170e-01  1.0830e-01  3.5763e-07  1.6463e-04
  9960  8.9169e-01  1.0831e-01  1.7881e-07  1.6463e-04
  9980  8.9169e-01  1.0831e-01  2.3842e-07  1.6463e-04
 10000  8.9169e-01  1.0831e-01  0.0000e+00  1.6463e-04
 10020  8.9169e-01  1.0831e-01  7.1526e-07  1.6463e-04
 10040  8.9168e-01  1.0832e-01  0.0000e+00  1.6463e-04
 10060  8.9168e-01  1.0832e-01  0.0000e+00  1.6463e-04
 10080  8.9168e-01  1.0832e-01  0.0000e+00  1.6463e-04
 10100  8.9167e-01  1.0833e-01  6.5565e-07  1.6463e-04
 10120  8.9167e-01  1.0833e-01  0.0000e+00  1.6463e-04
 10140  8.9167e-01  1.0833e-01  0.0000e+00  1.6463e-04
 10160  8.9167e-01  1.0833e-01  2.3842e-07  1.6379e-04
 10180  8.9167e-01  1.0833e-01  0.0000e+00  1.6260e-04
 10200  8.9166e-01  1.0834e-01  2.3842e-07  1.6141e-04
 10220  8.9166e-01  1.0834e-01  0.0000e+00  1.6022e-04
 10240  8.9165e-01  1.0835e-01  0.0000e+00  1.5903e-04
 10260  8.9165e-01  1.0835e-01  0.0000e+00  1.5783e-04
 10280  8.9165e-01  1.0835e-01  5.9605e-08  1.5664e-04
 10300  8.9165e-01  1.0835e-01  0.0000e+00  1.5545e-04
 10320  8.9164e-01  1.0836e-01  1.0133e-06  1.5473e-04
 10340  8.9164e-01  1.0836e-01  2.3842e-07  1.5503e-04
 10360  8.9164e-01  1.0836e-01  2.9802e-07  1.5515e-04
 10380  8.9164e-01  1.0836e-01  1.1921e-07  1.5509e-04
 10400  8.9163e-01  1.0837e-01  0.0000e+00  1.5396e-04
 10420  8.9163e-01  1.0837e-01  5.9605e-08  1.5277e-04
 10440  8.9163e-01  1.0837e-01  5.3644e-07  1.5157e-04
 10460  8.9163e-01  1.0837e-01  8.9407e-07  1.5038e-04
 10480  8.9162e-01  1.0838e-01  3.5763e-07  1.4919e-04
 10500  8.9162e-01  1.0838e-01  4.7684e-07  1.4800e-04
 10520  8.9162e-01  1.0838e-01  4.1723e-07  1.4681e-04
 10540  8.9162e-01  1.0838e-01  7.1526e-07  1.4561e-04
 10560  8.9161e-01  1.0839e-01  5.9605e-08  1.4442e-04
 10580  8.9161e-01  1.0839e-01  0.0000e+00  1.4323e-04
 10600  8.9161e-01  1.0839e-01  0.0000e+00  1.4204e-04
 10620  8.9161e-01  1.0839e-01  0.0000e+00  1.4085e-04
 10640  8.9161e-01  1.0839e-01  0.0000e+00  1.4031e-04
 10660  8.9160e-01  1.0840e-01  0.0000e+00  1.4031e-04
 10680  8.9160e-01  1.0840e-01  5.3644e-07  1.4031e-04
 10700  8.9160e-01  1.0840e-01  0.0000e+00  1.4031e-04
 10720  8.9160e-01  1.0840e-01  1.7881e-07  1.4031e-04
 10740  8.9159e-01  1.0841e-01  0.0000e+00  1.3983e-04
 10760  8.9159e-01  1.0841e-01  0.0000e+00  1.3953e-04
 10780  8.9159e-01  1.0841e-01  3.5763e-07  1.3942e-04
 10800  8.9159e-01  1.0841e-01  0.0000e+00  1.3834e-04
 10820  8.9158e-01  1.0842e-01  0.0000e+00  1.3715e-04
 10840  8.9158e-01  1.0842e-01  0.0000e+00  1.3596e-04
 10860  8.9158e-01  1.0842e-01  7.7486e-07  1.3506e-04
 10880  8.9157e-01  1.0843e-01  0.0000e+00  1.3405e-04
 10900  8.9157e-01  1.0843e-01  0.0000e+00  1.3286e-04
 10920  8.9157e-01  1.0843e-01  0.0000e+00  1.3179e-04
 10940  8.9157e-01  1.0843e-01  2.3842e-07  1.3059e-04
 10960  8.9156e-01  1.0844e-01  4.7684e-07  1.2940e-04
 10980  8.9156e-01  1.0844e-01  0.0000e+00  1.2821e-04
 11000  8.9156e-01  1.0844e-01  0.0000e+00  1.2702e-04
 11020  8.9156e-01  1.0844e-01  5.3644e-07  1.2583e-04
 11040  8.9155e-01  1.0845e-01  0.0000e+00  1.2463e-04
 11060  8.9155e-01  1.0845e-01  0.0000e+00  1.2344e-04
 11080  8.9155e-01  1.0845e-01  1.7881e-07  1.2225e-04
 11100  8.9154e-01  1.0846e-01  9.5367e-07  1.2106e-04
 11120  8.9154e-01  1.0846e-01  0.0000e+00  1.1986e-04
 11140  8.9154e-01  1.0846e-01  3.5763e-07  1.1867e-04
 11160  8.9154e-01  1.0846e-01  7.1526e-07  1.1832e-04
 11180  8.9153e-01  1.0847e-01  0.0000e+00  1.1832e-04
 11200  8.9153e-01  1.0847e-01  5.3644e-07  1.1832e-04
 11220  8.9153e-01  1.0847e-01  0.0000e+00  1.1832e-04
 11240  8.9152e-01  1.0848e-01  1.7881e-07  1.1832e-04
 11260  8.9152e-01  1.0848e-01  0.0000e+00  1.1832e-04
 11280  8.9152e-01  1.0848e-01  0.0000e+00  1.1832e-04
 11300  8.9152e-01  1.0848e-01  5.3644e-07  1.1832e-04
 11320  8.9152e-01  1.0848e-01  0.0000e+00  1.1832e-04
 11340  8.9151e-01  1.0849e-01  0.0000e+00  1.1802e-04
 11360  8.9151e-01  1.0849e-01  1.7881e-07  1.1790e-04
 11380  8.9151e-01  1.0849e-01  0.0000e+00  1.1790e-04
 11400  8.9151e-01  1.0849e-01  0.0000e+00  1.1790e-04
 11420  8.9150e-01  1.0850e-01  5.9605e-08  1.1790e-04
 11440  8.9150e-01  1.0850e-01  5.3644e-07  1.1790e-04
 11460  8.9150e-01  1.0850e-01  5.3644e-07  1.1790e-04
 11480  8.9150e-01  1.0850e-01  6.5565e-07  1.1790e-04
 11500  8.9149e-01  1.0851e-01  2.3842e-07  1.1790e-04
 11520  8.9149e-01  1.0851e-01  0.0000e+00  1.1790e-04
 11540  8.9149e-01  1.0851e-01  1.1921e-07  1.1790e-04
 11560  8.9148e-01  1.0852e-01  4.7684e-07  1.1790e-04
 11580  8.9148e-01  1.0852e-01  3.5763e-07  1.1790e-04
 11600  8.9148e-01  1.0852e-01  1.1921e-07  1.1790e-04
 11620  8.9148e-01  1.0852e-01  0.0000e+00  1.1790e-04
 11640  8.9148e-01  1.0852e-01  3.5763e-07  1.1790e-04
 11660  8.9147e-01  1.0853e-01  0.0000e+00  1.1790e-04
 11680  8.9147e-01  1.0853e-01  0.0000e+00  1.1790e-04
 11700  8.9147e-01  1.0853e-01  5.9605e-07  1.1790e-04
 11720  8.9146e-01  1.0854e-01  5.9605e-08  1.1790e-04
 11740  8.9146e-01  1.0854e-01  0.0000e+00  1.1790e-04
 11760  8.9146e-01  1.0854e-01  0.0000e+00  1.1790e-04
 11780  8.9146e-01  1.0854e-01  0.0000e+00  1.1790e-04
 11800  8.9146e-01  1.0854e-01  0.0000e+00  1.1790e-04
 11820  8.9145e-01  1.0855e-01  6.5565e-07  1.1790e-04
 11840  8.9145e-01  1.0855e-01  2.9802e-07  1.1790e-04
 11860  8.9145e-01  1.0855e-01  2.9802e-07  1.1790e-04
 11880  8.9145e-01  1.0855e-01  5.9605e-07  1.1790e-04
 11900  8.9145e-01  1.0855e-01  2.3842e-07  1.1790e-04
 11920  8.9145e-01  1.0855e-01  0.0000e+00  1.1790e-04
 11940  8.9144e-01  1.0856e-01  4.1723e-07  1.1790e-04
 11960  8.9144e-01  1.0856e-01  0.0000e+00  1.1790e-04
 11980  8.9144e-01  1.0856e-01  5.3644e-07  1.1790e-04
 12000  8.9144e-01  1.0856e-01  0.0000e+00  1.1790e-04
 12020  8.9144e-01  1.0856e-01  0.0000e+00  1.1790e-04
 12040  8.9143e-01  1.0857e-01  0.0000e+00  1.1790e-04
 12060  8.9143e-01  1.0857e-01  1.0133e-06  1.1790e-04
 12080  8.9143e-01  1.0857e-01  0.0000e+00  1.1790e-04
 12100  8.9143e-01  1.0857e-01  3.5763e-07  1.1790e-04
 12120  8.9143e-01  1.0857e-01  0.0000e+00  1.1790e-04
 12140  8.9142e-01  1.0858e-01  0.0000e+00  1.1790e-04
 12160  8.9142e-01  1.0858e-01  4.1723e-07  1.1790e-04
 12180  8.9142e-01  1.0858e-01  0.0000e+00  1.1790e-04
 12200  8.9142e-01  1.0858e-01  0.0000e+00  1.1790e-04
 12220  8.9142e-01  1.0858e-01  3.5763e-07  1.1790e-04
 12240  8.9141e-01  1.0859e-01  0.0000e+00  1.1790e-04
 12260  8.9141e-01  1.0859e-01  0.0000e+00  1.1790e-04
 12280  8.9141e-01  1.0859e-01  5.9605e-07  1.1790e-04
 12300  8.9141e-01  1.0859e-01  0.0000e+00  1.1790e-04
 12320  8.9141e-01  1.0859e-01  0.0000e+00  1.1790e-04
 12340  8.9140e-01  1.0860e-01  0.0000e+00  1.1790e-04
 12360  8.9140e-01  1.0860e-01  0.0000e+00  1.1790e-04
 12380  8.9140e-01  1.0860e-01  4.7684e-07  1.1790e-04
 12400  8.9139e-01  1.0861e-01  1.7881e-07  1.1790e-04
 12420  8.9139e-01  1.0861e-01  5.9605e-08  1.1790e-04
 12440  8.9139e-01  1.0861e-01  0.0000e+00  1.1790e-04
 12460  8.9139e-01  1.0861e-01  0.0000e+00  1.1790e-04
 12480  8.9139e-01  1.0861e-01  1.7881e-07  1.1790e-04
 12500  8.9138e-01  1.0862e-01  0.0000e+00  1.1790e-04
 12520  8.9138e-01  1.0862e-01  0.0000e+00  1.1790e-04
 12540  8.9138e-01  1.0862e-01  0.0000e+00  1.1790e-04
 12560  8.9138e-01  1.0862e-01  1.7881e-07  1.1790e-04
 12580  8.9138e-01  1.0862e-01  0.0000e+00  1.1790e-04
 12600  8.9137e-01  1.0863e-01  0.0000e+00  1.1790e-04
 12620  8.9137e-01  1.0863e-01  0.0000e+00  1.1790e-04
 12640  8.9137e-01  1.0863e-01  1.7881e-07  1.1790e-04
 12660  8.9137e-01  1.0863e-01  0.0000e+00  1.1790e-04
 12680  8.9137e-01  1.0863e-01  0.0000e+00  1.1790e-04
 12700  8.9136e-01  1.0864e-01  2.9802e-07  1.1790e-04
 12720  8.9136e-01  1.0864e-01  4.1723e-07  1.1790e-04
 12740  8.9136e-01  1.0864e-01  3.5763e-07  1.1790e-04
 12760  8.9136e-01  1.0864e-01  0.0000e+00  1.1790e-04
 12780  8.9135e-01  1.0865e-01  0.0000e+00  1.1790e-04
 12800  8.9135e-01  1.0865e-01  5.9605e-08  1.1790e-04
 12820  8.9135e-01  1.0865e-01  0.0000e+00  1.1790e-04
 12840  8.9135e-01  1.0865e-01  0.0000e+00  1.1790e-04
 12860  8.9135e-01  1.0865e-01  1.7881e-07  1.1790e-04
 12880  8.9135e-01  1.0865e-01  0.0000e+00  1.1790e-04
 12900  8.9135e-01  1.0865e-01  0.0000e+00  1.1790e-04
 12920  8.9134e-01  1.0866e-01  0.0000e+00  1.1790e-04
 12940  8.9134e-01  1.0866e-01  3.5763e-07  1.1790e-04
 12960  8.9134e-01  1.0866e-01  0.0000e+00  1.1790e-04
 12980  8.9134e-01  1.0866e-01  0.0000e+00  1.1790e-04
 13000  8.9134e-01  1.0866e-01  1.1921e-07  1.1790e-04
 13020  8.9133e-01  1.0867e-01  0.0000e+00  1.1790e-04
 13040  8.9133e-01  1.0867e-01  0.0000e+00  1.1790e-04
 13060  8.9133e-01  1.0867e-01  4.1723e-07  1.1790e-04
 13080  8.9133e-01  1.0867e-01  0.0000e+00  1.1790e-04
 13100  8.9132e-01  1.0868e-01  0.0000e+00  1.1790e-04
 13120  8.9132e-01  1.0868e-01  0.0000e+00  1.1790e-04
 13140  8.9132e-01  1.0868e-01  0.0000e+00  1.1790e-04
 13160  8.9132e-01  1.0868e-01  4.7684e-07  1.1790e-04
 13180  8.9131e-01  1.0869e-01  0.0000e+00  1.1790e-04
 13200  8.9131e-01  1.0869e-01  0.0000e+00  1.1790e-04
 13220  8.9131e-01  1.0869e-01  0.0000e+00  1.1790e-04
 13240  8.9131e-01  1.0869e-01  0.0000e+00  1.1790e-04
 13260  8.9131e-01  1.0869e-01  0.0000e+00  1.1790e-04
 13280  8.9130e-01  1.0870e-01  2.3842e-07  1.1790e-04
 13300  8.9130e-01  1.0870e-01  0.0000e+00  1.1790e-04
 13320  8.9130e-01  1.0870e-01  3.5763e-07  1.1790e-04
 13340  8.9130e-01  1.0870e-01  3.5763e-07  1.1790e-04
 13360  8.9129e-01  1.0871e-01  2.9802e-07  1.1790e-04
 13380  8.9129e-01  1.0871e-01  0.0000e+00  1.1790e-04
 13400  8.9129e-01  1.0871e-01  0.0000e+00  1.1790e-04
 13420  8.9129e-01  1.0871e-01  0.0000e+00  1.1790e-04
 13440  8.9128e-01  1.0872e-01  0.0000e+00  1.1790e-04
 13460  8.9128e-01  1.0872e-01  2.3842e-07  1.1790e-04
 13480  8.9128e-01  1.0872e-01  0.0000e+00  1.1790e-04
 13500  8.9128e-01  1.0872e-01  1.7881e-07  1.1790e-04
 13520  8.9127e-01  1.0873e-01  5.9605e-08  1.1790e-04
 13540  8.9127e-01  1.0873e-01  2.3842e-07  1.1790e-04
 13560  8.9127e-01  1.0873e-01  5.9605e-08  1.1790e-04
 13580  8.9127e-01  1.0873e-01  2.9802e-07  1.1790e-04
 13600  8.9127e-01  1.0873e-01  5.9605e-08  1.1790e-04
 13620  8.9127e-01  1.0873e-01  0.0000e+00  1.1790e-04
 13640  8.9126e-01  1.0874e-01  2.3842e-07  1.1790e-04
 13660  8.9126e-01  1.0874e-01  0.0000e+00  1.1790e-04
 13680  8.9126e-01  1.0874e-01  0.0000e+00  1.1790e-04
 13700  8.9126e-01  1.0874e-01  0.0000e+00  1.1790e-04
 13720  8.9126e-01  1.0874e-01  3.5763e-07  1.1790e-04
 13740  8.9126e-01  1.0874e-01  0.0000e+00  1.1790e-04
 13760  8.9125e-01  1.0875e-01  2.3842e-07  1.1790e-04
 13780  8.9125e-01  1.0875e-01  1.7881e-07  1.1790e-04
 13800  8.9125e-01  1.0875e-01  5.9605e-07  1.1790e-04
 13820  8.9125e-01  1.0875e-01  5.9605e-08  1.1790e-04
 13840  8.9125e-01  1.0875e-01  7.1526e-07  1.1790e-04
 13860  8.9124e-01  1.0876e-01  7.7486e-07  1.1790e-04
 13880  8.9124e-01  1.0876e-01  2.3842e-07  1.1790e-04
 13900  8.9124e-01  1.0876e-01  0.0000e+00  1.1790e-04
 13920  8.9124e-01  1.0876e-01  0.0000e+00  1.1790e-04
 13940  8.9123e-01  1.0877e-01  0.0000e+00  1.1790e-04
 13960  8.9123e-01  1.0877e-01  1.7881e-07  1.1790e-04
 13980  8.9123e-01  1.0877e-01  0.0000e+00  1.1790e-04
 14000  8.9123e-01  1.0877e-01  2.3842e-07  1.1790e-04
 14020  8.9123e-01  1.0877e-01  1.1921e-07  1.1790e-04
 14040  8.9122e-01  1.0878e-01  0.0000e+00  1.1790e-04
 14060  8.9122e-01  1.0878e-01  5.9605e-08  1.1790e-04
 14080  8.9122e-01  1.0878e-01  0.0000e+00  1.1790e-04
 14100  8.9122e-01  1.0878e-01  5.9605e-08  1.1790e-04
 14120  8.9122e-01  1.0878e-01  1.7881e-07  1.1790e-04
 14140  8.9122e-01  1.0878e-01  0.0000e+00  1.1790e-04
 14160  8.9121e-01  1.0879e-01  0.0000e+00  1.1790e-04
 14180  8.9121e-01  1.0879e-01  2.9802e-07  1.1790e-04
 14200  8.9121e-01  1.0879e-01  5.9605e-07  1.1790e-04
 14220  8.9121e-01  1.0879e-01  0.0000e+00  1.1790e-04
 14240  8.9121e-01  1.0879e-01  3.5763e-07  1.1790e-04
 14260  8.9121e-01  1.0879e-01  2.3842e-07  1.1790e-04
 14280  8.9120e-01  1.0880e-01  0.0000e+00  1.1790e-04
 14300  8.9120e-01  1.0880e-01  0.0000e+00  1.1790e-04
 14320  8.9120e-01  1.0880e-01  1.1921e-07  1.1790e-04
 14340  8.9120e-01  1.0880e-01  5.9605e-08  1.1790e-04
 14360  8.9120e-01  1.0880e-01  4.7684e-07  1.1790e-04
 14380  8.9119e-01  1.0881e-01  4.1723e-07  1.1790e-04
 14400  8.9119e-01  1.0881e-01  5.9605e-08  1.1790e-04
 14420  8.9119e-01  1.0881e-01  2.3842e-07  1.1790e-04
 14440  8.9119e-01  1.0881e-01  2.9802e-07  1.1790e-04
 14460  8.9119e-01  1.0881e-01  7.7486e-07  1.1790e-04
 14480  8.9119e-01  1.0881e-01  4.1723e-07  1.1790e-04
 14500  8.9118e-01  1.0882e-01  0.0000e+00  1.1790e-04
 14520  8.9118e-01  1.0882e-01  0.0000e+00  1.1790e-04
 14540  8.9118e-01  1.0882e-01  0.0000e+00  1.1790e-04
 14560  8.9118e-01  1.0882e-01  4.1723e-07  1.1790e-04
 14580  8.9118e-01  1.0882e-01  3.5763e-07  1.1790e-04
 14600  8.9117e-01  1.0883e-01  0.0000e+00  1.1790e-04
 14620  8.9117e-01  1.0883e-01  0.0000e+00  1.1790e-04
 14640  8.9117e-01  1.0883e-01  0.0000e+00  1.1790e-04
 14660  8.9117e-01  1.0883e-01  5.3644e-07  1.1790e-04
 14680  8.9117e-01  1.0883e-01  0.0000e+00  1.1790e-04
 14700  8.9117e-01  1.0883e-01  0.0000e+00  1.1790e-04
 14720  8.9116e-01  1.0884e-01  4.7684e-07  1.1790e-04
 14740  8.9116e-01  1.0884e-01  5.3644e-07  1.1790e-04
 14760  8.9116e-01  1.0884e-01  6.5565e-07  1.1790e-04
 14780  8.9116e-01  1.0884e-01  0.0000e+00  1.1790e-04
 14800  8.9115e-01  1.0885e-01  0.0000e+00  1.1790e-04
 14820  8.9115e-01  1.0885e-01  1.7881e-07  1.1790e-04
 14840  8.9115e-01  1.0885e-01  0.0000e+00  1.1790e-04
 14860  8.9115e-01  1.0885e-01  2.3842e-07  1.1790e-04
 14880  8.9115e-01  1.0885e-01  1.7881e-07  1.1790e-04
 14900  8.9114e-01  1.0886e-01  0.0000e+00  1.1790e-04
 14920  8.9114e-01  1.0886e-01  1.1921e-07  1.1790e-04
 14940  8.9114e-01  1.0886e-01  0.0000e+00  1.1790e-04
 14960  8.9114e-01  1.0886e-01  0.0000e+00  1.1790e-04
 14980  8.9114e-01  1.0886e-01  0.0000e+00  1.1790e-04
 15000  8.9114e-01  1.0886e-01  0.0000e+00  1.1790e-04
 15020  8.9113e-01  1.0887e-01  4.7684e-07  1.1790e-04
 15040  8.9113e-01  1.0887e-01  1.7881e-07  1.1790e-04
 15060  8.9113e-01  1.0887e-01  1.1921e-07  1.1790e-04
 15080  8.9113e-01  1.0887e-01  5.9605e-07  1.1790e-04
 15100  8.9112e-01  1.0888e-01  2.3842e-07  1.1790e-04
 15120  8.9112e-01  1.0888e-01  0.0000e+00  1.1790e-04
 15140  8.9112e-01  1.0888e-01  0.0000e+00  1.1790e-04
 15160  8.9112e-01  1.0888e-01  1.7881e-07  1.1790e-04
 15180  8.9112e-01  1.0888e-01  3.5763e-07  1.1790e-04
 15200  8.9112e-01  1.0888e-01  0.0000e+00  1.1790e-04
 15220  8.9111e-01  1.0889e-01  0.0000e+00  1.1790e-04
 15240  8.9111e-01  1.0889e-01  2.3842e-07  1.1790e-04
 15260  8.9111e-01  1.0889e-01  0.0000e+00  1.1790e-04
 15280  8.9111e-01  1.0889e-01  0.0000e+00  1.1790e-04
 15300  8.9111e-01  1.0889e-01  5.3644e-07  1.1790e-04
 15320  8.9111e-01  1.0889e-01  1.1921e-07  1.1790e-04
 15340  8.9111e-01  1.0889e-01  0.0000e+00  1.1790e-04
 15360  8.9110e-01  1.0890e-01  0.0000e+00  1.1790e-04
 15380  8.9110e-01  1.0890e-01  2.9802e-07  1.1790e-04
 15400  8.9110e-01  1.0890e-01  0.0000e+00  1.1790e-04
 15420  8.9110e-01  1.0890e-01  4.1723e-07  1.1790e-04
 15440  8.9110e-01  1.0890e-01  4.7684e-07  1.1790e-04
 15460  8.9110e-01  1.0890e-01  1.7881e-07  1.1790e-04
 15480  8.9109e-01  1.0891e-01  2.9802e-07  1.1790e-04
 15500  8.9109e-01  1.0891e-01  5.9605e-08  1.1790e-04
 15520  8.9109e-01  1.0891e-01  0.0000e+00  1.1790e-04
 15540  8.9109e-01  1.0891e-01  0.0000e+00  1.1790e-04
 15560  8.9109e-01  1.0891e-01  3.5763e-07  1.1790e-04
 15580  8.9109e-01  1.0891e-01  0.0000e+00  1.1790e-04
 15600  8.9108e-01  1.0892e-01  0.0000e+00  1.1790e-04
 15620  8.9108e-01  1.0892e-01  5.9605e-08  1.1778e-04
 15640  8.9108e-01  1.0892e-01  1.1921e-07  1.1724e-04
 15660  8.9108e-01  1.0892e-01  0.0000e+00  1.1605e-04
 15680  8.9108e-01  1.0892e-01  0.0000e+00  1.1486e-04
 15700  8.9108e-01  1.0892e-01  0.0000e+00  1.1367e-04
 15720  8.9108e-01  1.0892e-01  5.3644e-07  1.1247e-04
 15740  8.9108e-01  1.0892e-01  6.5565e-07  1.1128e-04
 15760  8.9107e-01  1.0893e-01  5.9605e-08  1.1009e-04
 15780  8.9107e-01  1.0893e-01  0.0000e+00  1.0890e-04
 15800  8.9107e-01  1.0893e-01  1.1921e-07  1.0771e-04
 15820  8.9107e-01  1.0893e-01  4.1723e-07  1.0651e-04
 15840  8.9107e-01  1.0893e-01  2.3842e-07  1.0532e-04
 15860  8.9107e-01  1.0893e-01  4.1723e-07  1.0413e-04
 15880  8.9107e-01  1.0893e-01  0.0000e+00  1.0294e-04
 15900  8.9107e-01  1.0893e-01  3.5763e-07  1.0175e-04
 15920  8.9106e-01  1.0894e-01  0.0000e+00  1.0055e-04
 15929  8.9106e-01  0.0000e+00  1.0894e-01  1.1921e-07  9.9957e-05
# Std.corr:  FIRST=   0.09118092   LAST=   0.10893805  TIME=  26372 s
