# imodfit> Score file
# Iter       Score cross.corr. Delta_Score D_Score_Avg
     0  9.1002e-01  8.9976e-02
    20  9.1001e-01  8.9994e-02  8.3447e-07  9.1834e-41
    40  9.0998e-01  9.0022e-02  2.8610e-06  9.1834e-41
    60  9.0997e-01  9.0032e-02  1.3709e-06  9.1834e-41
    80  9.0995e-01  9.0046e-02  0.0000e+00  9.1834e-41
   100  9.0994e-01  9.0063e-02  0.0000e+00  9.1834e-41
   120  9.0991e-01  9.0086e-02  0.0000e+00  9.1834e-41
   140  9.0990e-01  9.0097e-02  0.0000e+00  9.1834e-41
   160  9.0989e-01  9.0114e-02  2.3842e-06  9.1834e-41
   180  9.0986e-01  9.0136e-02  0.0000e+00  9.1834e-41
   200  8.9840e-01  1.0160e-01  5.0068e-06  9.1834e-41
   220  8.9835e-01  1.0165e-01  0.0000e+00  9.1834e-41
   240  8.9827e-01  1.0173e-01  0.0000e+00  9.1834e-41
   260  8.9823e-01  1.0177e-01  0.0000e+00  9.1834e-41
   280  8.9815e-01  1.0185e-01  0.0000e+00  9.1834e-41
   300  8.9812e-01  1.0188e-01  2.0862e-06  9.1834e-41
   320  8.9806e-01  1.0194e-01  0.0000e+00  9.1834e-41
   340  8.9803e-01  1.0197e-01  0.0000e+00  9.1834e-41
   360  8.9799e-01  1.0201e-01  0.0000e+00  9.1834e-41
   380  8.9795e-01  1.0205e-01  7.1526e-07  9.1834e-41
   400  8.9789e-01  1.0211e-01  3.4571e-06  9.1834e-41
   420  8.9785e-01  1.0215e-01  3.8147e-06  9.1834e-41
   440  8.9780e-01  1.0220e-01  3.8743e-06  9.1834e-41
   460  8.9777e-01  1.0223e-01  5.4836e-06  9.1834e-41
   480  8.9774e-01  1.0226e-01  0.0000e+00  9.1834e-41
   500  8.9770e-01  1.0230e-01  1.9670e-06  9.1834e-41
   520  8.9768e-01  1.0232e-01  0.0000e+00  9.1834e-41
   540  8.9764e-01  1.0236e-01  0.0000e+00  9.1834e-41
   560  8.9760e-01  1.0240e-01  0.0000e+00  9.1834e-41
   580  8.9757e-01  1.0243e-01  0.0000e+00  9.1834e-41
   600  8.9754e-01  1.0246e-01  5.1260e-06  9.1834e-41
   620  8.9752e-01  1.0248e-01  0.0000e+00  9.1834e-41
   640  8.9748e-01  1.0252e-01  4.8876e-06  9.1834e-41
   660  8.9746e-01  1.0254e-01  5.8413e-06  9.1834e-41
   680  8.9744e-01  1.0256e-01  8.3447e-07  9.1834e-41
   700  8.9740e-01  1.0260e-01  0.0000e+00  9.1834e-41
   720  8.9738e-01  1.0262e-01  4.8876e-06  9.1834e-41
   740  8.9735e-01  1.0265e-01  0.0000e+00  9.1834e-41
   760  8.9733e-01  1.0267e-01  0.0000e+00  9.1834e-41
   780  8.9730e-01  1.0270e-01  5.6028e-06  9.1834e-41
   800  8.9730e-01  1.0270e-01  1.7881e-06  9.1834e-41
   820  8.9728e-01  1.0272e-01  9.5367e-07  9.1834e-41
   840  8.9725e-01  1.0275e-01  1.8477e-06  9.1834e-41
   860  8.9724e-01  1.0276e-01  8.9407e-07  9.1834e-41
   880  8.9722e-01  1.0278e-01  0.0000e+00  9.1834e-41
   900  8.9722e-01  1.0278e-01  0.0000e+00  9.1834e-41
   920  8.9720e-01  1.0280e-01  0.0000e+00  9.1834e-41
   940  8.9717e-01  1.0283e-01  1.0729e-06  9.1834e-41
   960  8.9715e-01  1.0285e-01  0.0000e+00  9.1834e-41
   980  8.9714e-01  1.0286e-01  7.7486e-07  9.1834e-41
  1000  8.9712e-01  1.0288e-01  0.0000e+00  9.1834e-41
  1020  8.9711e-01  1.0289e-01  5.9605e-07  9.1834e-41
  1040  8.9709e-01  1.0291e-01  0.0000e+00  9.1834e-41
  1060  8.9707e-01  1.0293e-01  2.3842e-06  9.1834e-41
  1080  8.9705e-01  1.0295e-01  0.0000e+00  9.1834e-41
  1100  8.9705e-01  1.0295e-01  1.5497e-06  9.1834e-41
  1120  8.9703e-01  1.0297e-01  0.0000e+00  9.1834e-41
  1140  8.9701e-01  1.0299e-01  0.0000e+00  9.1834e-41
  1160  8.9699e-01  1.0301e-01  0.0000e+00  9.1834e-41
  1180  8.9698e-01  1.0302e-01  0.0000e+00  9.1834e-41
  1200  8.9696e-01  1.0304e-01  3.5167e-06  9.1834e-41
  1220  8.9694e-01  1.0306e-01  0.0000e+00  9.1834e-41
  1240  8.9693e-01  1.0307e-01  0.0000e+00  9.1834e-41
  1260  8.9692e-01  1.0308e-01  0.0000e+00  9.1834e-41
  1280  8.9690e-01  1.0310e-01  1.7285e-06  9.1834e-41
  1300  8.9689e-01  1.0311e-01  0.0000e+00  9.1834e-41
  1320  8.9688e-01  1.0312e-01  0.0000e+00  9.1834e-41
  1340  8.9686e-01  1.0314e-01  0.0000e+00  9.1834e-41
  1360  8.9685e-01  1.0315e-01  0.0000e+00  9.1834e-41
  1380  8.9684e-01  1.0316e-01  0.0000e+00  9.1834e-41
  1400  8.9683e-01  1.0317e-01  0.0000e+00  9.1834e-41
  1420  8.9681e-01  1.0319e-01  0.0000e+00  9.1834e-41
  1440  8.9680e-01  1.0320e-01  1.0729e-06  9.1834e-41
  1460  8.9678e-01  1.0322e-01  7.7486e-07  9.1834e-41
  1480  8.9677e-01  1.0323e-01  0.0000e+00  9.1834e-41
  1500  8.9676e-01  1.0324e-01  1.7881e-07  9.1834e-41
  1520  8.9675e-01  1.0325e-01  0.0000e+00  9.1834e-41
  1540  8.9674e-01  1.0326e-01  0.0000e+00  9.1834e-41
  1560  8.9673e-01  1.0327e-01  6.5565e-07  9.1834e-41
  1580  8.9672e-01  1.0328e-01  0.0000e+00  9.1834e-41
  1600  8.9670e-01  1.0330e-01  0.0000e+00  9.1834e-41
  1620  8.9670e-01  1.0330e-01  0.0000e+00  9.1834e-41
  1640  8.9669e-01  1.0331e-01  3.3975e-06  9.1834e-41
  1660  8.9668e-01  1.0332e-01  0.0000e+00  9.1834e-41
  1680  8.9667e-01  1.0333e-01  0.0000e+00  9.1834e-41
  1700  8.9665e-01  1.0335e-01  7.1526e-07  9.1834e-41
  1720  8.9664e-01  1.0336e-01  5.9605e-08  9.1834e-41
  1740  8.9663e-01  1.0337e-01  0.0000e+00  9.1834e-41
  1760  8.9662e-01  1.0338e-01  0.0000e+00  9.1834e-41
  1780  8.9661e-01  1.0339e-01  5.9605e-08  9.1834e-41
  1800  8.9661e-01  1.0339e-01  0.0000e+00  9.1834e-41
  1820  8.9660e-01  1.0340e-01  5.9605e-07  9.1834e-41
  1840  8.9659e-01  1.0341e-01  0.0000e+00  9.1834e-41
  1860  8.9658e-01  1.0342e-01  0.0000e+00  9.1834e-41
  1880  8.9657e-01  1.0343e-01  4.1723e-07  9.1834e-41
  1900  8.9656e-01  1.0344e-01  0.0000e+00  9.1834e-41
  1920  8.9656e-01  1.0344e-01  0.0000e+00  9.1834e-41
  1940  8.9655e-01  1.0345e-01  1.0133e-06  9.1834e-41
  1960  8.9654e-01  1.0346e-01  5.3644e-07  9.1834e-41
  1980  8.9653e-01  1.0347e-01  1.9670e-06  9.1834e-41
  2000  8.9653e-01  1.0347e-01  1.7881e-07  9.1834e-41
  2020  8.9652e-01  1.0348e-01  1.1921e-07  3.0479e-03
  2040  8.9651e-01  1.0349e-01  0.0000e+00  2.8023e-03
  2060  8.9650e-01  1.0350e-01  0.0000e+00  2.5567e-03
  2080  8.9649e-01  1.0351e-01  1.7881e-07  2.3109e-03
  2100  8.9648e-01  1.0352e-01  7.1526e-07  2.0641e-03
  2120  8.9647e-01  1.0353e-01  0.0000e+00  1.8173e-03
  2140  8.9647e-01  1.0353e-01  1.4305e-06  1.5706e-03
  2160  8.9646e-01  1.0354e-01  0.0000e+00  1.3238e-03
  2180  8.9646e-01  1.0354e-01  1.1921e-06  1.0771e-03
  2200  8.9645e-01  1.0355e-01  0.0000e+00  8.3029e-04
  2220  8.9644e-01  1.0356e-01  5.9605e-07  8.1211e-04
  2240  8.9643e-01  1.0357e-01  4.1723e-07  7.9387e-04
  2260  8.9642e-01  1.0358e-01  1.7285e-06  7.7718e-04
  2280  8.9642e-01  1.0358e-01  0.0000e+00  7.6103e-04
  2300  8.9641e-01  1.0359e-01  2.9802e-07  7.4553e-04
  2320  8.9639e-01  1.0361e-01  0.0000e+00  7.3099e-04
  2340  8.9639e-01  1.0361e-01  2.9802e-07  7.1669e-04
  2360  8.9638e-01  1.0362e-01  0.0000e+00  7.0351e-04
  2380  8.9638e-01  1.0362e-01  5.3644e-07  6.9040e-04
  2400  8.9637e-01  1.0363e-01  7.7486e-07  6.7800e-04
  2420  8.9637e-01  1.0363e-01  0.0000e+00  6.6566e-04
  2440  8.9636e-01  1.0364e-01  0.0000e+00  6.5368e-04
  2460  8.9636e-01  1.0364e-01  2.9802e-07  6.4176e-04
  2480  8.9635e-01  1.0365e-01  8.9407e-07  6.3080e-04
  2500  8.9634e-01  1.0366e-01  0.0000e+00  6.2007e-04
  2520  8.9634e-01  1.0366e-01  0.0000e+00  6.0934e-04
  2540  8.9633e-01  1.0367e-01  1.1921e-07  5.9968e-04
  2560  8.9632e-01  1.0368e-01  0.0000e+00  5.9015e-04
  2580  8.9632e-01  1.0368e-01  7.7486e-07  5.8126e-04
  2600  8.9631e-01  1.0369e-01  6.5565e-07  5.7292e-04
  2620  8.9631e-01  1.0369e-01  7.1526e-07  5.6458e-04
  2640  8.9630e-01  1.0370e-01  0.0000e+00  5.5617e-04
  2660  8.9630e-01  1.0370e-01  0.0000e+00  5.4783e-04
  2680  8.9629e-01  1.0371e-01  8.9407e-07  5.3948e-04
  2700  8.9629e-01  1.0371e-01  0.0000e+00  5.3114e-04
  2720  8.9628e-01  1.0372e-01  2.3842e-07  5.2381e-04
  2740  8.9628e-01  1.0372e-01  6.5565e-07  5.1665e-04
  2760  8.9628e-01  1.0372e-01  0.0000e+00  5.0950e-04
  2780  8.9627e-01  1.0373e-01  6.5565e-07  5.0235e-04
  2800  8.9627e-01  1.0373e-01  0.0000e+00  4.9520e-04
  2820  8.9626e-01  1.0374e-01  1.2517e-06  4.8882e-04
  2840  8.9626e-01  1.0374e-01  2.9802e-07  4.8286e-04
  2860  8.9625e-01  1.0375e-01  7.7486e-07  4.7690e-04
  2880  8.9625e-01  1.0375e-01  1.1325e-06  4.6986e-04
  2900  8.9624e-01  1.0376e-01  0.0000e+00  4.6271e-04
  2920  8.9624e-01  1.0376e-01  5.9605e-07  4.5556e-04
  2940  8.9624e-01  1.0376e-01  1.2517e-06  4.4858e-04
  2960  8.9623e-01  1.0377e-01  0.0000e+00  4.4262e-04
  2980  8.9623e-01  1.0377e-01  7.7486e-07  4.3666e-04
  3000  8.9622e-01  1.0378e-01  1.3113e-06  4.3070e-04
  3020  8.9622e-01  1.0378e-01  1.7881e-07  4.2474e-04
  3040  8.9622e-01  1.0378e-01  7.7486e-07  4.1878e-04
  3060  8.9621e-01  1.0379e-01  0.0000e+00  4.1282e-04
  3080  8.9621e-01  1.0379e-01  1.1921e-07  4.0716e-04
  3100  8.9621e-01  1.0379e-01  5.3644e-07  4.0239e-04
  3120  8.9621e-01  1.0379e-01  0.0000e+00  3.9738e-04
  3140  8.9620e-01  1.0380e-01  0.0000e+00  3.9142e-04
  3160  8.9620e-01  1.0380e-01  1.1921e-07  3.8546e-04
  3180  8.9619e-01  1.0381e-01  0.0000e+00  3.7950e-04
  3200  8.9619e-01  1.0381e-01  0.0000e+00  3.7354e-04
  3220  8.9618e-01  1.0382e-01  0.0000e+00  3.6788e-04
  3240  8.9617e-01  1.0383e-01  0.0000e+00  3.6311e-04
  3260  8.9617e-01  1.0383e-01  9.5367e-07  3.5834e-04
  3280  8.9616e-01  1.0384e-01  5.9605e-08  3.5357e-04
  3300  8.9616e-01  1.0384e-01  2.9802e-07  3.4881e-04
  3320  8.9615e-01  1.0385e-01  1.1921e-07  3.4404e-04
  3340  8.9615e-01  1.0385e-01  5.9605e-08  3.3927e-04
  3360  8.9615e-01  1.0385e-01  2.3842e-07  3.3450e-04
  3380  8.9614e-01  1.0386e-01  1.1921e-07  3.2973e-04
  3400  8.9614e-01  1.0386e-01  3.5763e-07  3.2496e-04
  3420  8.9613e-01  1.0387e-01  0.0000e+00  3.2085e-04
  3440  8.9613e-01  1.0387e-01  6.5565e-07  3.1728e-04
  3460  8.9613e-01  1.0387e-01  0.0000e+00  3.1370e-04
  3480  8.9612e-01  1.0388e-01  0.0000e+00  3.1012e-04
  3500  8.9612e-01  1.0388e-01  0.0000e+00  3.0655e-04
  3520  8.9611e-01  1.0389e-01  3.5763e-07  3.0297e-04
  3540  8.9611e-01  1.0389e-01  0.0000e+00  2.9939e-04
  3560  8.9610e-01  1.0390e-01  0.0000e+00  2.9582e-04
  3580  8.9610e-01  1.0390e-01  0.0000e+00  2.9224e-04
  3600  8.9610e-01  1.0390e-01  9.5367e-07  2.8867e-04
  3620  8.9609e-01  1.0391e-01  3.5763e-07  2.8509e-04
  3640  8.9609e-01  1.0391e-01  2.3842e-07  2.8241e-04
  3660  8.9609e-01  1.0391e-01  0.0000e+00  2.8002e-04
  3680  8.9608e-01  1.0392e-01  0.0000e+00  2.7764e-04
  3700  8.9608e-01  1.0392e-01  1.1921e-07  2.7525e-04
  3720  8.9607e-01  1.0393e-01  9.5367e-07  2.7275e-04
  3740  8.9607e-01  1.0393e-01  8.9407e-07  2.7013e-04
  3760  8.9607e-01  1.0393e-01  0.0000e+00  2.6774e-04
  3780  8.9606e-01  1.0394e-01  4.7684e-07  2.6536e-04
  3800  8.9606e-01  1.0394e-01  5.3644e-07  2.6196e-04
  3820  8.9606e-01  1.0394e-01  2.9802e-07  2.5839e-04
  3840  8.9605e-01  1.0395e-01  0.0000e+00  2.5481e-04
  3860  8.9605e-01  1.0395e-01  0.0000e+00  2.5123e-04
  3880  8.9604e-01  1.0396e-01  0.0000e+00  2.4873e-04
  3900  8.9604e-01  1.0396e-01  0.0000e+00  2.4635e-04
  3920  8.9604e-01  1.0396e-01  0.0000e+00  2.4396e-04
  3940  8.9603e-01  1.0397e-01  0.0000e+00  2.4158e-04
  3960  8.9603e-01  1.0397e-01  0.0000e+00  2.3919e-04
  3980  8.9603e-01  1.0397e-01  0.0000e+00  2.3681e-04
  4000  8.9602e-01  1.0398e-01  0.0000e+00  2.3443e-04
  4020  8.9602e-01  1.0398e-01  0.0000e+00  2.3204e-04
  4040  8.9601e-01  1.0399e-01  0.0000e+00  2.2966e-04
  4060  8.9601e-01  1.0399e-01  3.5763e-07  2.2727e-04
  4080  8.9601e-01  1.0399e-01  5.9605e-08  2.2489e-04
  4100  8.9601e-01  1.0399e-01  1.7881e-07  2.2250e-04
  4120  8.9600e-01  1.0400e-01  2.3842e-07  2.2036e-04
  4140  8.9600e-01  1.0400e-01  0.0000e+00  2.1917e-04
  4160  8.9599e-01  1.0401e-01  4.7684e-07  2.1797e-04
  4180  8.9599e-01  1.0401e-01  5.3644e-07  2.1678e-04
  4200  8.9599e-01  1.0401e-01  5.9605e-08  2.1559e-04
  4220  8.9599e-01  1.0401e-01  1.1921e-07  2.1440e-04
  4240  8.9598e-01  1.0402e-01  5.3644e-07  2.1321e-04
  4260  8.9598e-01  1.0402e-01  0.0000e+00  2.1201e-04
  4280  8.9597e-01  1.0403e-01  0.0000e+00  2.1082e-04
  4300  8.9597e-01  1.0403e-01  0.0000e+00  2.0963e-04
  4320  8.9597e-01  1.0403e-01  5.9605e-08  2.0844e-04
  4340  8.9596e-01  1.0404e-01  4.7684e-07  2.0725e-04
  4360  8.9596e-01  1.0404e-01  2.9802e-07  2.0605e-04
  4380  8.9596e-01  1.0404e-01  5.9605e-08  2.0486e-04
  4400  8.9595e-01  1.0405e-01  0.0000e+00  2.0367e-04
  4420  8.9595e-01  1.0405e-01  0.0000e+00  2.0248e-04
  4440  8.9594e-01  1.0406e-01  0.0000e+00  2.0128e-04
  4460  8.9594e-01  1.0406e-01  0.0000e+00  2.0009e-04
  4480  8.9594e-01  1.0406e-01  2.3842e-07  1.9890e-04
  4500  8.9594e-01  1.0406e-01  0.0000e+00  1.9771e-04
  4520  8.9594e-01  1.0406e-01  0.0000e+00  1.9652e-04
  4540  8.9593e-01  1.0407e-01  0.0000e+00  1.9532e-04
  4560  8.9593e-01  1.0407e-01  2.3842e-07  1.9413e-04
  4580  8.9593e-01  1.0407e-01  0.0000e+00  1.9294e-04
  4600  8.9592e-01  1.0408e-01  4.7684e-07  1.9175e-04
  4620  8.9592e-01  1.0408e-01  4.1723e-07  1.9056e-04
  4640  8.9592e-01  1.0408e-01  1.1921e-07  1.8936e-04
  4660  8.9591e-01  1.0409e-01  0.0000e+00  1.8817e-04
  4680  8.9591e-01  1.0409e-01  0.0000e+00  1.8698e-04
  4700  8.9591e-01  1.0409e-01  0.0000e+00  1.8579e-04
  4720  8.9591e-01  1.0409e-01  2.9802e-07  1.8471e-04
  4740  8.9590e-01  1.0410e-01  4.7684e-07  1.8376e-04
  4760  8.9590e-01  1.0410e-01  2.9802e-07  1.8257e-04
  4780  8.9590e-01  1.0410e-01  3.5763e-07  1.8138e-04
  4800  8.9590e-01  1.0410e-01  0.0000e+00  1.8120e-04
  4820  8.9589e-01  1.0411e-01  8.3447e-07  1.8120e-04
  4840  8.9589e-01  1.0411e-01  0.0000e+00  1.8120e-04
  4860  8.9588e-01  1.0412e-01  1.7881e-07  1.8120e-04
  4880  8.9588e-01  1.0412e-01  2.3842e-07  1.8120e-04
  4900  8.9588e-01  1.0412e-01  5.3644e-07  1.8120e-04
  4920  8.9588e-01  1.0412e-01  5.3644e-07  1.8120e-04
  4940  8.9587e-01  1.0413e-01  0.0000e+00  1.8120e-04
  4960  8.9587e-01  1.0413e-01  1.7881e-07  1.8120e-04
  4980  8.9587e-01  1.0413e-01  4.1723e-07  1.8120e-04
  5000  8.9586e-01  1.0414e-01  8.9407e-07  1.8120e-04
  5020  8.9586e-01  1.0414e-01  0.0000e+00  1.8120e-04
  5040  8.9586e-01  1.0414e-01  5.3644e-07  1.8120e-04
  5060  8.9586e-01  1.0414e-01  3.5763e-07  1.8120e-04
  5080  8.9585e-01  1.0415e-01  4.1723e-07  1.8120e-04
  5100  8.9585e-01  1.0415e-01  5.9605e-07  1.8120e-04
  5120  8.9585e-01  1.0415e-01  0.0000e+00  1.8120e-04
  5140  8.9585e-01  1.0415e-01  2.9802e-07  1.8120e-04
  5160  8.9585e-01  1.0415e-01  0.0000e+00  1.8066e-04
  5180  8.9584e-01  1.0416e-01  0.0000e+00  1.8030e-04
  5200  8.9584e-01  1.0416e-01  1.7881e-07  1.8030e-04
  5220  8.9584e-01  1.0416e-01  0.0000e+00  1.8030e-04
  5240  8.9583e-01  1.0417e-01  3.5763e-07  1.8030e-04
  5260  8.9583e-01  1.0417e-01  0.0000e+00  1.7959e-04
  5280  8.9583e-01  1.0417e-01  0.0000e+00  1.7852e-04
  5300  8.9582e-01  1.0418e-01  0.0000e+00  1.7732e-04
  5320  8.9582e-01  1.0418e-01  0.0000e+00  1.7613e-04
  5340  8.9582e-01  1.0418e-01  1.1921e-07  1.7494e-04
  5360  8.9581e-01  1.0419e-01  0.0000e+00  1.7375e-04
  5380  8.9581e-01  1.0419e-01  1.1921e-07  1.7256e-04
  5400  8.9581e-01  1.0419e-01  4.1723e-07  1.7136e-04
  5420  8.9581e-01  1.0419e-01  0.0000e+00  1.7017e-04
  5440  8.9580e-01  1.0420e-01  1.1921e-07  1.6898e-04
  5460  8.9580e-01  1.0420e-01  5.9605e-08  1.6779e-04
  5480  8.9580e-01  1.0420e-01  0.0000e+00  1.6659e-04
  5500  8.9579e-01  1.0421e-01  0.0000e+00  1.6540e-04
  5520  8.9579e-01  1.0421e-01  0.0000e+00  1.6421e-04
  5540  8.9579e-01  1.0421e-01  5.3644e-07  1.6302e-04
  5560  8.9579e-01  1.0421e-01  5.3644e-07  1.6183e-04
  5580  8.9579e-01  1.0421e-01  0.0000e+00  1.6063e-04
  5600  8.9578e-01  1.0422e-01  4.1723e-07  1.5944e-04
  5620  8.9578e-01  1.0422e-01  2.3842e-07  1.5825e-04
  5640  8.9578e-01  1.0422e-01  0.0000e+00  1.5706e-04
  5660  8.9577e-01  1.0423e-01  0.0000e+00  1.5587e-04
  5680  8.9577e-01  1.0423e-01  0.0000e+00  1.5467e-04
  5700  8.9577e-01  1.0423e-01  0.0000e+00  1.5348e-04
  5720  8.9577e-01  1.0423e-01  0.0000e+00  1.5229e-04
  5740  8.9577e-01  1.0423e-01  2.9802e-07  1.5110e-04
  5760  8.9576e-01  1.0424e-01  2.3842e-07  1.4991e-04
  5780  8.9576e-01  1.0424e-01  0.0000e+00  1.4871e-04
  5800  8.9576e-01  1.0424e-01  8.3447e-07  1.4752e-04
  5820  8.9576e-01  1.0424e-01  0.0000e+00  1.4633e-04
  5840  8.9575e-01  1.0425e-01  0.0000e+00  1.4514e-04
  5860  8.9575e-01  1.0425e-01  0.0000e+00  1.4395e-04
  5880  8.9575e-01  1.0425e-01  3.5763e-07  1.4275e-04
  5900  8.9575e-01  1.0425e-01  2.3842e-07  1.4156e-04
  5920  8.9575e-01  1.0425e-01  4.1723e-07  1.4037e-04
  5940  8.9575e-01  1.0425e-01  1.7881e-07  1.3918e-04
  5960  8.9574e-01  1.0426e-01  1.1921e-07  1.3798e-04
  5980  8.9574e-01  1.0426e-01  0.0000e+00  1.3679e-04
  6000  8.9574e-01  1.0426e-01  0.0000e+00  1.3560e-04
  6020  8.9574e-01  1.0426e-01  4.1723e-07  1.3441e-04
  6040  8.9573e-01  1.0427e-01  1.7881e-07  1.3322e-04
  6060  8.9573e-01  1.0427e-01  0.0000e+00  1.3202e-04
  6080  8.9573e-01  1.0427e-01  0.0000e+00  1.3083e-04
  6100  8.9573e-01  1.0427e-01  7.1526e-07  1.2964e-04
  6120  8.9572e-01  1.0428e-01  0.0000e+00  1.2845e-04
  6140  8.9572e-01  1.0428e-01  0.0000e+00  1.2726e-04
  6160  8.9572e-01  1.0428e-01  0.0000e+00  1.2660e-04
  6180  8.9572e-01  1.0428e-01  0.0000e+00  1.2577e-04
  6200  8.9572e-01  1.0428e-01  0.0000e+00  1.2457e-04
  6220  8.9572e-01  1.0428e-01  5.9605e-08  1.2338e-04
  6240  8.9571e-01  1.0429e-01  0.0000e+00  1.2219e-04
  6260  8.9571e-01  1.0429e-01  2.9802e-07  1.2171e-04
  6280  8.9571e-01  1.0429e-01  1.1921e-07  1.2159e-04
  6300  8.9571e-01  1.0429e-01  2.9802e-07  1.2159e-04
  6320  8.9571e-01  1.0429e-01  5.9605e-08  1.2159e-04
  6340  8.9571e-01  1.0429e-01  2.9802e-07  1.2159e-04
  6360  8.9570e-01  1.0430e-01  0.0000e+00  1.2159e-04
  6380  8.9570e-01  1.0430e-01  1.7881e-07  1.2159e-04
  6400  8.9570e-01  1.0430e-01  0.0000e+00  1.2159e-04
  6420  8.9570e-01  1.0430e-01  0.0000e+00  1.2159e-04
  6440  8.9569e-01  1.0431e-01  2.3842e-07  1.2159e-04
  6460  8.9569e-01  1.0431e-01  1.1921e-07  1.2159e-04
  6480  8.9569e-01  1.0431e-01  4.1723e-07  1.2159e-04
  6500  8.9569e-01  1.0431e-01  0.0000e+00  1.2159e-04
  6520  8.9569e-01  1.0431e-01  5.9605e-08  1.2159e-04
  6540  8.9569e-01  1.0431e-01  2.3842e-07  1.2159e-04
  6560  8.9568e-01  1.0432e-01  0.0000e+00  1.2159e-04
  6580  8.9568e-01  1.0432e-01  2.9802e-07  1.2159e-04
  6600  8.9568e-01  1.0432e-01  0.0000e+00  1.2159e-04
  6620  8.9567e-01  1.0433e-01  5.9605e-08  1.2159e-04
  6640  8.9567e-01  1.0433e-01  0.0000e+00  1.2159e-04
  6660  8.9567e-01  1.0433e-01  8.3447e-07  1.2159e-04
  6680  8.9567e-01  1.0433e-01  2.9802e-07  1.2159e-04
  6700  8.9567e-01  1.0433e-01  0.0000e+00  1.2159e-04
  6720  8.9567e-01  1.0433e-01  0.0000e+00  1.2159e-04
  6740  8.9567e-01  1.0433e-01  1.7881e-07  1.2159e-04
  6760  8.9566e-01  1.0434e-01  2.9802e-07  1.2159e-04
  6780  8.9566e-01  1.0434e-01  5.9605e-08  1.2159e-04
  6800  8.9566e-01  1.0434e-01  2.9802e-07  1.2159e-04
  6820  8.9566e-01  1.0434e-01  1.7881e-07  1.2159e-04
  6840  8.9565e-01  1.0435e-01  0.0000e+00  1.2159e-04
  6860  8.9565e-01  1.0435e-01  2.3842e-07  1.2159e-04
  6880  8.9565e-01  1.0435e-01  0.0000e+00  1.2159e-04
  6900  8.9565e-01  1.0435e-01  5.9605e-08  1.2159e-04
  6920  8.9565e-01  1.0435e-01  0.0000e+00  1.2159e-04
  6940  8.9564e-01  1.0436e-01  1.1921e-07  1.2159e-04
  6960  8.9564e-01  1.0436e-01  5.9605e-08  1.2159e-04
  6980  8.9564e-01  1.0436e-01  0.0000e+00  1.2159e-04
  7000  8.9564e-01  1.0436e-01  5.3644e-07  1.2159e-04
  7020  8.9564e-01  1.0436e-01  0.0000e+00  1.2159e-04
  7040  8.9564e-01  1.0436e-01  1.7881e-07  1.2159e-04
  7060  8.9563e-01  1.0437e-01  1.1921e-07  1.2159e-04
  7080  8.9563e-01  1.0437e-01  3.5763e-07  1.2159e-04
  7100  8.9563e-01  1.0437e-01  5.9605e-08  1.2159e-04
  7120  8.9563e-01  1.0437e-01  0.0000e+00  1.2159e-04
  7140  8.9563e-01  1.0437e-01  0.0000e+00  1.2159e-04
  7160  8.9563e-01  1.0437e-01  2.9802e-07  1.2159e-04
  7180  8.9563e-01  1.0437e-01  0.0000e+00  1.2159e-04
  7200  8.9562e-01  1.0438e-01  1.7881e-07  1.2159e-04
  7220  8.9562e-01  1.0438e-01  0.0000e+00  1.2159e-04
  7240  8.9562e-01  1.0438e-01  0.0000e+00  1.2159e-04
  7260  8.9562e-01  1.0438e-01  4.1723e-07  1.2159e-04
  7280  8.9562e-01  1.0438e-01  1.1921e-07  1.2159e-04
  7300  8.9562e-01  1.0438e-01  0.0000e+00  1.2159e-04
  7320  8.9562e-01  1.0438e-01  2.3842e-07  1.2159e-04
  7340  8.9561e-01  1.0439e-01  1.7881e-07  1.2159e-04
  7360  8.9561e-01  1.0439e-01  0.0000e+00  1.2159e-04
  7380  8.9561e-01  1.0439e-01  1.1921e-07  1.2159e-04
  7400  8.9561e-01  1.0439e-01  0.0000e+00  1.2159e-04
  7420  8.9561e-01  1.0439e-01  2.9802e-07  1.2159e-04
  7440  8.9560e-01  1.0440e-01  5.3644e-07  1.2159e-04
  7460  8.9560e-01  1.0440e-01  4.7684e-07  1.2159e-04
  7480  8.9560e-01  1.0440e-01  7.1526e-07  1.2159e-04
  7500  8.9560e-01  1.0440e-01  2.9802e-07  1.2159e-04
  7520  8.9560e-01  1.0440e-01  5.3644e-07  1.2052e-04
  7540  8.9560e-01  1.0440e-01  0.0000e+00  1.1933e-04
  7560  8.9560e-01  1.0440e-01  1.7881e-07  1.1814e-04
  7580  8.9559e-01  1.0441e-01  1.7881e-07  1.1694e-04
  7600  8.9559e-01  1.0441e-01  0.0000e+00  1.1575e-04
  7620  8.9559e-01  1.0441e-01  0.0000e+00  1.1456e-04
  7640  8.9559e-01  1.0441e-01  0.0000e+00  1.1337e-04
  7660  8.9559e-01  1.0441e-01  0.0000e+00  1.1218e-04
  7680  8.9558e-01  1.0442e-01  0.0000e+00  1.1098e-04
  7700  8.9558e-01  1.0442e-01  0.0000e+00  1.0979e-04
  7720  8.9558e-01  1.0442e-01  0.0000e+00  1.0860e-04
  7740  8.9558e-01  1.0442e-01  0.0000e+00  1.0741e-04
  7760  8.9558e-01  1.0442e-01  3.5763e-07  1.0622e-04
  7780  8.9558e-01  1.0442e-01  0.0000e+00  1.0502e-04
  7800  8.9558e-01  1.0442e-01  2.9802e-07  1.0383e-04
  7820  8.9558e-01  1.0442e-01  1.1921e-07  1.0264e-04
  7840  8.9557e-01  1.0443e-01  1.1921e-07  1.0145e-04
  7860  8.9557e-01  1.0443e-01  2.9802e-07  1.0026e-04
  7864  8.9557e-01  0.0000e+00  1.0443e-01  1.1921e-07  9.9957e-05
# Std.corr:  FIRST=   0.08997577   LAST=   0.10442667  TIME=  14379 s
