# imodfit> Score file
# Iter       Score cross.corr. Delta_Score D_Score_Avg
     0  9.1805e-01  8.1946e-02
    20  9.1803e-01  8.1970e-02  0.0000e+00  4.5773e-41
    40  9.1802e-01  8.1984e-02  2.9802e-06  4.5773e-41
    60  9.1800e-01  8.1999e-02  3.6955e-06  4.5773e-41
    80  9.1799e-01  8.2010e-02  2.6822e-06  4.5773e-41
   100  9.1796e-01  8.2040e-02  0.0000e+00  4.5773e-41
   120  9.1795e-01  8.2049e-02  0.0000e+00  4.5773e-41
   140  9.1791e-01  8.2093e-02  0.0000e+00  4.5773e-41
   160  9.1789e-01  8.2114e-02  0.0000e+00  4.5773e-41
   180  9.1787e-01  8.2127e-02  0.0000e+00  4.5773e-41
   200  9.1079e-01  8.9210e-02  0.0000e+00  4.5773e-41
   220  9.1074e-01  8.9262e-02  0.0000e+00  4.5773e-41
   240  9.1068e-01  8.9316e-02  0.0000e+00  4.5773e-41
   260  9.1064e-01  8.9364e-02  0.0000e+00  4.5773e-41
   280  9.1060e-01  8.9403e-02  0.0000e+00  4.5773e-41
   300  9.1057e-01  8.9428e-02  1.4901e-06  4.5773e-41
   320  9.1055e-01  8.9454e-02  0.0000e+00  4.5773e-41
   340  9.1050e-01  8.9499e-02  0.0000e+00  4.5773e-41
   360  9.1048e-01  8.9525e-02  2.2650e-06  4.5773e-41
   380  9.1045e-01  8.9552e-02  2.9802e-06  4.5773e-41
   400  9.1036e-01  8.9641e-02  0.0000e+00  4.5773e-41
   420  9.1033e-01  8.9666e-02  0.0000e+00  4.5773e-41
   440  9.1032e-01  8.9682e-02  5.3644e-07  4.5773e-41
   460  9.1029e-01  8.9713e-02  0.0000e+00  4.5773e-41
   480  9.1026e-01  8.9739e-02  0.0000e+00  4.5773e-41
   500  9.1022e-01  8.9781e-02  3.5763e-07  4.5773e-41
   520  9.1020e-01  8.9795e-02  3.5763e-07  4.5773e-41
   540  9.1018e-01  8.9821e-02  1.4305e-06  4.5773e-41
   560  9.1015e-01  8.9855e-02  6.7353e-06  4.5773e-41
   580  9.1012e-01  8.9882e-02  3.0398e-06  4.5773e-41
   600  9.1008e-01  8.9921e-02  0.0000e+00  4.5773e-41
   620  9.1003e-01  8.9965e-02  0.0000e+00  4.5773e-41
   640  9.1001e-01  8.9994e-02  0.0000e+00  4.5773e-41
   660  9.0998e-01  9.0016e-02  3.1590e-06  4.5773e-41
   680  9.0995e-01  9.0046e-02  0.0000e+00  4.5773e-41
   700  9.0994e-01  9.0064e-02  3.8147e-06  4.5773e-41
   720  9.0991e-01  9.0090e-02  4.4107e-06  4.5773e-41
   740  9.0988e-01  9.0117e-02  0.0000e+00  4.5773e-41
   760  9.0985e-01  9.0154e-02  0.0000e+00  4.5773e-41
   780  9.0983e-01  9.0171e-02  9.5367e-07  4.5773e-41
   800  9.0977e-01  9.0233e-02  1.1921e-07  4.5773e-41
   820  9.0975e-01  9.0254e-02  3.5167e-06  4.5773e-41
   840  9.0972e-01  9.0277e-02  6.9737e-06  4.5773e-41
   860  9.0970e-01  9.0297e-02  3.8743e-06  4.5773e-41
   880  9.0968e-01  9.0323e-02  2.9802e-07  4.5773e-41
   900  9.0965e-01  9.0351e-02  0.0000e+00  4.5773e-41
   920  9.0962e-01  9.0376e-02  0.0000e+00  4.5773e-41
   940  9.0961e-01  9.0393e-02  0.0000e+00  4.5773e-41
   960  9.0958e-01  9.0417e-02  0.0000e+00  4.5773e-41
   980  9.0956e-01  9.0436e-02  1.7881e-07  4.5773e-41
  1000  9.0954e-01  9.0461e-02  5.3644e-07  4.5773e-41
  1020  9.0951e-01  9.0490e-02  0.0000e+00  4.5773e-41
  1040  9.0950e-01  9.0504e-02  0.0000e+00  4.5773e-41
  1060  9.0948e-01  9.0524e-02  0.0000e+00  4.5773e-41
  1080  9.0947e-01  9.0534e-02  1.1325e-06  4.5773e-41
  1100  9.0944e-01  9.0555e-02  4.7088e-06  4.5773e-41
  1120  9.0943e-01  9.0568e-02  0.0000e+00  4.5773e-41
  1140  9.0941e-01  9.0592e-02  0.0000e+00  4.5773e-41
  1160  9.0939e-01  9.0608e-02  0.0000e+00  4.5773e-41
  1180  9.0938e-01  9.0623e-02  0.0000e+00  4.5773e-41
  1200  9.0935e-01  9.0646e-02  0.0000e+00  4.5773e-41
  1220  9.0934e-01  9.0662e-02  0.0000e+00  4.5773e-41
  1240  9.0932e-01  9.0682e-02  0.0000e+00  4.5773e-41
  1260  9.0930e-01  9.0700e-02  0.0000e+00  4.5773e-41
  1280  9.0929e-01  9.0715e-02  1.1921e-07  4.5773e-41
  1300  9.0927e-01  9.0728e-02  0.0000e+00  4.5773e-41
  1320  9.0926e-01  9.0738e-02  0.0000e+00  4.5773e-41
  1340  9.0925e-01  9.0752e-02  1.3709e-06  4.5773e-41
  1360  9.0924e-01  9.0763e-02  1.7881e-06  4.5773e-41
  1380  9.0923e-01  9.0775e-02  0.0000e+00  4.5773e-41
  1400  9.0921e-01  9.0786e-02  0.0000e+00  4.5773e-41
  1420  9.0919e-01  9.0814e-02  0.0000e+00  4.5773e-41
  1440  9.0918e-01  9.0824e-02  4.7684e-07  4.5773e-41
  1460  9.0917e-01  9.0827e-02  0.0000e+00  4.5773e-41
  1480  9.0917e-01  9.0833e-02  1.4901e-06  4.5773e-41
  1500  9.0914e-01  9.0859e-02  1.7881e-07  4.5773e-41
  1520  9.0913e-01  9.0873e-02  0.0000e+00  4.5773e-41
  1540  9.0911e-01  9.0891e-02  2.8610e-06  4.5773e-41
  1560  9.0910e-01  9.0904e-02  8.3447e-07  4.5773e-41
  1580  9.0908e-01  9.0917e-02  0.0000e+00  4.5773e-41
  1600  9.0906e-01  9.0940e-02  0.0000e+00  4.5773e-41
  1620  9.0905e-01  9.0951e-02  0.0000e+00  4.5773e-41
  1640  9.0903e-01  9.0965e-02  0.0000e+00  4.5773e-41
  1660  9.0902e-01  9.0978e-02  0.0000e+00  4.5773e-41
  1680  9.0900e-01  9.1000e-02  0.0000e+00  4.5773e-41
  1700  9.0898e-01  9.1020e-02  2.3842e-06  4.5773e-41
  1720  9.0896e-01  9.1035e-02  0.0000e+00  4.5773e-41
  1740  9.0895e-01  9.1049e-02  2.3842e-07  4.5773e-41
  1760  9.0894e-01  9.1060e-02  1.0729e-06  4.5773e-41
  1780  9.0892e-01  9.1076e-02  1.1921e-07  4.5773e-41
  1800  9.0891e-01  9.1091e-02  3.4571e-06  4.5773e-41
  1820  9.0890e-01  9.1102e-02  1.8477e-06  4.5773e-41
  1840  9.0888e-01  9.1118e-02  0.0000e+00  4.5773e-41
  1860  9.0887e-01  9.1130e-02  0.0000e+00  4.5773e-41
  1880  9.0886e-01  9.1138e-02  0.0000e+00  4.5773e-41
  1900  9.0885e-01  9.1154e-02  0.0000e+00  4.5773e-41
  1920  9.0883e-01  9.1169e-02  3.2187e-06  4.5773e-41
  1940  9.0882e-01  9.1181e-02  0.0000e+00  4.5773e-41
  1960  9.0881e-01  9.1190e-02  1.4901e-06  4.5773e-41
  1980  9.0879e-01  9.1206e-02  1.6689e-06  4.5773e-41
  2000  9.0878e-01  9.1219e-02  2.9802e-07  4.5773e-41
  2020  9.0876e-01  9.1236e-02  2.3842e-07  2.3761e-03
  2040  9.0875e-01  9.1252e-02  0.0000e+00  2.2211e-03
  2060  9.0873e-01  9.1265e-02  0.0000e+00  2.0652e-03
  2080  9.0872e-01  9.1278e-02  0.0000e+00  1.9091e-03
  2100  9.0871e-01  9.1292e-02  0.0000e+00  1.7530e-03
  2120  9.0869e-01  9.1308e-02  0.0000e+00  1.5969e-03
  2140  9.0868e-01  9.1322e-02  1.7881e-07  1.4407e-03
  2160  9.0866e-01  9.1337e-02  2.3842e-06  1.2850e-03
  2180  9.0865e-01  9.1351e-02  2.3842e-06  1.1292e-03
  2200  9.0863e-01  9.1367e-02  0.0000e+00  9.7394e-04
  2220  9.0862e-01  9.1377e-02  7.1526e-07  9.5963e-04
  2240  9.0861e-01  9.1389e-02  0.0000e+00  9.4652e-04
  2260  9.0860e-01  9.1405e-02  0.0000e+00  9.3377e-04
  2280  9.0859e-01  9.1414e-02  0.0000e+00  9.2185e-04
  2300  9.0857e-01  9.1428e-02  2.5034e-06  9.0992e-04
  2320  9.0856e-01  9.1440e-02  0.0000e+00  8.9800e-04
  2340  9.0855e-01  9.1448e-02  0.0000e+00  8.8710e-04
  2360  9.0854e-01  9.1465e-02  8.3447e-07  8.7637e-04
  2380  9.0853e-01  9.1471e-02  0.0000e+00  8.6570e-04
  2400  9.0852e-01  9.1482e-02  3.5763e-07  8.5592e-04
  2420  9.0851e-01  9.1492e-02  0.0000e+00  8.4722e-04
  2440  9.0849e-01  9.1507e-02  0.0000e+00  8.3768e-04
  2460  9.0848e-01  9.1515e-02  1.1325e-06  8.2868e-04
  2480  9.0847e-01  9.1526e-02  0.0000e+00  8.2070e-04
  2500  9.0847e-01  9.1531e-02  9.5367e-07  8.1247e-04
  2520  9.0846e-01  9.1542e-02  0.0000e+00  8.0413e-04
  2540  9.0845e-01  9.1549e-02  5.9605e-07  7.9578e-04
  2560  9.0844e-01  9.1556e-02  1.9670e-06  7.8744e-04
  2580  9.0843e-01  9.1568e-02  0.0000e+00  7.7939e-04
  2600  9.0841e-01  9.1587e-02  1.0729e-06  7.7224e-04
  2620  9.0840e-01  9.1600e-02  5.9605e-08  7.6509e-04
  2640  9.0839e-01  9.1609e-02  4.7684e-07  7.5889e-04
  2660  9.0838e-01  9.1617e-02  0.0000e+00  7.5293e-04
  2680  9.0838e-01  9.1623e-02  0.0000e+00  7.4697e-04
  2700  9.0837e-01  9.1633e-02  2.3842e-07  7.3981e-04
  2720  9.0836e-01  9.1639e-02  9.5367e-07  7.3266e-04
  2740  9.0835e-01  9.1651e-02  2.3842e-07  7.2551e-04
  2760  9.0834e-01  9.1663e-02  0.0000e+00  7.1883e-04
  2780  9.0833e-01  9.1671e-02  8.9407e-07  7.1287e-04
  2800  9.0833e-01  9.1675e-02  0.0000e+00  7.0691e-04
  2820  9.0832e-01  9.1677e-02  7.1526e-07  7.0214e-04
  2840  9.0831e-01  9.1690e-02  0.0000e+00  6.9737e-04
  2860  9.0830e-01  9.1702e-02  0.0000e+00  6.9261e-04
  2880  9.0829e-01  9.1712e-02  0.0000e+00  6.8784e-04
  2900  9.0829e-01  9.1713e-02  7.1526e-07  6.8229e-04
  2920  9.0828e-01  9.1721e-02  0.0000e+00  6.7753e-04
  2940  9.0827e-01  9.1732e-02  1.1325e-06  6.7276e-04
  2960  9.0826e-01  9.1739e-02  0.0000e+00  6.6799e-04
  2980  9.0825e-01  9.1747e-02  3.5763e-07  6.6322e-04
  3000  9.0825e-01  9.1753e-02  3.5763e-07  6.5845e-04
  3020  9.0824e-01  9.1763e-02  1.1921e-07  6.5368e-04
  3040  9.0823e-01  9.1769e-02  1.6689e-06  6.4898e-04
  3060  9.0822e-01  9.1778e-02  0.0000e+00  6.4510e-04
  3080  9.0821e-01  9.1786e-02  0.0000e+00  6.4123e-04
  3100  9.0820e-01  9.1796e-02  0.0000e+00  6.3658e-04
  3120  9.0820e-01  9.1803e-02  0.0000e+00  6.3181e-04
  3140  9.0819e-01  9.1812e-02  2.3842e-07  6.2704e-04
  3160  9.0818e-01  9.1817e-02  0.0000e+00  6.2227e-04
  3180  9.0818e-01  9.1819e-02  2.3842e-07  6.1750e-04
  3200  9.0817e-01  9.1829e-02  0.0000e+00  6.1274e-04
  3220  9.0817e-01  9.1833e-02  0.0000e+00  6.0797e-04
  3240  9.0816e-01  9.1841e-02  0.0000e+00  6.0320e-04
  3260  9.0815e-01  9.1850e-02  0.0000e+00  5.9813e-04
  3280  9.0814e-01  9.1860e-02  1.0133e-06  5.9247e-04
  3300  9.0813e-01  9.1865e-02  2.1458e-06  5.8651e-04
  3320  9.0813e-01  9.1874e-02  9.5367e-07  5.8055e-04
  3340  9.0812e-01  9.1880e-02  7.7486e-07  5.7459e-04
  3360  9.0811e-01  9.1886e-02  5.9605e-07  5.6863e-04
  3380  9.0811e-01  9.1890e-02  2.3842e-07  5.6267e-04
  3400  9.0810e-01  9.1897e-02  9.5367e-07  5.5671e-04
  3420  9.0810e-01  9.1904e-02  0.0000e+00  5.5110e-04
  3440  9.0809e-01  9.1909e-02  2.9802e-07  5.4634e-04
  3460  9.0809e-01  9.1913e-02  0.0000e+00  5.4103e-04
  3480  9.0808e-01  9.1918e-02  0.0000e+00  5.3507e-04
  3500  9.0808e-01  9.1924e-02  0.0000e+00  5.3012e-04
  3520  9.0807e-01  9.1933e-02  0.0000e+00  5.2536e-04
  3540  9.0806e-01  9.1942e-02  9.5367e-07  5.2059e-04
  3560  9.0805e-01  9.1948e-02  0.0000e+00  5.1582e-04
  3580  9.0805e-01  9.1954e-02  5.3644e-07  5.1075e-04
  3600  9.0804e-01  9.1957e-02  0.0000e+00  5.0479e-04
  3620  9.0803e-01  9.1966e-02  5.9605e-08  4.9883e-04
  3640  9.0803e-01  9.1972e-02  0.0000e+00  4.9287e-04
  3660  9.0802e-01  9.1976e-02  3.5763e-07  4.8691e-04
  3680  9.0802e-01  9.1982e-02  1.0729e-06  4.8095e-04
  3700  9.0801e-01  9.1990e-02  0.0000e+00  4.7618e-04
  3720  9.0800e-01  9.1996e-02  7.7486e-07  4.7141e-04
  3740  9.0800e-01  9.2002e-02  0.0000e+00  4.6664e-04
  3760  9.0799e-01  9.2007e-02  5.9605e-08  4.6188e-04
  3780  9.0799e-01  9.2011e-02  0.0000e+00  4.5711e-04
  3800  9.0787e-01  9.2126e-02  0.0000e+00  4.5234e-04
  3820  9.0786e-01  9.2140e-02  0.0000e+00  4.4996e-04
  3840  9.0785e-01  9.2146e-02  0.0000e+00  4.4757e-04
  3860  9.0784e-01  9.2156e-02  0.0000e+00  4.4519e-04
  3880  9.0784e-01  9.2165e-02  1.1921e-07  4.4280e-04
  3900  9.0783e-01  9.2173e-02  0.0000e+00  4.4119e-04
  3920  9.0782e-01  9.2183e-02  3.5763e-07  4.4000e-04
  3940  9.0781e-01  9.2189e-02  0.0000e+00  4.3881e-04
  3960  9.0781e-01  9.2194e-02  0.0000e+00  4.3762e-04
  3980  9.0780e-01  9.2201e-02  4.7684e-07  4.3643e-04
  4000  9.0780e-01  9.2203e-02  9.5367e-07  4.3523e-04
  4020  9.0779e-01  9.2207e-02  0.0000e+00  4.3321e-04
  4040  9.0779e-01  9.2214e-02  5.9605e-08  4.3088e-04
  4060  9.0778e-01  9.2222e-02  0.0000e+00  4.2850e-04
  4080  9.0777e-01  9.2226e-02  0.0000e+00  4.2635e-04
  4100  9.0777e-01  9.2232e-02  0.0000e+00  4.2498e-04
  4120  9.0776e-01  9.2239e-02  0.0000e+00  4.2379e-04
  4140  9.0776e-01  9.2243e-02  5.3644e-07  4.2260e-04
  4160  9.0775e-01  9.2246e-02  0.0000e+00  4.2140e-04
  4180  9.0775e-01  9.2252e-02  1.0133e-06  4.2021e-04
  4200  9.0770e-01  9.2302e-02  0.0000e+00  4.1902e-04
  4220  9.0769e-01  9.2310e-02  0.0000e+00  4.1902e-04
  4240  9.0768e-01  9.2317e-02  0.0000e+00  4.1902e-04
  4260  9.0768e-01  9.2324e-02  0.0000e+00  4.1932e-04
  4280  9.0767e-01  9.2331e-02  0.0000e+00  4.2021e-04
  4300  9.0766e-01  9.2335e-02  0.0000e+00  4.2140e-04
  4320  9.0766e-01  9.2341e-02  7.7486e-07  4.2260e-04
  4340  9.0766e-01  9.2344e-02  1.1921e-07  4.2379e-04
  4360  9.0764e-01  9.2358e-02  0.0000e+00  4.2498e-04
  4380  9.0764e-01  9.2364e-02  4.7684e-07  4.2617e-04
  4400  9.0763e-01  9.2369e-02  1.1921e-07  4.2737e-04
  4420  9.0762e-01  9.2377e-02  0.0000e+00  4.2856e-04
  4440  9.0761e-01  9.2385e-02  0.0000e+00  4.2975e-04
  4460  9.0761e-01  9.2391e-02  0.0000e+00  4.3094e-04
  4480  9.0760e-01  9.2399e-02  0.0000e+00  4.3213e-04
  4500  9.0759e-01  9.2406e-02  4.1723e-07  4.3333e-04
  4520  9.0759e-01  9.2412e-02  0.0000e+00  4.3452e-04
  4540  9.0758e-01  9.2416e-02  3.5763e-07  4.3571e-04
  4560  9.0758e-01  9.2422e-02  7.7486e-07  4.3690e-04
  4580  9.0757e-01  9.2426e-02  0.0000e+00  4.3839e-04
  4600  9.0757e-01  9.2429e-02  3.5763e-07  4.4078e-04
  4620  9.0756e-01  9.2437e-02  0.0000e+00  4.4316e-04
  4640  9.0755e-01  9.2446e-02  0.0000e+00  4.4554e-04
  4660  9.0755e-01  9.2452e-02  0.0000e+00  4.4793e-04
  4680  9.0754e-01  9.2459e-02  1.7881e-07  4.5031e-04
  4700  9.0754e-01  9.2463e-02  1.0729e-06  4.5270e-04
  4720  9.0753e-01  9.2467e-02  2.3842e-07  4.5508e-04
  4740  9.0753e-01  9.2472e-02  0.0000e+00  4.5747e-04
  4760  9.0752e-01  9.2476e-02  3.5763e-07  4.5985e-04
  4780  9.0752e-01  9.2482e-02  1.1921e-07  4.6223e-04
  4800  9.0751e-01  9.2486e-02  0.0000e+00  4.6462e-04
  4820  9.0751e-01  9.2490e-02  0.0000e+00  4.6223e-04
  4840  9.0750e-01  9.2497e-02  1.1921e-07  4.5985e-04
  4860  9.0750e-01  9.2501e-02  0.0000e+00  4.5747e-04
  4880  9.0750e-01  9.2504e-02  1.4305e-06  4.5508e-04
  4900  9.0749e-01  9.2508e-02  5.9605e-08  4.5270e-04
  4920  9.0748e-01  9.2515e-02  0.0000e+00  4.5031e-04
  4940  9.0748e-01  9.2520e-02  0.0000e+00  4.4793e-04
  4960  9.0748e-01  9.2524e-02  4.1723e-07  4.4554e-04
  4980  9.0747e-01  9.2527e-02  1.6093e-06  4.4268e-04
  5000  9.0747e-01  9.2529e-02  0.0000e+00  4.3911e-04
  5020  9.0746e-01  9.2536e-02  5.9605e-07  4.3714e-04
  5040  9.0746e-01  9.2543e-02  1.3113e-06  4.3583e-04
  5060  9.0745e-01  9.2548e-02  0.0000e+00  4.3440e-04
  5080  9.0745e-01  9.2552e-02  0.0000e+00  4.3249e-04
  5100  9.0744e-01  9.2557e-02  0.0000e+00  4.3041e-04
  5120  9.0744e-01  9.2562e-02  5.9605e-08  4.2802e-04
  5140  9.0743e-01  9.2568e-02  0.0000e+00  4.2564e-04
  5160  9.0743e-01  9.2571e-02  1.4305e-06  4.2325e-04
  5180  9.0742e-01  9.2577e-02  0.0000e+00  4.2087e-04
  5200  9.0742e-01  9.2583e-02  0.0000e+00  4.1848e-04
  5220  9.0741e-01  9.2588e-02  0.0000e+00  4.1491e-04
  5240  9.0741e-01  9.2593e-02  0.0000e+00  4.1133e-04
  5260  9.0740e-01  9.2598e-02  1.3113e-06  4.0776e-04
  5280  9.0740e-01  9.2605e-02  0.0000e+00  4.0418e-04
  5300  9.0739e-01  9.2611e-02  0.0000e+00  4.0060e-04
  5320  9.0738e-01  9.2615e-02  0.0000e+00  3.9703e-04
  5340  9.0738e-01  9.2619e-02  5.9605e-08  3.9345e-04
  5360  9.0738e-01  9.2621e-02  5.9605e-07  3.8940e-04
  5380  9.0738e-01  9.2624e-02  0.0000e+00  3.8463e-04
  5400  9.0737e-01  9.2628e-02  0.0000e+00  3.7986e-04
  5420  9.0737e-01  9.2633e-02  3.5763e-07  3.7509e-04
  5440  9.0736e-01  9.2636e-02  0.0000e+00  3.7032e-04
  5460  9.0736e-01  9.2641e-02  0.0000e+00  3.6556e-04
  5480  9.0735e-01  9.2647e-02  0.0000e+00  3.6079e-04
  5500  9.0735e-01  9.2653e-02  6.5565e-07  3.5602e-04
  5520  9.0734e-01  9.2657e-02  4.1723e-07  3.5125e-04
  5540  9.0734e-01  9.2661e-02  1.7881e-07  3.4648e-04
  5560  9.0734e-01  9.2665e-02  0.0000e+00  3.4171e-04
  5580  9.0733e-01  9.2669e-02  1.7881e-07  3.3695e-04
  5600  9.0733e-01  9.2672e-02  0.0000e+00  3.3218e-04
  5620  9.0733e-01  9.2675e-02  4.7684e-07  3.2741e-04
  5640  9.0732e-01  9.2679e-02  5.3644e-07  3.2264e-04
  5660  9.0732e-01  9.2682e-02  0.0000e+00  3.1787e-04
  5680  9.0732e-01  9.2684e-02  0.0000e+00  3.1310e-04
  5700  9.0731e-01  9.2690e-02  6.5565e-07  3.0833e-04
  5720  9.0731e-01  9.2694e-02  0.0000e+00  3.0357e-04
  5740  9.0730e-01  9.2699e-02  2.3842e-07  2.9880e-04
  5760  9.0730e-01  9.2703e-02  0.0000e+00  2.9403e-04
  5780  9.0729e-01  9.2707e-02  0.0000e+00  2.8926e-04
  5800  9.0729e-01  9.2710e-02  4.7684e-07  2.8449e-04
  5820  9.0728e-01  9.2716e-02  4.7684e-07  2.8211e-04
  5840  9.0728e-01  9.2718e-02  0.0000e+00  2.7972e-04
  5860  9.0728e-01  9.2724e-02  0.0000e+00  2.7734e-04
  5880  9.0727e-01  9.2728e-02  2.3842e-07  2.7496e-04
  5900  9.0727e-01  9.2732e-02  0.0000e+00  2.7257e-04
  5920  9.0726e-01  9.2735e-02  0.0000e+00  2.7019e-04
  5940  9.0726e-01  9.2741e-02  0.0000e+00  2.6780e-04
  5960  9.0725e-01  9.2747e-02  0.0000e+00  2.6542e-04
  5980  9.0725e-01  9.2750e-02  0.0000e+00  2.6351e-04
  6000  9.0725e-01  9.2754e-02  0.0000e+00  2.6232e-04
  6020  9.0724e-01  9.2760e-02  0.0000e+00  2.6035e-04
  6040  9.0723e-01  9.2767e-02  0.0000e+00  2.5803e-04
  6060  9.0723e-01  9.2772e-02  5.3644e-07  2.5588e-04
  6080  9.0723e-01  9.2775e-02  0.0000e+00  2.5421e-04
  6100  9.0722e-01  9.2779e-02  5.3644e-07  2.5272e-04
  6120  9.0722e-01  9.2784e-02  0.0000e+00  2.5153e-04
  6140  9.0721e-01  9.2787e-02  0.0000e+00  2.5034e-04
  6160  9.0721e-01  9.2790e-02  0.0000e+00  2.4915e-04
  6180  9.0721e-01  9.2795e-02  1.1921e-07  2.4796e-04
  6200  9.0720e-01  9.2798e-02  1.0133e-06  2.4676e-04
  6220  9.0720e-01  9.2802e-02  4.1723e-07  2.4557e-04
  6240  9.0720e-01  9.2804e-02  9.5367e-07  2.4438e-04
  6260  9.0719e-01  9.2807e-02  1.0133e-06  2.4307e-04
  6280  9.0719e-01  9.2814e-02  0.0000e+00  2.4170e-04
  6300  9.0718e-01  9.2820e-02  0.0000e+00  2.4045e-04
  6320  9.0718e-01  9.2822e-02  0.0000e+00  2.3842e-04
  6340  9.0717e-01  9.2827e-02  0.0000e+00  2.3639e-04
  6360  9.0717e-01  9.2831e-02  5.9605e-08  2.3502e-04
  6380  9.0716e-01  9.2836e-02  2.3842e-07  2.3502e-04
  6400  9.0716e-01  9.2840e-02  0.0000e+00  2.3502e-04
  6420  9.0716e-01  9.2842e-02  5.9605e-08  2.3502e-04
  6440  9.0715e-01  9.2848e-02  1.1921e-07  2.3502e-04
  6460  9.0715e-01  9.2853e-02  0.0000e+00  2.3502e-04
  6480  9.0714e-01  9.2857e-02  0.0000e+00  2.3496e-04
  6500  9.0714e-01  9.2862e-02  1.7881e-07  2.3443e-04
  6520  9.0713e-01  9.2867e-02  0.0000e+00  2.3425e-04
  6540  9.0713e-01  9.2870e-02  1.0133e-06  2.3413e-04
  6560  9.0713e-01  9.2873e-02  0.0000e+00  2.3365e-04
  6580  9.0712e-01  9.2878e-02  0.0000e+00  2.3311e-04
  6600  9.0712e-01  9.2882e-02  0.0000e+00  2.3311e-04
  6620  9.0711e-01  9.2886e-02  7.7486e-07  2.3311e-04
  6640  9.0711e-01  9.2888e-02  5.3644e-07  2.3311e-04
  6660  9.0711e-01  9.2893e-02  0.0000e+00  2.3311e-04
  6680  9.0710e-01  9.2896e-02  5.9605e-08  2.3311e-04
  6700  9.0710e-01  9.2899e-02  0.0000e+00  2.3299e-04
  6720  9.0710e-01  9.2902e-02  0.0000e+00  2.3288e-04
  6740  9.0709e-01  9.2909e-02  0.0000e+00  2.3228e-04
  6760  9.0709e-01  9.2914e-02  7.7486e-07  2.3228e-04
  6780  9.0708e-01  9.2917e-02  2.3842e-07  2.3228e-04
  6800  9.0708e-01  9.2920e-02  0.0000e+00  2.3228e-04
  6820  9.0708e-01  9.2923e-02  0.0000e+00  2.3127e-04
  6840  9.0707e-01  9.2927e-02  0.0000e+00  2.3097e-04
  6860  9.0707e-01  9.2930e-02  0.0000e+00  2.3019e-04
  6880  9.0707e-01  9.2932e-02  0.0000e+00  2.2900e-04
  6900  9.0706e-01  9.2936e-02  0.0000e+00  2.2781e-04
  6920  9.0706e-01  9.2940e-02  0.0000e+00  2.2662e-04
  6940  9.0706e-01  9.2942e-02  0.0000e+00  2.2542e-04
  6960  9.0705e-01  9.2946e-02  0.0000e+00  2.2423e-04
  6980  9.0705e-01  9.2948e-02  2.9802e-07  2.2304e-04
  7000  9.0704e-01  9.2959e-02  0.0000e+00  2.2185e-04
  7020  9.0703e-01  9.2967e-02  0.0000e+00  2.2066e-04
  7040  9.0702e-01  9.2976e-02  0.0000e+00  2.1994e-04
  7060  9.0702e-01  9.2980e-02  1.0729e-06  2.1935e-04
  7080  9.0701e-01  9.2987e-02  1.1921e-07  2.1923e-04
  7100  9.0701e-01  9.2992e-02  2.9802e-07  2.1923e-04
  7120  9.0700e-01  9.2996e-02  2.3842e-07  2.1923e-04
  7140  9.0700e-01  9.2999e-02  0.0000e+00  2.1923e-04
  7160  9.0700e-01  9.3003e-02  4.1723e-07  2.1923e-04
  7180  9.0699e-01  9.3008e-02  1.0133e-06  2.1923e-04
  7200  9.0699e-01  9.3011e-02  0.0000e+00  2.1923e-04
  7220  9.0699e-01  9.3014e-02  2.9802e-07  2.1923e-04
  7240  9.0698e-01  9.3018e-02  2.9802e-07  2.1923e-04
  7260  9.0698e-01  9.3024e-02  0.0000e+00  2.1935e-04
  7280  9.0697e-01  9.3027e-02  0.0000e+00  2.1952e-04
  7300  9.0697e-01  9.3030e-02  5.3644e-07  2.1958e-04
  7320  9.0697e-01  9.3035e-02  0.0000e+00  2.2042e-04
  7340  9.0696e-01  9.3036e-02  5.9605e-08  2.2125e-04
  7360  9.0696e-01  9.3039e-02  6.5565e-07  2.2167e-04
  7380  9.0696e-01  9.3043e-02  5.9605e-07  2.2060e-04
  7400  9.0695e-01  9.3047e-02  0.0000e+00  2.1940e-04
  7420  9.0695e-01  9.3053e-02  0.0000e+00  2.1827e-04
  7440  9.0694e-01  9.3058e-02  2.9802e-07  2.1827e-04
  7460  9.0694e-01  9.3061e-02  6.5565e-07  2.1827e-04
  7480  9.0694e-01  9.3064e-02  5.3644e-07  2.1785e-04
  7500  9.0693e-01  9.3065e-02  5.9605e-08  2.1720e-04
  7520  9.0693e-01  9.3068e-02  0.0000e+00  2.1619e-04
  7540  9.0693e-01  9.3072e-02  8.9407e-07  2.1511e-04
  7560  9.0692e-01  9.3076e-02  0.0000e+00  2.1440e-04
  7580  9.0692e-01  9.3079e-02  5.3644e-07  2.1374e-04
  7600  9.0692e-01  9.3081e-02  0.0000e+00  2.1255e-04
  7620  9.0692e-01  9.3083e-02  4.7684e-07  2.1136e-04
  7640  9.0691e-01  9.3086e-02  7.1526e-07  2.1017e-04
  7660  9.0691e-01  9.3089e-02  4.7684e-07  2.0897e-04
  7680  9.0691e-01  9.3092e-02  0.0000e+00  2.0778e-04
  7700  9.0690e-01  9.3096e-02  8.3447e-07  2.0671e-04
  7720  9.0690e-01  9.3100e-02  5.3644e-07  2.0564e-04
  7740  9.0689e-01  9.3105e-02  0.0000e+00  2.0504e-04
  7760  9.0689e-01  9.3108e-02  2.3842e-07  2.0385e-04
  7780  9.0689e-01  9.3111e-02  2.9802e-07  2.0266e-04
  7800  9.0689e-01  9.3115e-02  5.9605e-07  2.0146e-04
  7820  9.0688e-01  9.3117e-02  1.7881e-07  2.0128e-04
  7840  9.0688e-01  9.3121e-02  5.9605e-08  2.0039e-04
  7860  9.0688e-01  9.3123e-02  7.7486e-07  1.9997e-04
  7880  9.0687e-01  9.3128e-02  4.7684e-07  1.9997e-04
  7900  9.0687e-01  9.3132e-02  0.0000e+00  1.9997e-04
  7920  9.0687e-01  9.3135e-02  0.0000e+00  1.9997e-04
  7940  9.0686e-01  9.3136e-02  0.0000e+00  1.9997e-04
  7960  9.0686e-01  9.3141e-02  1.1921e-07  1.9997e-04
  7980  9.0686e-01  9.3142e-02  0.0000e+00  1.9997e-04
  8000  9.0685e-01  9.3147e-02  0.0000e+00  1.9997e-04
  8020  9.0685e-01  9.3149e-02  0.0000e+00  1.9997e-04
  8040  9.0685e-01  9.3151e-02  2.3842e-07  1.9950e-04
  8060  9.0684e-01  9.3155e-02  0.0000e+00  1.9890e-04
  8080  9.0684e-01  9.3158e-02  0.0000e+00  1.9783e-04
  8100  9.0684e-01  9.3163e-02  0.0000e+00  1.9664e-04
  8120  9.0683e-01  9.3167e-02  1.1921e-07  1.9544e-04
  8140  9.0683e-01  9.3171e-02  5.9605e-08  1.9425e-04
  8160  9.0682e-01  9.3176e-02  5.3644e-07  1.9306e-04
  8180  9.0682e-01  9.3178e-02  9.5367e-07  1.9187e-04
  8200  9.0682e-01  9.3180e-02  1.1325e-06  1.9068e-04
  8220  9.0681e-01  9.3186e-02  0.0000e+00  1.8948e-04
  8240  9.0681e-01  9.3188e-02  2.3842e-07  1.8829e-04
  8260  9.0681e-01  9.3192e-02  0.0000e+00  1.8710e-04
  8280  9.0681e-01  9.3195e-02  5.9605e-07  1.8591e-04
  8300  9.0680e-01  9.3200e-02  0.0000e+00  1.8471e-04
  8320  9.0680e-01  9.3204e-02  5.9605e-08  1.8352e-04
  8340  9.0679e-01  9.3207e-02  1.1921e-07  1.8233e-04
  8360  9.0679e-01  9.3209e-02  1.1921e-07  1.8138e-04
  8380  9.0679e-01  9.3213e-02  5.3644e-07  1.8126e-04
  8400  9.0678e-01  9.3216e-02  0.0000e+00  1.8126e-04
  8420  9.0678e-01  9.3219e-02  0.0000e+00  1.8120e-04
  8440  9.0678e-01  9.3221e-02  1.7881e-07  1.8001e-04
  8460  9.0678e-01  9.3224e-02  2.9802e-07  1.7881e-04
  8480  9.0677e-01  9.3227e-02  0.0000e+00  1.7810e-04
  8500  9.0677e-01  9.3229e-02  4.1723e-07  1.7810e-04
  8520  9.0677e-01  9.3230e-02  3.5763e-07  1.7810e-04
  8540  9.0677e-01  9.3233e-02  7.1526e-07  1.7810e-04
  8560  9.0676e-01  9.3237e-02  5.9605e-08  1.7810e-04
  8580  9.0676e-01  9.3238e-02  1.7881e-07  1.7810e-04
  8600  9.0676e-01  9.3241e-02  0.0000e+00  1.7810e-04
  8620  9.0676e-01  9.3243e-02  0.0000e+00  1.7810e-04
  8640  9.0675e-01  9.3246e-02  0.0000e+00  1.7810e-04
  8660  9.0675e-01  9.3250e-02  0.0000e+00  1.7810e-04
  8680  9.0675e-01  9.3252e-02  0.0000e+00  1.7810e-04
  8700  9.0675e-01  9.3254e-02  8.3447e-07  1.7810e-04
  8720  9.0674e-01  9.3256e-02  4.1723e-07  1.7810e-04
  8740  9.0674e-01  9.3260e-02  6.5565e-07  1.7810e-04
  8760  9.0673e-01  9.3266e-02  0.0000e+00  1.7810e-04
  8780  9.0673e-01  9.3271e-02  0.0000e+00  1.7810e-04
  8800  9.0673e-01  9.3274e-02  5.9605e-08  1.7810e-04
  8820  9.0672e-01  9.3278e-02  1.1921e-07  1.7810e-04
  8840  9.0672e-01  9.3280e-02  0.0000e+00  1.7810e-04
  8860  9.0672e-01  9.3283e-02  0.0000e+00  1.7810e-04
  8880  9.0671e-01  9.3286e-02  0.0000e+00  1.7810e-04
  8900  9.0671e-01  9.3289e-02  5.9605e-08  1.7810e-04
  8920  9.0671e-01  9.3292e-02  0.0000e+00  1.7810e-04
  8940  9.0671e-01  9.3294e-02  3.5763e-07  1.7810e-04
  8960  9.0670e-01  9.3296e-02  0.0000e+00  1.7810e-04
  8980  9.0670e-01  9.3300e-02  1.7881e-07  1.7810e-04
  9000  9.0670e-01  9.3303e-02  1.1921e-07  1.7810e-04
  9020  9.0670e-01  9.3304e-02  2.3842e-07  1.7810e-04
  9040  9.0669e-01  9.3306e-02  2.3842e-07  1.7810e-04
  9060  9.0669e-01  9.3309e-02  2.3842e-07  1.7810e-04
  9080  9.0669e-01  9.3311e-02  5.9605e-08  1.7810e-04
  9100  9.0669e-01  9.3311e-02  0.0000e+00  1.7810e-04
  9120  9.0669e-01  9.3314e-02  6.5565e-07  1.7697e-04
  9140  9.0668e-01  9.3317e-02  5.9605e-07  1.7577e-04
  9160  9.0668e-01  9.3320e-02  1.7881e-07  1.7458e-04
  9180  9.0668e-01  9.3325e-02  0.0000e+00  1.7339e-04
  9200  9.0667e-01  9.3331e-02  0.0000e+00  1.7285e-04
  9220  9.0667e-01  9.3333e-02  0.0000e+00  1.7262e-04
  9240  9.0667e-01  9.3335e-02  0.0000e+00  1.7142e-04
  9260  9.0666e-01  9.3337e-02  0.0000e+00  1.7023e-04
  9280  9.0666e-01  9.3342e-02  1.7881e-07  1.6904e-04
  9300  9.0666e-01  9.3344e-02  7.1526e-07  1.6785e-04
  9320  9.0665e-01  9.3345e-02  0.0000e+00  1.6665e-04
  9340  9.0665e-01  9.3347e-02  4.1723e-07  1.6546e-04
  9360  9.0665e-01  9.3349e-02  1.1921e-07  1.6427e-04
  9380  9.0665e-01  9.3351e-02  0.0000e+00  1.6308e-04
  9400  9.0665e-01  9.3354e-02  0.0000e+00  1.6189e-04
  9420  9.0664e-01  9.3357e-02  2.9802e-07  1.6069e-04
  9440  9.0664e-01  9.3359e-02  4.1723e-07  1.5950e-04
  9460  9.0664e-01  9.3361e-02  0.0000e+00  1.5831e-04
  9480  9.0663e-01  9.3365e-02  0.0000e+00  1.5712e-04
  9500  9.0663e-01  9.3368e-02  4.7684e-07  1.5593e-04
  9520  9.0663e-01  9.3370e-02  4.7684e-07  1.5473e-04
  9540  9.0663e-01  9.3371e-02  0.0000e+00  1.5354e-04
  9560  9.0662e-01  9.3375e-02  3.5763e-07  1.5235e-04
  9580  9.0662e-01  9.3378e-02  0.0000e+00  1.5116e-04
  9600  9.0662e-01  9.3379e-02  0.0000e+00  1.4997e-04
  9620  9.0662e-01  9.3383e-02  1.1921e-07  1.4877e-04
  9640  9.0661e-01  9.3385e-02  1.7881e-07  1.4758e-04
  9660  9.0661e-01  9.3387e-02  4.1723e-07  1.4639e-04
  9680  9.0661e-01  9.3391e-02  0.0000e+00  1.4520e-04
  9700  9.0661e-01  9.3393e-02  0.0000e+00  1.4400e-04
  9720  9.0660e-01  9.3397e-02  0.0000e+00  1.4281e-04
  9740  9.0660e-01  9.3400e-02  0.0000e+00  1.4162e-04
  9760  9.0660e-01  9.3402e-02  2.9802e-07  1.4043e-04
  9780  9.0659e-01  9.3405e-02  0.0000e+00  1.3924e-04
  9800  9.0659e-01  9.3408e-02  0.0000e+00  1.3804e-04
  9820  9.0659e-01  9.3410e-02  2.9802e-07  1.3685e-04
  9840  9.0659e-01  9.3412e-02  0.0000e+00  1.3566e-04
  9860  9.0659e-01  9.3414e-02  3.5763e-07  1.3447e-04
  9880  9.0658e-01  9.3416e-02  4.7684e-07  1.3328e-04
  9900  9.0658e-01  9.3417e-02  1.1921e-07  1.3208e-04
  9920  9.0658e-01  9.3421e-02  0.0000e+00  1.3089e-04
  9940  9.0658e-01  9.3424e-02  0.0000e+00  1.2970e-04
  9960  9.0657e-01  9.3426e-02  0.0000e+00  1.2851e-04
  9980  9.0657e-01  9.3429e-02  1.7881e-07  1.2732e-04
 10000  9.0657e-01  9.3432e-02  0.0000e+00  1.2612e-04
 10020  9.0657e-01  9.3433e-02  0.0000e+00  1.2493e-04
 10040  9.0656e-01  9.3437e-02  1.7881e-07  1.2374e-04
 10060  9.0656e-01  9.3438e-02  4.1723e-07  1.2255e-04
 10080  9.0656e-01  9.3439e-02  5.9605e-08  1.2136e-04
 10100  9.0656e-01  9.3440e-02  3.5763e-07  1.2016e-04
 10120  9.0656e-01  9.3444e-02  0.0000e+00  1.2010e-04
 10140  9.0655e-01  9.3447e-02  1.7881e-07  1.2010e-04
 10160  9.0655e-01  9.3449e-02  0.0000e+00  1.2010e-04
 10180  9.0655e-01  9.3451e-02  0.0000e+00  1.2010e-04
 10200  9.0655e-01  9.3453e-02  0.0000e+00  1.1945e-04
 10220  9.0655e-01  9.3454e-02  7.7486e-07  1.1849e-04
 10240  9.0654e-01  9.3457e-02  0.0000e+00  1.1849e-04
 10260  9.0654e-01  9.3459e-02  2.9802e-07  1.1849e-04
 10280  9.0654e-01  9.3464e-02  5.3644e-07  1.1849e-04
 10300  9.0653e-01  9.3467e-02  5.9605e-08  1.1849e-04
 10320  9.0653e-01  9.3468e-02  0.0000e+00  1.1849e-04
 10340  9.0653e-01  9.3473e-02  1.1921e-07  1.1849e-04
 10360  9.0652e-01  9.3475e-02  0.0000e+00  1.1849e-04
 10380  9.0652e-01  9.3478e-02  0.0000e+00  1.1849e-04
 10400  9.0652e-01  9.3481e-02  4.1723e-07  1.1849e-04
 10420  9.0652e-01  9.3483e-02  5.9605e-08  1.1849e-04
 10440  9.0651e-01  9.3485e-02  2.9802e-07  1.1849e-04
 10460  9.0651e-01  9.3487e-02  4.1723e-07  1.1849e-04
 10480  9.0651e-01  9.3490e-02  2.9802e-07  1.1849e-04
 10500  9.0651e-01  9.3493e-02  0.0000e+00  1.1849e-04
 10520  9.0650e-01  9.3496e-02  1.7881e-07  1.1849e-04
 10540  9.0650e-01  9.3500e-02  0.0000e+00  1.1849e-04
 10560  9.0650e-01  9.3502e-02  1.7881e-07  1.1849e-04
 10580  9.0649e-01  9.3506e-02  0.0000e+00  1.1849e-04
 10600  9.0649e-01  9.3508e-02  5.9605e-08  1.1849e-04
 10620  9.0649e-01  9.3511e-02  0.0000e+00  1.1849e-04
 10640  9.0649e-01  9.3514e-02  0.0000e+00  1.1849e-04
 10660  9.0648e-01  9.3518e-02  0.0000e+00  1.1849e-04
 10680  9.0648e-01  9.3521e-02  0.0000e+00  1.1849e-04
 10700  9.0648e-01  9.3521e-02  1.7881e-07  1.1849e-04
 10720  9.0647e-01  9.3525e-02  2.9802e-07  1.1849e-04
 10740  9.0647e-01  9.3528e-02  0.0000e+00  1.1849e-04
 10760  9.0647e-01  9.3530e-02  0.0000e+00  1.1849e-04
 10780  9.0647e-01  9.3532e-02  9.5367e-07  1.1849e-04
 10800  9.0647e-01  9.3533e-02  0.0000e+00  1.1849e-04
 10820  9.0646e-01  9.3537e-02  5.9605e-08  1.1849e-04
 10840  9.0646e-01  9.3540e-02  3.5763e-07  1.1849e-04
 10860  9.0646e-01  9.3542e-02  1.1921e-07  1.1849e-04
 10880  9.0646e-01  9.3544e-02  0.0000e+00  1.1849e-04
 10900  9.0645e-01  9.3546e-02  0.0000e+00  1.1849e-04
 10920  9.0645e-01  9.3548e-02  2.3842e-07  1.1849e-04
 10940  9.0645e-01  9.3551e-02  0.0000e+00  1.1849e-04
 10960  9.0645e-01  9.3553e-02  2.9802e-07  1.1849e-04
 10980  9.0644e-01  9.3555e-02  1.1921e-07  1.1849e-04
 11000  9.0644e-01  9.3556e-02  3.5763e-07  1.1849e-04
 11020  9.0644e-01  9.3559e-02  0.0000e+00  1.1849e-04
 11040  9.0644e-01  9.3559e-02  0.0000e+00  1.1849e-04
 11060  9.0644e-01  9.3561e-02  4.7684e-07  1.1849e-04
 11080  9.0644e-01  9.3564e-02  0.0000e+00  1.1849e-04
 11100  9.0643e-01  9.3565e-02  5.3644e-07  1.1849e-04
 11120  9.0643e-01  9.3566e-02  2.9802e-07  1.1849e-04
 11140  9.0643e-01  9.3567e-02  0.0000e+00  1.1849e-04
 11160  9.0643e-01  9.3569e-02  0.0000e+00  1.1849e-04
 11180  9.0643e-01  9.3572e-02  0.0000e+00  1.1849e-04
 11200  9.0643e-01  9.3574e-02  0.0000e+00  1.1849e-04
 11220  9.0642e-01  9.3575e-02  3.5763e-07  1.1849e-04
 11240  9.0642e-01  9.3578e-02  0.0000e+00  1.1849e-04
 11260  9.0642e-01  9.3581e-02  3.5763e-07  1.1849e-04
 11280  9.0642e-01  9.3584e-02  5.9605e-08  1.1849e-04
 11300  9.0642e-01  9.3585e-02  0.0000e+00  1.1849e-04
 11320  9.0641e-01  9.3587e-02  0.0000e+00  1.1849e-04
 11340  9.0641e-01  9.3588e-02  0.0000e+00  1.1849e-04
 11360  9.0641e-01  9.3590e-02  0.0000e+00  1.1849e-04
 11380  9.0641e-01  9.3591e-02  0.0000e+00  1.1849e-04
 11400  9.0639e-01  9.3609e-02  0.0000e+00  1.1849e-04
 11420  9.0639e-01  9.3612e-02  8.3447e-07  1.1849e-04
 11440  9.0638e-01  9.3617e-02  0.0000e+00  1.1849e-04
 11460  9.0638e-01  9.3619e-02  0.0000e+00  1.1849e-04
 11480  9.0638e-01  9.3622e-02  0.0000e+00  1.1849e-04
 11500  9.0637e-01  9.3626e-02  0.0000e+00  1.1849e-04
 11520  9.0637e-01  9.3627e-02  7.7486e-07  1.1849e-04
 11540  9.0637e-01  9.3633e-02  0.0000e+00  1.1849e-04
 11560  9.0636e-01  9.3636e-02  0.0000e+00  1.1849e-04
 11580  9.0636e-01  9.3639e-02  7.1526e-07  1.1849e-04
 11600  9.0636e-01  9.3641e-02  1.7881e-07  1.1849e-04
 11620  9.0636e-01  9.3643e-02  0.0000e+00  1.1849e-04
 11640  9.0635e-01  9.3645e-02  5.3644e-07  1.1849e-04
 11660  9.0635e-01  9.3648e-02  1.1921e-07  1.1849e-04
 11680  9.0635e-01  9.3651e-02  0.0000e+00  1.1849e-04
 11700  9.0635e-01  9.3654e-02  0.0000e+00  1.1849e-04
 11720  9.0634e-01  9.3657e-02  0.0000e+00  1.1849e-04
 11740  9.0634e-01  9.3659e-02  1.1921e-07  1.1849e-04
 11760  9.0634e-01  9.3661e-02  3.5763e-07  1.1849e-04
 11780  9.0634e-01  9.3662e-02  0.0000e+00  1.1849e-04
 11800  9.0634e-01  9.3664e-02  6.5565e-07  1.1849e-04
 11820  9.0633e-01  9.3666e-02  0.0000e+00  1.1849e-04
 11840  9.0633e-01  9.3668e-02  0.0000e+00  1.1849e-04
 11860  9.0633e-01  9.3671e-02  0.0000e+00  1.1849e-04
 11880  9.0633e-01  9.3673e-02  0.0000e+00  1.1849e-04
 11900  9.0633e-01  9.3675e-02  0.0000e+00  1.1849e-04
 11920  9.0632e-01  9.3677e-02  6.5565e-07  1.1849e-04
 11940  9.0632e-01  9.3680e-02  0.0000e+00  1.1849e-04
 11960  9.0632e-01  9.3682e-02  0.0000e+00  1.1849e-04
 11980  9.0631e-01  9.3685e-02  3.5763e-07  1.1849e-04
 12000  9.0631e-01  9.3687e-02  0.0000e+00  1.1849e-04
 12020  9.0631e-01  9.3690e-02  0.0000e+00  1.1849e-04
 12040  9.0631e-01  9.3693e-02  1.1921e-07  1.1849e-04
 12060  9.0630e-01  9.3696e-02  4.1723e-07  1.1849e-04
 12080  9.0630e-01  9.3700e-02  0.0000e+00  1.1849e-04
 12100  9.0630e-01  9.3703e-02  0.0000e+00  1.1849e-04
 12120  9.0630e-01  9.3705e-02  0.0000e+00  1.1849e-04
 12140  9.0629e-01  9.3707e-02  5.9605e-08  1.1849e-04
 12160  9.0629e-01  9.3709e-02  2.3842e-07  1.1849e-04
 12180  9.0629e-01  9.3710e-02  0.0000e+00  1.1849e-04
 12200  9.0629e-01  9.3713e-02  5.9605e-07  1.1849e-04
 12220  9.0628e-01  9.3717e-02  0.0000e+00  1.1849e-04
 12240  9.0628e-01  9.3721e-02  0.0000e+00  1.1849e-04
 12260  9.0628e-01  9.3725e-02  2.9802e-07  1.1849e-04
 12280  9.0627e-01  9.3728e-02  0.0000e+00  1.1849e-04
 12300  9.0627e-01  9.3730e-02  0.0000e+00  1.1849e-04
 12320  9.0627e-01  9.3731e-02  1.7881e-07  1.1849e-04
 12340  9.0627e-01  9.3733e-02  5.9605e-08  1.1849e-04
 12360  9.0627e-01  9.3734e-02  5.9605e-08  1.1849e-04
 12380  9.0626e-01  9.3738e-02  0.0000e+00  1.1849e-04
 12400  9.0626e-01  9.3741e-02  2.9802e-07  1.1849e-04
 12420  9.0626e-01  9.3742e-02  0.0000e+00  1.1849e-04
 12440  9.0625e-01  9.3745e-02  2.9802e-07  1.1849e-04
 12460  9.0625e-01  9.3748e-02  1.1921e-07  1.1849e-04
 12480  9.0625e-01  9.3752e-02  1.7881e-07  1.1849e-04
 12500  9.0625e-01  9.3755e-02  6.5565e-07  1.1849e-04
 12520  9.0624e-01  9.3756e-02  0.0000e+00  1.1849e-04
 12540  9.0624e-01  9.3757e-02  2.3842e-07  1.1849e-04
 12560  9.0624e-01  9.3761e-02  5.9605e-08  1.1849e-04
 12580  9.0624e-01  9.3764e-02  0.0000e+00  1.1849e-04
 12600  9.0623e-01  9.3767e-02  0.0000e+00  1.1849e-04
 12620  9.0623e-01  9.3769e-02  1.7881e-07  1.1849e-04
 12640  9.0623e-01  9.3772e-02  0.0000e+00  1.1849e-04
 12660  9.0623e-01  9.3774e-02  1.7881e-07  1.1849e-04
 12680  9.0622e-01  9.3776e-02  1.1921e-07  1.1849e-04
 12700  9.0622e-01  9.3777e-02  0.0000e+00  1.1849e-04
 12720  9.0622e-01  9.3779e-02  0.0000e+00  1.1849e-04
 12740  9.0622e-01  9.3782e-02  1.7881e-07  1.1849e-04
 12760  9.0622e-01  9.3783e-02  1.1921e-07  1.1849e-04
 12780  9.0622e-01  9.3784e-02  3.5763e-07  1.1849e-04
 12800  9.0621e-01  9.3786e-02  1.7881e-07  1.1849e-04
 12820  9.0621e-01  9.3788e-02  1.1921e-07  1.1849e-04
 12840  9.0621e-01  9.3789e-02  0.0000e+00  1.1849e-04
 12860  9.0621e-01  9.3791e-02  0.0000e+00  1.1849e-04
 12880  9.0621e-01  9.3794e-02  4.1723e-07  1.1849e-04
 12900  9.0620e-01  9.3796e-02  5.9605e-08  1.1849e-04
 12920  9.0620e-01  9.3799e-02  2.9802e-07  1.1849e-04
 12940  9.0620e-01  9.3801e-02  2.3842e-07  1.1849e-04
 12960  9.0620e-01  9.3803e-02  0.0000e+00  1.1849e-04
 12980  9.0619e-01  9.3805e-02  1.7881e-07  1.1849e-04
 13000  9.0619e-01  9.3808e-02  0.0000e+00  1.1849e-04
 13020  9.0619e-01  9.3809e-02  0.0000e+00  1.1849e-04
 13040  9.0619e-01  9.3811e-02  5.9605e-08  1.1849e-04
 13060  9.0619e-01  9.3812e-02  0.0000e+00  1.1849e-04
 13080  9.0619e-01  9.3813e-02  1.7881e-07  1.1849e-04
 13100  9.0619e-01  9.3815e-02  0.0000e+00  1.1849e-04
 13120  9.0618e-01  9.3817e-02  1.7881e-07  1.1849e-04
 13140  9.0618e-01  9.3819e-02  2.3842e-07  1.1849e-04
 13160  9.0618e-01  9.3822e-02  2.3842e-07  1.1849e-04
 13180  9.0618e-01  9.3824e-02  0.0000e+00  1.1849e-04
 13200  9.0617e-01  9.3826e-02  1.7881e-07  1.1849e-04
 13220  9.0617e-01  9.3829e-02  0.0000e+00  1.1849e-04
 13240  9.0617e-01  9.3831e-02  0.0000e+00  1.1849e-04
 13260  9.0617e-01  9.3834e-02  5.3644e-07  1.1849e-04
 13280  9.0616e-01  9.3836e-02  0.0000e+00  1.1849e-04
 13300  9.0616e-01  9.3840e-02  0.0000e+00  1.1849e-04
 13320  9.0616e-01  9.3842e-02  2.3842e-07  1.1849e-04
 13340  9.0616e-01  9.3844e-02  4.1723e-07  1.1849e-04
 13360  9.0615e-01  9.3847e-02  0.0000e+00  1.1849e-04
 13380  9.0615e-01  9.3849e-02  2.3842e-07  1.1849e-04
 13400  9.0615e-01  9.3851e-02  2.3842e-07  1.1849e-04
 13420  9.0615e-01  9.3853e-02  0.0000e+00  1.1849e-04
 13440  9.0614e-01  9.3856e-02  0.0000e+00  1.1849e-04
 13460  9.0614e-01  9.3858e-02  4.1723e-07  1.1849e-04
 13480  9.0614e-01  9.3860e-02  0.0000e+00  1.1849e-04
 13500  9.0614e-01  9.3862e-02  0.0000e+00  1.1849e-04
 13520  9.0614e-01  9.3864e-02  2.3842e-07  1.1849e-04
 13540  9.0613e-01  9.3866e-02  0.0000e+00  1.1849e-04
 13560  9.0613e-01  9.3868e-02  5.9605e-08  1.1849e-04
 13580  9.0613e-01  9.3871e-02  0.0000e+00  1.1849e-04
 13600  9.0613e-01  9.3872e-02  1.1921e-07  1.1849e-04
 13620  9.0613e-01  9.3874e-02  5.9605e-07  1.1849e-04
 13640  9.0612e-01  9.3876e-02  3.5763e-07  1.1849e-04
 13660  9.0612e-01  9.3879e-02  0.0000e+00  1.1849e-04
 13680  9.0612e-01  9.3883e-02  1.7881e-07  1.1849e-04
 13700  9.0612e-01  9.3885e-02  1.1921e-07  1.1849e-04
 13720  9.0611e-01  9.3887e-02  0.0000e+00  1.1849e-04
 13740  9.0611e-01  9.3888e-02  5.9605e-07  1.1849e-04
 13760  9.0611e-01  9.3890e-02  1.7881e-07  1.1849e-04
 13780  9.0611e-01  9.3892e-02  0.0000e+00  1.1849e-04
 13800  9.0610e-01  9.3895e-02  0.0000e+00  1.1849e-04
 13820  9.0610e-01  9.3897e-02  0.0000e+00  1.1849e-04
 13840  9.0610e-01  9.3899e-02  6.5565e-07  1.1849e-04
 13860  9.0610e-01  9.3901e-02  0.0000e+00  1.1849e-04
 13880  9.0610e-01  9.3903e-02  1.1921e-07  1.1849e-04
 13900  9.0610e-01  9.3905e-02  7.1526e-07  1.1849e-04
 13920  9.0609e-01  9.3907e-02  5.9605e-08  1.1849e-04
 13940  9.0609e-01  9.3910e-02  0.0000e+00  1.1849e-04
 13960  9.0609e-01  9.3911e-02  4.1723e-07  1.1849e-04
 13980  9.0609e-01  9.3914e-02  2.9802e-07  1.1849e-04
 14000  9.0608e-01  9.3915e-02  0.0000e+00  1.1849e-04
 14020  9.0608e-01  9.3916e-02  0.0000e+00  1.1849e-04
 14040  9.0608e-01  9.3917e-02  3.5763e-07  1.1849e-04
 14060  9.0608e-01  9.3918e-02  0.0000e+00  1.1849e-04
 14080  9.0608e-01  9.3919e-02  0.0000e+00  1.1849e-04
 14100  9.0608e-01  9.3921e-02  0.0000e+00  1.1849e-04
 14120  9.0608e-01  9.3925e-02  1.7881e-07  1.1849e-04
 14140  9.0607e-01  9.3927e-02  0.0000e+00  1.1849e-04
 14160  9.0607e-01  9.3929e-02  5.9605e-08  1.1849e-04
 14180  9.0607e-01  9.3931e-02  5.9605e-08  1.1849e-04
 14200  9.0607e-01  9.3933e-02  1.7881e-07  1.1849e-04
 14220  9.0607e-01  9.3934e-02  1.7881e-07  1.1849e-04
 14240  9.0606e-01  9.3935e-02  1.1921e-07  1.1849e-04
 14260  9.0606e-01  9.3937e-02  2.3842e-07  1.1849e-04
 14280  9.0606e-01  9.3938e-02  0.0000e+00  1.1849e-04
 14300  9.0606e-01  9.3939e-02  1.7881e-07  1.1849e-04
 14320  9.0606e-01  9.3941e-02  0.0000e+00  1.1849e-04
 14340  9.0605e-01  9.3945e-02  3.5763e-07  1.1849e-04
 14360  9.0605e-01  9.3946e-02  0.0000e+00  1.1849e-04
 14380  9.0605e-01  9.3948e-02  0.0000e+00  1.1849e-04
 14400  9.0605e-01  9.3951e-02  0.0000e+00  1.1849e-04
 14420  9.0605e-01  9.3953e-02  0.0000e+00  1.1849e-04
 14440  9.0605e-01  9.3954e-02  1.1921e-07  1.1849e-04
 14460  9.0604e-01  9.3956e-02  2.9802e-07  1.1849e-04
 14480  9.0604e-01  9.3957e-02  0.0000e+00  1.1849e-04
 14500  9.0604e-01  9.3958e-02  1.7881e-07  1.1849e-04
 14520  9.0604e-01  9.3959e-02  5.9605e-08  1.1849e-04
 14540  9.0604e-01  9.3961e-02  0.0000e+00  1.1849e-04
 14560  9.0604e-01  9.3963e-02  5.9605e-08  1.1849e-04
 14580  9.0603e-01  9.3965e-02  1.1921e-07  1.1849e-04
 14600  9.0603e-01  9.3966e-02  5.9605e-07  1.1849e-04
 14620  9.0603e-01  9.3967e-02  1.1921e-07  1.1849e-04
 14640  9.0603e-01  9.3968e-02  4.1723e-07  1.1849e-04
 14660  9.0603e-01  9.3971e-02  0.0000e+00  1.1849e-04
 14680  9.0603e-01  9.3973e-02  1.1921e-07  1.1849e-04
 14700  9.0603e-01  9.3974e-02  1.1921e-07  1.1849e-04
 14720  9.0602e-01  9.3976e-02  0.0000e+00  1.1778e-04
 14740  9.0602e-01  9.3976e-02  3.5763e-07  1.1659e-04
 14760  9.0602e-01  9.3978e-02  0.0000e+00  1.1539e-04
 14780  9.0602e-01  9.3979e-02  2.3842e-07  1.1420e-04
 14800  9.0602e-01  9.3981e-02  1.1921e-07  1.1301e-04
 14820  9.0602e-01  9.3983e-02  1.7881e-07  1.1182e-04
 14840  9.0602e-01  9.3985e-02  4.1723e-07  1.1063e-04
 14860  9.0601e-01  9.3987e-02  0.0000e+00  1.0943e-04
 14880  9.0601e-01  9.3989e-02  1.1921e-07  1.0824e-04
 14900  9.0601e-01  9.3990e-02  0.0000e+00  1.0705e-04
 14920  9.0601e-01  9.3993e-02  0.0000e+00  1.0586e-04
 14940  9.0601e-01  9.3995e-02  0.0000e+00  1.0467e-04
 14960  9.0600e-01  9.3996e-02  2.3842e-07  1.0347e-04
 14980  9.0600e-01  9.3997e-02  2.9802e-07  1.0228e-04
 15000  9.0600e-01  9.3998e-02  0.0000e+00  1.0109e-04
 15018  9.0600e-01  0.0000e+00  9.3999e-02  0.0000e+00  9.9957e-05
# Std.corr:  FIRST=   0.08194596   LAST=   0.09399944  TIME=  23120 s
