# imodfit> Score file
# Iter       Score cross.corr. Delta_Score D_Score_Avg
     0  9.4463e-01  5.5368e-02
    20  9.4461e-01  5.5390e-02  0.0000e+00  4.5832e-41
    40  9.4460e-01  5.5402e-02  0.0000e+00  4.5832e-41
    60  9.4458e-01  5.5422e-02  5.9605e-08  4.5832e-41
    80  9.4456e-01  5.5439e-02  0.0000e+00  4.5832e-41
   100  9.4455e-01  5.5454e-02  1.1921e-06  4.5832e-41
   120  9.4452e-01  5.5475e-02  4.1127e-06  4.5832e-41
   140  9.4451e-01  5.5488e-02  0.0000e+00  4.5832e-41
   160  9.4450e-01  5.5499e-02  1.6689e-06  4.5832e-41
   180  9.4449e-01  5.5510e-02  2.4438e-06  4.5832e-41
   200  9.2143e-01  7.8572e-02  0.0000e+00  4.5832e-41
   220  9.2140e-01  7.8605e-02  5.1856e-06  4.5832e-41
   240  9.2137e-01  7.8630e-02  5.5432e-06  4.5832e-41
   260  9.2131e-01  7.8686e-02  0.0000e+00  4.5832e-41
   280  9.2129e-01  7.8709e-02  7.2718e-06  4.5832e-41
   300  9.2125e-01  7.8746e-02  7.7486e-07  4.5832e-41
   320  9.2122e-01  7.8782e-02  0.0000e+00  4.5832e-41
   340  9.2119e-01  7.8813e-02  8.5235e-06  4.5832e-41
   360  9.2114e-01  7.8864e-02  3.8147e-06  4.5832e-41
   380  9.2109e-01  7.8909e-02  0.0000e+00  4.5832e-41
   400  9.0145e-01  9.8546e-02  3.6955e-06  4.5832e-41
   420  9.0142e-01  9.8579e-02  0.0000e+00  4.5832e-41
   440  9.0139e-01  9.8613e-02  0.0000e+00  4.5832e-41
   460  9.0136e-01  9.8644e-02  3.2783e-06  4.5832e-41
   480  9.0133e-01  9.8667e-02  2.0862e-06  4.5832e-41
   500  9.0131e-01  9.8686e-02  0.0000e+00  4.5832e-41
   520  9.0128e-01  9.8716e-02  0.0000e+00  4.5832e-41
   540  9.0125e-01  9.8746e-02  0.0000e+00  4.5832e-41
   560  9.0122e-01  9.8778e-02  0.0000e+00  4.5832e-41
   580  9.0120e-01  9.8804e-02  0.0000e+00  4.5832e-41
   600  8.9469e-01  1.0531e-01  0.0000e+00  4.5832e-41
   620  8.9463e-01  1.0537e-01  0.0000e+00  4.5832e-41
   640  8.9459e-01  1.0541e-01  1.1325e-06  4.5832e-41
   660  8.9451e-01  1.0549e-01  0.0000e+00  4.5832e-41
   680  8.9450e-01  1.0550e-01  4.5300e-06  4.5832e-41
   700  8.9447e-01  1.0553e-01  5.9009e-06  4.5832e-41
   720  8.9442e-01  1.0558e-01  0.0000e+00  4.5832e-41
   740  8.9435e-01  1.0565e-01  7.8082e-06  4.5832e-41
   760  8.9431e-01  1.0569e-01  4.1723e-07  4.5832e-41
   780  8.9427e-01  1.0573e-01  0.0000e+00  4.5832e-41
   800  8.9416e-01  1.0584e-01  2.5034e-06  4.5832e-41
   820  8.9412e-01  1.0588e-01  0.0000e+00  4.5832e-41
   840  8.9408e-01  1.0592e-01  0.0000e+00  4.5832e-41
   860  8.9402e-01  1.0598e-01  0.0000e+00  4.5832e-41
   880  8.9397e-01  1.0603e-01  0.0000e+00  4.5832e-41
   900  8.9394e-01  1.0606e-01  0.0000e+00  4.5832e-41
   920  8.9390e-01  1.0610e-01  6.1393e-06  4.5832e-41
   940  8.9384e-01  1.0616e-01  0.0000e+00  4.5832e-41
   960  8.9379e-01  1.0621e-01  0.0000e+00  4.5832e-41
   980  8.9378e-01  1.0622e-01  7.4506e-06  4.5832e-41
  1000  8.9368e-01  1.0632e-01  0.0000e+00  4.5832e-41
  1020  8.9364e-01  1.0636e-01  0.0000e+00  4.5832e-41
  1040  8.9362e-01  1.0638e-01  0.0000e+00  4.5832e-41
  1060  8.9358e-01  1.0642e-01  1.1921e-07  4.5832e-41
  1080  8.9355e-01  1.0645e-01  6.9141e-06  4.5832e-41
  1100  8.9351e-01  1.0649e-01  5.9605e-08  4.5832e-41
  1120  8.9348e-01  1.0652e-01  0.0000e+00  4.5832e-41
  1140  8.9344e-01  1.0656e-01  0.0000e+00  4.5832e-41
  1160  8.9341e-01  1.0659e-01  3.5763e-07  4.5832e-41
  1180  8.9337e-01  1.0663e-01  1.4305e-06  4.5832e-41
  1200  8.9335e-01  1.0665e-01  3.5763e-07  4.5832e-41
  1220  8.9333e-01  1.0667e-01  3.8147e-06  4.5832e-41
  1240  8.9330e-01  1.0670e-01  6.0201e-06  4.5832e-41
  1260  8.9327e-01  1.0673e-01  5.7817e-06  4.5832e-41
  1280  8.9325e-01  1.0675e-01  3.2783e-06  4.5832e-41
  1300  8.9321e-01  1.0679e-01  0.0000e+00  4.5832e-41
  1320  8.9318e-01  1.0682e-01  0.0000e+00  4.5832e-41
  1340  8.9316e-01  1.0684e-01  7.1526e-07  4.5832e-41
  1360  8.9314e-01  1.0686e-01  0.0000e+00  4.5832e-41
  1380  8.9311e-01  1.0689e-01  2.4438e-06  4.5832e-41
  1400  8.9309e-01  1.0691e-01  1.0729e-06  4.5832e-41
  1420  8.9307e-01  1.0693e-01  0.0000e+00  4.5832e-41
  1440  8.9304e-01  1.0696e-01  0.0000e+00  4.5832e-41
  1460  8.9301e-01  1.0699e-01  2.7418e-06  4.5832e-41
  1480  8.9299e-01  1.0701e-01  3.2187e-06  4.5832e-41
  1500  8.9296e-01  1.0704e-01  0.0000e+00  4.5832e-41
  1520  8.9294e-01  1.0706e-01  5.9605e-07  4.5832e-41
  1540  8.9292e-01  1.0708e-01  1.7881e-07  4.5832e-41
  1560  8.9291e-01  1.0709e-01  0.0000e+00  4.5832e-41
  1580  8.9290e-01  1.0710e-01  7.1526e-07  4.5832e-41
  1600  8.9276e-01  1.0724e-01  0.0000e+00  4.5832e-41
  1620  8.9273e-01  1.0727e-01  0.0000e+00  4.5832e-41
  1640  8.9271e-01  1.0729e-01  0.0000e+00  4.5832e-41
  1660  8.9269e-01  1.0731e-01  0.0000e+00  4.5832e-41
  1680  8.9267e-01  1.0733e-01  0.0000e+00  4.5832e-41
  1700  8.9263e-01  1.0737e-01  0.0000e+00  4.5832e-41
  1720  8.9262e-01  1.0738e-01  3.9935e-06  4.5832e-41
  1740  8.9261e-01  1.0739e-01  0.0000e+00  4.5832e-41
  1760  8.9260e-01  1.0740e-01  1.7881e-06  4.5832e-41
  1780  8.9258e-01  1.0742e-01  0.0000e+00  4.5832e-41
  1800  8.9257e-01  1.0743e-01  1.9073e-06  4.5832e-41
  1820  8.9255e-01  1.0745e-01  1.0133e-06  4.5832e-41
  1840  8.9254e-01  1.0746e-01  0.0000e+00  4.5832e-41
  1860  8.9252e-01  1.0748e-01  0.0000e+00  4.5832e-41
  1880  8.9251e-01  1.0749e-01  8.9407e-07  4.5832e-41
  1900  8.9250e-01  1.0750e-01  1.3113e-06  4.5832e-41
  1920  8.9248e-01  1.0752e-01  0.0000e+00  4.5832e-41
  1940  8.9248e-01  1.0752e-01  0.0000e+00  4.5832e-41
  1960  8.9246e-01  1.0754e-01  5.3644e-07  4.5832e-41
  1980  8.9245e-01  1.0755e-01  0.0000e+00  4.5832e-41
  2000  8.9243e-01  1.0757e-01  1.4305e-06  4.5832e-41
  2020  8.9242e-01  1.0758e-01  2.2650e-06  1.7136e-02
  2040  8.9241e-01  1.0759e-01  0.0000e+00  1.6141e-02
  2060  8.9240e-01  1.0760e-01  0.0000e+00  1.5145e-02
  2080  8.9239e-01  1.0761e-01  0.0000e+00  1.4149e-02
  2100  8.9237e-01  1.0763e-01  5.9605e-08  1.3151e-02
  2120  8.9237e-01  1.0763e-01  0.0000e+00  1.2153e-02
  2140  8.9235e-01  1.0765e-01  0.0000e+00  1.1154e-02
  2160  8.9235e-01  1.0765e-01  0.0000e+00  1.0153e-02
  2180  8.9233e-01  1.0767e-01  1.1921e-07  9.1524e-03
  2200  8.9232e-01  1.0768e-01  6.5565e-07  8.1499e-03
  2220  8.9231e-01  1.0769e-01  6.5565e-07  7.6087e-03
  2240  8.9230e-01  1.0770e-01  0.0000e+00  7.0674e-03
  2260  8.9228e-01  1.0772e-01  1.9073e-06  6.5262e-03
  2280  8.9226e-01  1.0774e-01  0.0000e+00  5.9842e-03
  2300  8.9224e-01  1.0776e-01  0.0000e+00  5.4426e-03
  2320  8.9223e-01  1.0777e-01  0.0000e+00  4.9005e-03
  2340  8.9222e-01  1.0778e-01  2.3842e-07  4.3593e-03
  2360  8.9221e-01  1.0779e-01  0.0000e+00  3.8181e-03
  2380  8.9220e-01  1.0780e-01  0.0000e+00  3.2759e-03
  2400  8.9206e-01  1.0794e-01  0.0000e+00  2.7347e-03
  2420  8.9205e-01  1.0795e-01  2.6822e-06  2.5881e-03
  2440  8.9204e-01  1.0796e-01  4.1127e-06  2.4415e-03
  2460  8.9203e-01  1.0797e-01  7.1526e-07  2.2948e-03
  2480  8.9201e-01  1.0799e-01  0.0000e+00  2.1471e-03
  2500  8.9199e-01  1.0801e-01  0.0000e+00  1.9993e-03
  2520  8.9198e-01  1.0802e-01  0.0000e+00  1.8515e-03
  2540  8.9197e-01  1.0803e-01  3.0398e-06  1.7037e-03
  2560  8.9196e-01  1.0804e-01  0.0000e+00  1.5559e-03
  2580  8.9195e-01  1.0805e-01  2.0266e-06  1.4092e-03
  2600  8.9194e-01  1.0806e-01  4.7684e-07  1.2626e-03
  2620  8.9192e-01  1.0808e-01  2.9802e-06  1.2410e-03
  2640  8.9191e-01  1.0809e-01  0.0000e+00  1.2187e-03
  2660  8.9190e-01  1.0810e-01  4.1723e-07  1.1972e-03
  2680  8.9189e-01  1.0811e-01  0.0000e+00  1.1758e-03
  2700  8.9189e-01  1.0811e-01  5.9605e-07  1.1543e-03
  2720  8.9188e-01  1.0812e-01  0.0000e+00  1.1322e-03
  2740  8.9187e-01  1.0813e-01  2.9802e-07  1.1113e-03
  2760  8.9186e-01  1.0814e-01  1.3709e-06  1.0911e-03
  2780  8.9185e-01  1.0815e-01  1.9670e-06  1.0710e-03
  2800  8.9185e-01  1.0815e-01  7.7486e-07  1.0519e-03
  2820  8.9183e-01  1.0817e-01  1.3709e-06  1.0342e-03
  2840  8.9182e-01  1.0818e-01  0.0000e+00  1.0175e-03
  2860  8.9182e-01  1.0818e-01  0.0000e+00  1.0011e-03
  2880  8.9181e-01  1.0819e-01  0.0000e+00  9.8556e-04
  2900  8.9180e-01  1.0820e-01  1.1921e-06  9.7072e-04
  2920  8.9179e-01  1.0821e-01  0.0000e+00  9.5642e-04
  2940  8.9178e-01  1.0822e-01  0.0000e+00  9.4283e-04
  2960  8.9177e-01  1.0823e-01  4.7684e-07  9.3019e-04
  2980  8.9176e-01  1.0824e-01  1.1325e-06  9.1827e-04
  3000  8.9176e-01  1.0824e-01  8.3447e-07  9.0528e-04
  3020  8.9175e-01  1.0825e-01  1.7881e-07  8.9335e-04
  3040  8.9174e-01  1.0826e-01  0.0000e+00  8.8179e-04
  3060  8.9172e-01  1.0828e-01  0.0000e+00  8.7106e-04
  3080  8.9172e-01  1.0828e-01  0.0000e+00  8.6039e-04
  3100  8.9171e-01  1.0829e-01  2.3842e-07  8.5080e-04
  3120  8.9170e-01  1.0830e-01  0.0000e+00  8.4126e-04
  3140  8.9169e-01  1.0831e-01  7.7486e-07  8.3256e-04
  3160  8.9169e-01  1.0831e-01  5.9605e-08  8.2421e-04
  3180  8.9168e-01  1.0832e-01  0.0000e+00  8.1629e-04
  3200  8.9167e-01  1.0833e-01  0.0000e+00  8.0913e-04
  3220  8.9167e-01  1.0833e-01  0.0000e+00  8.0198e-04
  3240  8.9166e-01  1.0834e-01  7.1526e-07  7.9483e-04
  3260  8.9166e-01  1.0834e-01  1.1921e-07  7.8702e-04
  3280  8.9165e-01  1.0835e-01  2.9802e-07  7.7945e-04
  3300  8.9165e-01  1.0835e-01  0.0000e+00  7.7224e-04
  3320  8.9164e-01  1.0836e-01  0.0000e+00  7.6509e-04
  3340  8.9163e-01  1.0837e-01  0.0000e+00  7.5793e-04
  3360  8.9163e-01  1.0837e-01  6.5565e-07  7.5078e-04
  3380  8.9163e-01  1.0837e-01  4.1723e-07  7.4476e-04
  3400  8.9162e-01  1.0838e-01  8.3447e-07  7.3880e-04
  3420  8.9162e-01  1.0838e-01  0.0000e+00  7.2688e-04
  3440  8.9161e-01  1.0839e-01  8.9407e-07  7.1496e-04
  3460  8.9161e-01  1.0839e-01  1.6093e-06  7.0304e-04
  3480  8.9160e-01  1.0840e-01  0.0000e+00  6.9219e-04
  3500  8.9159e-01  1.0841e-01  0.0000e+00  6.8146e-04
  3520  8.9158e-01  1.0842e-01  0.0000e+00  6.7073e-04
  3540  8.9157e-01  1.0843e-01  0.0000e+00  6.6000e-04
  3560  8.9156e-01  1.0844e-01  8.9407e-07  6.4927e-04
  3580  8.9156e-01  1.0844e-01  8.3447e-07  6.3854e-04
  3600  8.9144e-01  1.0856e-01  0.0000e+00  6.2686e-04
  3620  8.9143e-01  1.0857e-01  1.0133e-06  6.1971e-04
  3640  8.9142e-01  1.0858e-01  0.0000e+00  6.1363e-04
  3660  8.9142e-01  1.0858e-01  2.0266e-06  6.0767e-04
  3680  8.9141e-01  1.0859e-01  1.1325e-06  6.0171e-04
  3700  8.9140e-01  1.0860e-01  0.0000e+00  5.9575e-04
  3720  8.9139e-01  1.0861e-01  7.7486e-07  5.9080e-04
  3740  8.9138e-01  1.0862e-01  5.3644e-07  5.8603e-04
  3760  8.9137e-01  1.0863e-01  0.0000e+00  5.8126e-04
  3780  8.9137e-01  1.0863e-01  4.7684e-07  5.7650e-04
  3800  8.9136e-01  1.0864e-01  0.0000e+00  5.7173e-04
  3820  8.9136e-01  1.0864e-01  7.7486e-07  5.6696e-04
  3840  8.9135e-01  1.0865e-01  2.2054e-06  5.6219e-04
  3860  8.9134e-01  1.0866e-01  1.0729e-06  5.5742e-04
  3880  8.9133e-01  1.0867e-01  0.0000e+00  5.5265e-04
  3900  8.9133e-01  1.0867e-01  0.0000e+00  5.4789e-04
  3920  8.9132e-01  1.0868e-01  2.5034e-06  5.4312e-04
  3940  8.9132e-01  1.0868e-01  5.9605e-07  5.3835e-04
  3960  8.9131e-01  1.0869e-01  2.9802e-07  5.3358e-04
  3980  8.9131e-01  1.0869e-01  5.3644e-07  5.2881e-04
  4000  8.9130e-01  1.0870e-01  5.9605e-07  5.2512e-04
  4020  8.9130e-01  1.0870e-01  8.9407e-07  5.2154e-04
  4040  8.9129e-01  1.0871e-01  0.0000e+00  5.1796e-04
  4060  8.9128e-01  1.0872e-01  7.1526e-07  5.1349e-04
  4080  8.9128e-01  1.0872e-01  0.0000e+00  5.0873e-04
  4100  8.9127e-01  1.0873e-01  0.0000e+00  5.0396e-04
  4120  8.9126e-01  1.0874e-01  3.5763e-07  4.9919e-04
  4140  8.9126e-01  1.0874e-01  2.3842e-07  4.9442e-04
  4160  8.9125e-01  1.0875e-01  0.0000e+00  4.8965e-04
  4180  8.9125e-01  1.0875e-01  2.3842e-07  4.8488e-04
  4200  8.9124e-01  1.0876e-01  1.7881e-07  4.8012e-04
  4220  8.9123e-01  1.0877e-01  0.0000e+00  4.7535e-04
  4240  8.9123e-01  1.0877e-01  3.5763e-07  4.7058e-04
  4260  8.9122e-01  1.0878e-01  5.9605e-07  4.6647e-04
  4280  8.9122e-01  1.0878e-01  3.5763e-07  4.6289e-04
  4300  8.9121e-01  1.0879e-01  0.0000e+00  4.5931e-04
  4320  8.9121e-01  1.0879e-01  0.0000e+00  4.5574e-04
  4340  8.9120e-01  1.0880e-01  0.0000e+00  4.5216e-04
  4360  8.9119e-01  1.0881e-01  4.7684e-07  4.4858e-04
  4380  8.9119e-01  1.0881e-01  0.0000e+00  4.4501e-04
  4400  8.9118e-01  1.0882e-01  5.9605e-08  4.4143e-04
  4420  8.9118e-01  1.0882e-01  6.5565e-07  4.4143e-04
  4440  8.9117e-01  1.0883e-01  1.5497e-06  4.4143e-04
  4460  8.9117e-01  1.0883e-01  5.9605e-07  4.4143e-04
  4480  8.9117e-01  1.0883e-01  0.0000e+00  4.4143e-04
  4500  8.9116e-01  1.0884e-01  0.0000e+00  4.4143e-04
  4520  8.9115e-01  1.0885e-01  0.0000e+00  4.4143e-04
  4540  8.9114e-01  1.0886e-01  0.0000e+00  4.4143e-04
  4560  8.9114e-01  1.0886e-01  0.0000e+00  4.4143e-04
  4580  8.9113e-01  1.0887e-01  0.0000e+00  4.4143e-04
  4600  8.9113e-01  1.0887e-01  1.0729e-06  4.4239e-04
  4620  8.9112e-01  1.0888e-01  2.3842e-07  4.3881e-04
  4640  8.9112e-01  1.0888e-01  2.3842e-07  4.3523e-04
  4660  8.9111e-01  1.0889e-01  0.0000e+00  4.3166e-04
  4680  8.9111e-01  1.0889e-01  2.9802e-07  4.2808e-04
  4700  8.9110e-01  1.0890e-01  0.0000e+00  4.2450e-04
  4720  8.9109e-01  1.0891e-01  0.0000e+00  4.2093e-04
  4740  8.9109e-01  1.0891e-01  0.0000e+00  4.1735e-04
  4760  8.9108e-01  1.0892e-01  5.9605e-08  4.1378e-04
  4780  8.9108e-01  1.0892e-01  0.0000e+00  4.1020e-04
  4800  8.9107e-01  1.0893e-01  0.0000e+00  4.0662e-04
  4820  8.9107e-01  1.0893e-01  0.0000e+00  4.0305e-04
  4840  8.9106e-01  1.0894e-01  2.3842e-07  3.9947e-04
  4860  8.9106e-01  1.0894e-01  0.0000e+00  3.9589e-04
  4880  8.9105e-01  1.0895e-01  0.0000e+00  3.9232e-04
  4900  8.9105e-01  1.0895e-01  3.5763e-07  3.8874e-04
  4920  8.9104e-01  1.0896e-01  0.0000e+00  3.8517e-04
  4940  8.9104e-01  1.0896e-01  0.0000e+00  3.8159e-04
  4960  8.9104e-01  1.0896e-01  0.0000e+00  3.7801e-04
  4980  8.9103e-01  1.0897e-01  2.3842e-07  3.7444e-04
  5000  8.9102e-01  1.0898e-01  0.0000e+00  3.7086e-04
  5020  8.9102e-01  1.0898e-01  2.3842e-07  3.6728e-04
  5040  8.9101e-01  1.0899e-01  0.0000e+00  3.6371e-04
  5060  8.9101e-01  1.0899e-01  0.0000e+00  3.6103e-04
  5080  8.9101e-01  1.0899e-01  0.0000e+00  3.5864e-04
  5100  8.9100e-01  1.0900e-01  1.7881e-07  3.5626e-04
  5120  8.9100e-01  1.0900e-01  0.0000e+00  3.5298e-04
  5140  8.9099e-01  1.0901e-01  9.5367e-07  3.4940e-04
  5160  8.9099e-01  1.0901e-01  0.0000e+00  3.4583e-04
  5180  8.9098e-01  1.0902e-01  5.9605e-08  3.4225e-04
  5200  8.9098e-01  1.0902e-01  0.0000e+00  3.3867e-04
  5220  8.9098e-01  1.0902e-01  1.8477e-06  3.3510e-04
  5240  8.9097e-01  1.0903e-01  0.0000e+00  3.3152e-04
  5260  8.9097e-01  1.0903e-01  3.5763e-07  3.2794e-04
  5280  8.9096e-01  1.0904e-01  0.0000e+00  3.2437e-04
  5300  8.9096e-01  1.0904e-01  0.0000e+00  3.2079e-04
  5320  8.9096e-01  1.0904e-01  0.0000e+00  3.1722e-04
  5340  8.9095e-01  1.0905e-01  2.9802e-07  3.1364e-04
  5360  8.9094e-01  1.0906e-01  0.0000e+00  3.1006e-04
  5380  8.9094e-01  1.0906e-01  2.9802e-07  3.0649e-04
  5400  8.9094e-01  1.0906e-01  8.9407e-07  3.0291e-04
  5420  8.9093e-01  1.0907e-01  1.7285e-06  2.9933e-04
  5440  8.9093e-01  1.0907e-01  0.0000e+00  2.9576e-04
  5460  8.9092e-01  1.0908e-01  0.0000e+00  2.9218e-04
  5480  8.9092e-01  1.0908e-01  5.9605e-07  2.8861e-04
  5500  8.9091e-01  1.0909e-01  0.0000e+00  2.8503e-04
  5520  8.9091e-01  1.0909e-01  0.0000e+00  2.8145e-04
  5540  8.9090e-01  1.0910e-01  0.0000e+00  2.7788e-04
  5560  8.9090e-01  1.0910e-01  1.1921e-07  2.7430e-04
  5580  8.9089e-01  1.0911e-01  6.5565e-07  2.7072e-04
  5600  8.9089e-01  1.0911e-01  0.0000e+00  2.6715e-04
  5620  8.9089e-01  1.0911e-01  0.0000e+00  2.6596e-04
  5640  8.9088e-01  1.0912e-01  2.9802e-07  2.6476e-04
  5660  8.9088e-01  1.0912e-01  0.0000e+00  2.6357e-04
  5680  8.9087e-01  1.0913e-01  0.0000e+00  2.6238e-04
  5700  8.9087e-01  1.0913e-01  0.0000e+00  2.6119e-04
  5720  8.9087e-01  1.0913e-01  8.3447e-07  2.6000e-04
  5740  8.9086e-01  1.0914e-01  7.7486e-07  2.5880e-04
  5760  8.9086e-01  1.0914e-01  3.5763e-07  2.5761e-04
  5780  8.9086e-01  1.0914e-01  0.0000e+00  2.5642e-04
  5800  8.9085e-01  1.0915e-01  0.0000e+00  2.5523e-04
  5820  8.9085e-01  1.0915e-01  0.0000e+00  2.5403e-04
  5840  8.9084e-01  1.0916e-01  0.0000e+00  2.5284e-04
  5860  8.9084e-01  1.0916e-01  9.5367e-07  2.5165e-04
  5880  8.9083e-01  1.0917e-01  8.9407e-07  2.5046e-04
  5900  8.9083e-01  1.0917e-01  5.9605e-08  2.4927e-04
  5920  8.9082e-01  1.0918e-01  5.9605e-08  2.4807e-04
  5940  8.9082e-01  1.0918e-01  1.1921e-07  2.4688e-04
  5960  8.9082e-01  1.0918e-01  0.0000e+00  2.4569e-04
  5980  8.9081e-01  1.0919e-01  3.5763e-07  2.4450e-04
  6000  8.9081e-01  1.0919e-01  5.9605e-08  2.4331e-04
  6020  8.9081e-01  1.0919e-01  0.0000e+00  2.4211e-04
  6040  8.9080e-01  1.0920e-01  3.5763e-07  2.4092e-04
  6060  8.9080e-01  1.0920e-01  2.3842e-07  2.3973e-04
  6080  8.9079e-01  1.0921e-01  0.0000e+00  2.3854e-04
  6100  8.9079e-01  1.0921e-01  0.0000e+00  2.3735e-04
  6120  8.9078e-01  1.0922e-01  0.0000e+00  2.3705e-04
  6140  8.9078e-01  1.0922e-01  8.3447e-07  2.3705e-04
  6160  8.9078e-01  1.0922e-01  0.0000e+00  2.3705e-04
  6180  8.9077e-01  1.0923e-01  0.0000e+00  2.3705e-04
  6200  8.9077e-01  1.0923e-01  0.0000e+00  2.3705e-04
  6220  8.9076e-01  1.0924e-01  0.0000e+00  2.3705e-04
  6240  8.9076e-01  1.0924e-01  0.0000e+00  2.3705e-04
  6260  8.9075e-01  1.0925e-01  2.9802e-07  2.3705e-04
  6280  8.9075e-01  1.0925e-01  0.0000e+00  2.3705e-04
  6300  8.9074e-01  1.0926e-01  1.7881e-07  2.3705e-04
  6320  8.9074e-01  1.0926e-01  0.0000e+00  2.3705e-04
  6340  8.9073e-01  1.0927e-01  1.7881e-07  2.3705e-04
  6360  8.9073e-01  1.0927e-01  4.7684e-07  2.3705e-04
  6380  8.9073e-01  1.0927e-01  0.0000e+00  2.3705e-04
  6400  8.9072e-01  1.0928e-01  0.0000e+00  2.3705e-04
  6420  8.9072e-01  1.0928e-01  5.3644e-07  2.3705e-04
  6440  8.9072e-01  1.0928e-01  0.0000e+00  2.3705e-04
  6460  8.9071e-01  1.0929e-01  0.0000e+00  2.3645e-04
  6480  8.9071e-01  1.0929e-01  5.9605e-08  2.3526e-04
  6500  8.9071e-01  1.0929e-01  1.7881e-07  2.3407e-04
  6520  8.9070e-01  1.0930e-01  0.0000e+00  2.3288e-04
  6540  8.9070e-01  1.0930e-01  0.0000e+00  2.3168e-04
  6560  8.9069e-01  1.0931e-01  1.7881e-07  2.3049e-04
  6580  8.9069e-01  1.0931e-01  0.0000e+00  2.2930e-04
  6600  8.9069e-01  1.0931e-01  0.0000e+00  2.2811e-04
  6620  8.9069e-01  1.0931e-01  0.0000e+00  2.2691e-04
  6640  8.9068e-01  1.0932e-01  1.1921e-07  2.2572e-04
  6660  8.9068e-01  1.0932e-01  0.0000e+00  2.2453e-04
  6680  8.9067e-01  1.0933e-01  7.7486e-07  2.2334e-04
  6700  8.9067e-01  1.0933e-01  1.1921e-07  2.2215e-04
  6720  8.9066e-01  1.0934e-01  0.0000e+00  2.2095e-04
  6740  8.9066e-01  1.0934e-01  1.1921e-07  2.1976e-04
  6760  8.9066e-01  1.0934e-01  0.0000e+00  2.1857e-04
  6780  8.9066e-01  1.0934e-01  6.5565e-07  2.1738e-04
  6800  8.9065e-01  1.0935e-01  1.1921e-07  2.1619e-04
  6820  8.9065e-01  1.0935e-01  1.0729e-06  2.1499e-04
  6840  8.9065e-01  1.0935e-01  0.0000e+00  2.1380e-04
  6860  8.9064e-01  1.0936e-01  0.0000e+00  2.1261e-04
  6880  8.9064e-01  1.0936e-01  5.3644e-07  2.1142e-04
  6900  8.9064e-01  1.0936e-01  1.7881e-07  2.1023e-04
  6920  8.9063e-01  1.0937e-01  1.7881e-07  2.0903e-04
  6940  8.9063e-01  1.0937e-01  0.0000e+00  2.0784e-04
  6960  8.9062e-01  1.0938e-01  0.0000e+00  2.0665e-04
  6980  8.9062e-01  1.0938e-01  3.5763e-07  2.0546e-04
  7000  8.9062e-01  1.0938e-01  0.0000e+00  2.0427e-04
  7020  8.9061e-01  1.0939e-01  0.0000e+00  2.0307e-04
  7040  8.9061e-01  1.0939e-01  0.0000e+00  2.0188e-04
  7060  8.9061e-01  1.0939e-01  0.0000e+00  2.0069e-04
  7080  8.9061e-01  1.0939e-01  7.7486e-07  1.9950e-04
  7100  8.9060e-01  1.0940e-01  0.0000e+00  1.9830e-04
  7120  8.9060e-01  1.0940e-01  0.0000e+00  1.9711e-04
  7140  8.9060e-01  1.0940e-01  0.0000e+00  1.9592e-04
  7160  8.9059e-01  1.0941e-01  0.0000e+00  1.9473e-04
  7180  8.9059e-01  1.0941e-01  4.7684e-07  1.9354e-04
  7200  8.9059e-01  1.0941e-01  0.0000e+00  1.9234e-04
  7220  8.9058e-01  1.0942e-01  1.1921e-07  1.9115e-04
  7240  8.9058e-01  1.0942e-01  1.7881e-07  1.8996e-04
  7260  8.9058e-01  1.0942e-01  4.1723e-07  1.8877e-04
  7280  8.9058e-01  1.0942e-01  1.7881e-07  1.8758e-04
  7300  8.9057e-01  1.0943e-01  0.0000e+00  1.8638e-04
  7320  8.9057e-01  1.0943e-01  3.5763e-07  1.8519e-04
  7340  8.9057e-01  1.0943e-01  0.0000e+00  1.8400e-04
  7360  8.9056e-01  1.0944e-01  3.5763e-07  1.8281e-04
  7380  8.9056e-01  1.0944e-01  2.9802e-07  1.8162e-04
  7400  8.9056e-01  1.0944e-01  3.5763e-07  1.8042e-04
  7420  8.9056e-01  1.0944e-01  0.0000e+00  1.7923e-04
  7440  8.9055e-01  1.0945e-01  0.0000e+00  1.7804e-04
  7460  8.9055e-01  1.0945e-01  4.1723e-07  1.7744e-04
  7480  8.9054e-01  1.0946e-01  1.0729e-06  1.7744e-04
  7500  8.9054e-01  1.0946e-01  8.3447e-07  1.7744e-04
  7520  8.9054e-01  1.0946e-01  1.1325e-06  1.7744e-04
  7540  8.9054e-01  1.0946e-01  4.1723e-07  1.7744e-04
  7560  8.9054e-01  1.0946e-01  5.9605e-07  1.7744e-04
  7580  8.9053e-01  1.0947e-01  0.0000e+00  1.7744e-04
  7600  8.9053e-01  1.0947e-01  0.0000e+00  1.7744e-04
  7620  8.9052e-01  1.0948e-01  0.0000e+00  1.7744e-04
  7640  8.9052e-01  1.0948e-01  4.7684e-07  1.7744e-04
  7660  8.9051e-01  1.0949e-01  7.7486e-07  1.7744e-04
  7680  8.9051e-01  1.0949e-01  0.0000e+00  1.7744e-04
  7700  8.9051e-01  1.0949e-01  0.0000e+00  1.7744e-04
  7720  8.9050e-01  1.0950e-01  0.0000e+00  1.7744e-04
  7740  8.9050e-01  1.0950e-01  2.9802e-07  1.7744e-04
  7760  8.9049e-01  1.0951e-01  0.0000e+00  1.7744e-04
  7780  8.9049e-01  1.0951e-01  0.0000e+00  1.7744e-04
  7800  8.9048e-01  1.0952e-01  1.1921e-07  1.7744e-04
  7820  8.9048e-01  1.0952e-01  1.4305e-06  1.7744e-04
  7840  8.9048e-01  1.0952e-01  7.7486e-07  1.7744e-04
  7860  8.9047e-01  1.0953e-01  5.9605e-08  1.7744e-04
  7880  8.9047e-01  1.0953e-01  7.1526e-07  1.7744e-04
  7900  8.9047e-01  1.0953e-01  1.1921e-07  1.7744e-04
  7920  8.9046e-01  1.0954e-01  4.1723e-07  1.7744e-04
  7940  8.9046e-01  1.0954e-01  0.0000e+00  1.7744e-04
  7960  8.9045e-01  1.0955e-01  1.7881e-07  1.7744e-04
  7980  8.9045e-01  1.0955e-01  9.5367e-07  1.7744e-04
  8000  8.9044e-01  1.0956e-01  0.0000e+00  1.7744e-04
  8020  8.9044e-01  1.0956e-01  0.0000e+00  1.7744e-04
  8040  8.9044e-01  1.0956e-01  5.9605e-08  1.7744e-04
  8060  8.9043e-01  1.0957e-01  5.9605e-07  1.7744e-04
  8080  8.9043e-01  1.0957e-01  0.0000e+00  1.7744e-04
  8100  8.9042e-01  1.0958e-01  0.0000e+00  1.7744e-04
  8120  8.9042e-01  1.0958e-01  4.1723e-07  1.7744e-04
  8140  8.9042e-01  1.0958e-01  1.1325e-06  1.7744e-04
  8160  8.9042e-01  1.0958e-01  0.0000e+00  1.7744e-04
  8180  8.9041e-01  1.0959e-01  9.5367e-07  1.7744e-04
  8200  8.9041e-01  1.0959e-01  2.3842e-07  1.7744e-04
  8220  8.9040e-01  1.0960e-01  0.0000e+00  1.7744e-04
  8240  8.9040e-01  1.0960e-01  0.0000e+00  1.7744e-04
  8260  8.9039e-01  1.0961e-01  8.3447e-07  1.7744e-04
  8280  8.9039e-01  1.0961e-01  0.0000e+00  1.7744e-04
  8300  8.9038e-01  1.0962e-01  0.0000e+00  1.7744e-04
  8320  8.9038e-01  1.0962e-01  5.9605e-08  1.7744e-04
  8340  8.9038e-01  1.0962e-01  2.9802e-07  1.7744e-04
  8360  8.9037e-01  1.0963e-01  0.0000e+00  1.7744e-04
  8380  8.9037e-01  1.0963e-01  0.0000e+00  1.7744e-04
  8400  8.9037e-01  1.0963e-01  3.5763e-07  1.7744e-04
  8420  8.9036e-01  1.0964e-01  8.3447e-07  1.7744e-04
  8440  8.9036e-01  1.0964e-01  7.7486e-07  1.7744e-04
  8460  8.9035e-01  1.0965e-01  0.0000e+00  1.7744e-04
  8480  8.9035e-01  1.0965e-01  1.7881e-07  1.7744e-04
  8500  8.9034e-01  1.0966e-01  9.5367e-07  1.7744e-04
  8520  8.9034e-01  1.0966e-01  1.0729e-06  1.7744e-04
  8540  8.9034e-01  1.0966e-01  0.0000e+00  1.7744e-04
  8560  8.9033e-01  1.0967e-01  0.0000e+00  1.7744e-04
  8580  8.9033e-01  1.0967e-01  0.0000e+00  1.7744e-04
  8600  8.9032e-01  1.0968e-01  0.0000e+00  1.7744e-04
  8620  8.9032e-01  1.0968e-01  0.0000e+00  1.7744e-04
  8640  8.9031e-01  1.0969e-01  0.0000e+00  1.7744e-04
  8660  8.9031e-01  1.0969e-01  0.0000e+00  1.7744e-04
  8680  8.9031e-01  1.0969e-01  0.0000e+00  1.7744e-04
  8700  8.9030e-01  1.0970e-01  0.0000e+00  1.7744e-04
  8720  8.9030e-01  1.0970e-01  0.0000e+00  1.7744e-04
  8740  8.9030e-01  1.0970e-01  0.0000e+00  1.7744e-04
  8760  8.9029e-01  1.0971e-01  1.1921e-07  1.7744e-04
  8780  8.9029e-01  1.0971e-01  0.0000e+00  1.7744e-04
  8800  8.9028e-01  1.0972e-01  3.5763e-07  1.7744e-04
  8820  8.9028e-01  1.0972e-01  0.0000e+00  1.7744e-04
  8840  8.9027e-01  1.0973e-01  4.7684e-07  1.7744e-04
  8860  8.9027e-01  1.0973e-01  4.1723e-07  1.7750e-04
  8880  8.9026e-01  1.0974e-01  0.0000e+00  1.7750e-04
  8900  8.9025e-01  1.0975e-01  1.1921e-07  1.7869e-04
  8920  8.9025e-01  1.0975e-01  0.0000e+00  1.7989e-04
  8940  8.9025e-01  1.0975e-01  3.5763e-07  1.8108e-04
  8960  8.9024e-01  1.0976e-01  0.0000e+00  1.8227e-04
  8980  8.9024e-01  1.0976e-01  0.0000e+00  1.8346e-04
  9000  8.9012e-01  1.0988e-01  0.0000e+00  1.8466e-04
  9020  8.9012e-01  1.0988e-01  5.9605e-08  1.8704e-04
  9040  8.9011e-01  1.0989e-01  0.0000e+00  1.8942e-04
  9060  8.9010e-01  1.0990e-01  0.0000e+00  1.9258e-04
  9080  8.9009e-01  1.0991e-01  0.0000e+00  1.9616e-04
  9100  8.9009e-01  1.0991e-01  1.1921e-07  1.9974e-04
  9120  8.9008e-01  1.0992e-01  1.0729e-06  2.0331e-04
  9140  8.9008e-01  1.0992e-01  7.1526e-07  2.0689e-04
  9160  8.9007e-01  1.0993e-01  0.0000e+00  2.1046e-04
  9180  8.9007e-01  1.0993e-01  7.1526e-07  2.1404e-04
  9200  8.9007e-01  1.0993e-01  0.0000e+00  2.1762e-04
  9220  8.9006e-01  1.0994e-01  0.0000e+00  2.2119e-04
  9240  8.9006e-01  1.0994e-01  0.0000e+00  2.2477e-04
  9260  8.9005e-01  1.0995e-01  7.7486e-07  2.2835e-04
  9280  8.9005e-01  1.0995e-01  4.1723e-07  2.3192e-04
  9300  8.9005e-01  1.0995e-01  5.9605e-08  2.3550e-04
  9320  8.9004e-01  1.0996e-01  1.1921e-07  2.3907e-04
  9340  8.9003e-01  1.0997e-01  0.0000e+00  2.4265e-04
  9360  8.9003e-01  1.0997e-01  0.0000e+00  2.4623e-04
  9380  8.9002e-01  1.0998e-01  8.3447e-07  2.4980e-04
  9400  8.9002e-01  1.0998e-01  0.0000e+00  2.5338e-04
  9420  8.9002e-01  1.0998e-01  0.0000e+00  2.5696e-04
  9440  8.9001e-01  1.0999e-01  4.7684e-07  2.6053e-04
  9460  8.9001e-01  1.0999e-01  0.0000e+00  2.6411e-04
  9480  8.9000e-01  1.1000e-01  2.3842e-07  2.6768e-04
  9500  8.9000e-01  1.1000e-01  0.0000e+00  2.7126e-04
  9520  8.9000e-01  1.1000e-01  0.0000e+00  2.7484e-04
  9540  8.8999e-01  1.1001e-01  4.1723e-07  2.7841e-04
  9560  8.8999e-01  1.1001e-01  1.1921e-07  2.8199e-04
  9580  8.8998e-01  1.1002e-01  2.3842e-07  2.8557e-04
  9600  8.8998e-01  1.1002e-01  0.0000e+00  2.8914e-04
  9620  8.8997e-01  1.1003e-01  8.9407e-07  2.9272e-04
  9640  8.8997e-01  1.1003e-01  4.1723e-07  2.9629e-04
  9660  8.8997e-01  1.1003e-01  0.0000e+00  2.9987e-04
  9680  8.8996e-01  1.1004e-01  0.0000e+00  3.0345e-04
  9700  8.8996e-01  1.1004e-01  5.9605e-07  3.0702e-04
  9720  8.8995e-01  1.1005e-01  5.9605e-07  3.1060e-04
  9740  8.8995e-01  1.1005e-01  0.0000e+00  3.1418e-04
  9760  8.8994e-01  1.1006e-01  0.0000e+00  3.1775e-04
  9780  8.8994e-01  1.1006e-01  0.0000e+00  3.2133e-04
  9800  8.8993e-01  1.1007e-01  1.7881e-07  3.2490e-04
  9820  8.8992e-01  1.1008e-01  0.0000e+00  3.2848e-04
  9840  8.8992e-01  1.1008e-01  0.0000e+00  3.3206e-04
  9860  8.8991e-01  1.1009e-01  0.0000e+00  3.3557e-04
  9880  8.8991e-01  1.1009e-01  0.0000e+00  3.3915e-04
  9900  8.8991e-01  1.1009e-01  0.0000e+00  3.4153e-04
  9920  8.8990e-01  1.1010e-01  0.0000e+00  3.4392e-04
  9940  8.8990e-01  1.1010e-01  0.0000e+00  3.4630e-04
  9960  8.8990e-01  1.1010e-01  2.9802e-07  3.4869e-04
  9980  8.8989e-01  1.1011e-01  0.0000e+00  3.5107e-04
 10000  8.8989e-01  1.1011e-01  0.0000e+00  3.5346e-04
 10020  8.8988e-01  1.1012e-01  8.3447e-07  3.5226e-04
 10040  8.8987e-01  1.1013e-01  0.0000e+00  3.5107e-04
 10060  8.8987e-01  1.1013e-01  0.0000e+00  3.4910e-04
 10080  8.8987e-01  1.1013e-01  5.3644e-07  3.4672e-04
 10100  8.8986e-01  1.1014e-01  0.0000e+00  3.4434e-04
 10120  8.8986e-01  1.1014e-01  0.0000e+00  3.4195e-04
 10140  8.8985e-01  1.1015e-01  1.4305e-06  3.3957e-04
 10160  8.8985e-01  1.1015e-01  7.1526e-07  3.3718e-04
 10180  8.8984e-01  1.1016e-01  0.0000e+00  3.3480e-04
 10200  8.8984e-01  1.1016e-01  5.3644e-07  3.3242e-04
 10220  8.8983e-01  1.1017e-01  0.0000e+00  3.3003e-04
 10240  8.8983e-01  1.1017e-01  0.0000e+00  3.2765e-04
 10260  8.8982e-01  1.1018e-01  0.0000e+00  3.2526e-04
 10280  8.8982e-01  1.1018e-01  3.5763e-07  3.2288e-04
 10300  8.8981e-01  1.1019e-01  0.0000e+00  3.2049e-04
 10320  8.8980e-01  1.1020e-01  5.9605e-07  3.1811e-04
 10340  8.8980e-01  1.1020e-01  2.3842e-07  3.1573e-04
 10360  8.8979e-01  1.1021e-01  5.9605e-07  3.1334e-04
 10380  8.8978e-01  1.1022e-01  0.0000e+00  3.1096e-04
 10400  8.8978e-01  1.1022e-01  0.0000e+00  3.0857e-04
 10420  8.8977e-01  1.1023e-01  0.0000e+00  3.0619e-04
 10440  8.8976e-01  1.1024e-01  0.0000e+00  3.0380e-04
 10460  8.8976e-01  1.1024e-01  4.7684e-07  3.0142e-04
 10480  8.8975e-01  1.1025e-01  5.3644e-07  2.9904e-04
 10500  8.8975e-01  1.1025e-01  0.0000e+00  2.9665e-04
 10520  8.8974e-01  1.1026e-01  0.0000e+00  2.9427e-04
 10540  8.8973e-01  1.1027e-01  0.0000e+00  2.9188e-04
 10560  8.8972e-01  1.1028e-01  0.0000e+00  2.8950e-04
 10580  8.8971e-01  1.1029e-01  0.0000e+00  2.8771e-04
 10600  8.8971e-01  1.1029e-01  1.4901e-06  2.8652e-04
 10620  8.8971e-01  1.1029e-01  7.7486e-07  2.8479e-04
 10640  8.8970e-01  1.1030e-01  8.3447e-07  2.8324e-04
 10660  8.8969e-01  1.1031e-01  0.0000e+00  2.8205e-04
 10680  8.8968e-01  1.1032e-01  1.1921e-07  2.8086e-04
 10700  8.8968e-01  1.1032e-01  2.9802e-07  2.7966e-04
 10720  8.8967e-01  1.1033e-01  2.9802e-07  2.7847e-04
 10740  8.8966e-01  1.1034e-01  0.0000e+00  2.7728e-04
 10760  8.8965e-01  1.1035e-01  0.0000e+00  2.7609e-04
 10780  8.8965e-01  1.1035e-01  8.9407e-07  2.7490e-04
 10800  8.8964e-01  1.1036e-01  0.0000e+00  2.7370e-04
 10820  8.8963e-01  1.1037e-01  9.5367e-07  2.7251e-04
 10840  8.8962e-01  1.1038e-01  0.0000e+00  2.7132e-04
 10860  8.8962e-01  1.1038e-01  0.0000e+00  2.7013e-04
 10880  8.8961e-01  1.1039e-01  2.2054e-06  2.6894e-04
 10900  8.8961e-01  1.1039e-01  4.1723e-07  2.6774e-04
 10920  8.8960e-01  1.1040e-01  0.0000e+00  2.6655e-04
 10940  8.8960e-01  1.1040e-01  3.5763e-07  2.6536e-04
 10960  8.8959e-01  1.1041e-01  2.9802e-07  2.6417e-04
 10980  8.8959e-01  1.1041e-01  1.1325e-06  2.6298e-04
 11000  8.8958e-01  1.1042e-01  6.5565e-07  2.6178e-04
 11020  8.8957e-01  1.1043e-01  7.7486e-07  2.6298e-04
 11040  8.8956e-01  1.1044e-01  5.9605e-07  2.6417e-04
 11060  8.8956e-01  1.1044e-01  4.1723e-07  2.6536e-04
 11080  8.8955e-01  1.1045e-01  2.9802e-07  2.6655e-04
 11100  8.8955e-01  1.1045e-01  1.1921e-07  2.6774e-04
 11120  8.8954e-01  1.1046e-01  0.0000e+00  2.6894e-04
 11140  8.8954e-01  1.1046e-01  5.9605e-08  2.7013e-04
 11160  8.8953e-01  1.1047e-01  0.0000e+00  2.7132e-04
 11180  8.8952e-01  1.1048e-01  2.3842e-07  2.7251e-04
 11200  8.8952e-01  1.1048e-01  0.0000e+00  2.7370e-04
 11220  8.8951e-01  1.1049e-01  5.9605e-07  2.7490e-04
 11240  8.8951e-01  1.1049e-01  1.1921e-07  2.7609e-04
 11260  8.8950e-01  1.1050e-01  0.0000e+00  2.7728e-04
 11280  8.8949e-01  1.1051e-01  4.7684e-07  2.7847e-04
 11300  8.8949e-01  1.1051e-01  6.5565e-07  2.7966e-04
 11320  8.8948e-01  1.1052e-01  0.0000e+00  2.8086e-04
 11340  8.8948e-01  1.1052e-01  0.0000e+00  2.8205e-04
 11360  8.8947e-01  1.1053e-01  4.7684e-07  2.8324e-04
 11380  8.8947e-01  1.1053e-01  7.7486e-07  2.8443e-04
 11400  8.8946e-01  1.1054e-01  0.0000e+00  2.8563e-04
 11420  8.8945e-01  1.1055e-01  0.0000e+00  2.8682e-04
 11440  8.8945e-01  1.1055e-01  0.0000e+00  2.8801e-04
 11460  8.8944e-01  1.1056e-01  0.0000e+00  2.8920e-04
 11480  8.8943e-01  1.1057e-01  8.9407e-07  2.9039e-04
 11500  8.8942e-01  1.1058e-01  0.0000e+00  2.9159e-04
 11520  8.8941e-01  1.1059e-01  7.7486e-07  2.9278e-04
 11540  8.8941e-01  1.1059e-01  0.0000e+00  2.9397e-04
 11560  8.8940e-01  1.1060e-01  2.3246e-06  2.9516e-04
 11580  8.8940e-01  1.1060e-01  1.1325e-06  2.9576e-04
 11600  8.8939e-01  1.1061e-01  0.0000e+00  2.9576e-04
 11620  8.8939e-01  1.1061e-01  2.3842e-07  2.9629e-04
 11640  8.8938e-01  1.1062e-01  0.0000e+00  2.9665e-04
 11660  8.8937e-01  1.1063e-01  2.3842e-07  2.9665e-04
 11680  8.8937e-01  1.1063e-01  4.1723e-07  2.9665e-04
 11700  8.8937e-01  1.1063e-01  0.0000e+00  2.9665e-04
 11720  8.8936e-01  1.1064e-01  5.9605e-08  2.9665e-04
 11740  8.8935e-01  1.1065e-01  1.7285e-06  2.9665e-04
 11760  8.8934e-01  1.1066e-01  7.7486e-07  2.9665e-04
 11780  8.8934e-01  1.1066e-01  0.0000e+00  2.9665e-04
 11800  8.8933e-01  1.1067e-01  5.9605e-08  2.9665e-04
 11820  8.8933e-01  1.1067e-01  5.3644e-07  2.9665e-04
 11840  8.8932e-01  1.1068e-01  1.4901e-06  2.9665e-04
 11860  8.8931e-01  1.1069e-01  0.0000e+00  2.9665e-04
 11880  8.8930e-01  1.1070e-01  1.1921e-07  2.9665e-04
 11900  8.8930e-01  1.1070e-01  5.9605e-08  2.9665e-04
 11920  8.8929e-01  1.1071e-01  0.0000e+00  2.9665e-04
 11940  8.8929e-01  1.1071e-01  6.5565e-07  2.9665e-04
 11960  8.8928e-01  1.1072e-01  7.7486e-07  2.9665e-04
 11980  8.8928e-01  1.1072e-01  7.7486e-07  2.9665e-04
 12000  8.8927e-01  1.1073e-01  0.0000e+00  2.9665e-04
 12020  8.8926e-01  1.1074e-01  2.9802e-07  2.9665e-04
 12040  8.8925e-01  1.1075e-01  6.5565e-07  2.9665e-04
 12060  8.8925e-01  1.1075e-01  4.1723e-07  2.9665e-04
 12080  8.8924e-01  1.1076e-01  0.0000e+00  2.9665e-04
 12100  8.8924e-01  1.1076e-01  8.3447e-07  2.9665e-04
 12120  8.8923e-01  1.1077e-01  0.0000e+00  2.9665e-04
 12140  8.8922e-01  1.1078e-01  1.1921e-07  2.9665e-04
 12160  8.8921e-01  1.1079e-01  0.0000e+00  2.9665e-04
 12180  8.8921e-01  1.1079e-01  0.0000e+00  2.9665e-04
 12200  8.8920e-01  1.1080e-01  7.7486e-07  2.9665e-04
 12220  8.8919e-01  1.1081e-01  0.0000e+00  2.9665e-04
 12240  8.8919e-01  1.1081e-01  2.9802e-07  2.9665e-04
 12260  8.8918e-01  1.1082e-01  2.9802e-07  2.9665e-04
 12280  8.8918e-01  1.1082e-01  8.9407e-07  2.9665e-04
 12300  8.8917e-01  1.1083e-01  0.0000e+00  2.9665e-04
 12320  8.8917e-01  1.1083e-01  8.9407e-07  2.9665e-04
 12340  8.8916e-01  1.1084e-01  0.0000e+00  2.9665e-04
 12360  8.8915e-01  1.1085e-01  0.0000e+00  2.9665e-04
 12380  8.8915e-01  1.1085e-01  0.0000e+00  2.9665e-04
 12400  8.8914e-01  1.1086e-01  0.0000e+00  2.9665e-04
 12420  8.8913e-01  1.1087e-01  0.0000e+00  2.9665e-04
 12440  8.8913e-01  1.1087e-01  0.0000e+00  2.9665e-04
 12460  8.8912e-01  1.1088e-01  0.0000e+00  2.9665e-04
 12480  8.8912e-01  1.1088e-01  0.0000e+00  2.9665e-04
 12500  8.8911e-01  1.1089e-01  0.0000e+00  2.9665e-04
 12520  8.8911e-01  1.1089e-01  1.4901e-06  2.9665e-04
 12540  8.8910e-01  1.1090e-01  1.1921e-07  2.9665e-04
 12560  8.8909e-01  1.1091e-01  1.9670e-06  2.9665e-04
 12580  8.8909e-01  1.1091e-01  9.5367e-07  2.9665e-04
 12600  8.8908e-01  1.1092e-01  1.1921e-07  2.9665e-04
 12620  8.8908e-01  1.1092e-01  0.0000e+00  2.9665e-04
 12640  8.8907e-01  1.1093e-01  8.3447e-07  2.9665e-04
 12660  8.8906e-01  1.1094e-01  4.7684e-07  2.9665e-04
 12680  8.8906e-01  1.1094e-01  4.1723e-07  2.9665e-04
 12700  8.8905e-01  1.1095e-01  0.0000e+00  2.9665e-04
 12720  8.8905e-01  1.1095e-01  0.0000e+00  2.9665e-04
 12740  8.8904e-01  1.1096e-01  1.7881e-07  2.9665e-04
 12760  8.8903e-01  1.1097e-01  2.0266e-06  2.9665e-04
 12780  8.8903e-01  1.1097e-01  0.0000e+00  2.9665e-04
 12800  8.8902e-01  1.1098e-01  3.5763e-07  2.9665e-04
 12820  8.8901e-01  1.1099e-01  0.0000e+00  2.9665e-04
 12840  8.8901e-01  1.1099e-01  0.0000e+00  2.9665e-04
 12860  8.8900e-01  1.1100e-01  3.5763e-07  2.9665e-04
 12880  8.8900e-01  1.1100e-01  0.0000e+00  2.9665e-04
 12900  8.8899e-01  1.1101e-01  1.3113e-06  2.9665e-04
 12920  8.8898e-01  1.1102e-01  1.4901e-06  2.9665e-04
 12940  8.8897e-01  1.1103e-01  1.0729e-06  2.9665e-04
 12960  8.8896e-01  1.1104e-01  0.0000e+00  2.9665e-04
 12980  8.8895e-01  1.1105e-01  0.0000e+00  2.9665e-04
 13000  8.8895e-01  1.1105e-01  0.0000e+00  2.9665e-04
 13020  8.8894e-01  1.1106e-01  5.9605e-08  2.9665e-04
 13040  8.8894e-01  1.1106e-01  0.0000e+00  2.9665e-04
 13060  8.8893e-01  1.1107e-01  0.0000e+00  2.9665e-04
 13080  8.8892e-01  1.1108e-01  0.0000e+00  2.9665e-04
 13100  8.8891e-01  1.1109e-01  0.0000e+00  2.9725e-04
 13120  8.8890e-01  1.1110e-01  1.7881e-06  2.9796e-04
 13140  8.8889e-01  1.1111e-01  0.0000e+00  2.9874e-04
 13160  8.8889e-01  1.1111e-01  0.0000e+00  2.9874e-04
 13180  8.8888e-01  1.1112e-01  0.0000e+00  2.9874e-04
 13200  8.8887e-01  1.1113e-01  0.0000e+00  2.9945e-04
 13220  8.8887e-01  1.1113e-01  5.9605e-08  3.0065e-04
 13240  8.8885e-01  1.1115e-01  0.0000e+00  3.0184e-04
 13260  8.8885e-01  1.1115e-01  6.5565e-07  3.0303e-04
 13280  8.8884e-01  1.1116e-01  4.7684e-07  3.0422e-04
 13300  8.8883e-01  1.1117e-01  4.7684e-07  3.0541e-04
 13320  8.8883e-01  1.1117e-01  0.0000e+00  3.0661e-04
 13340  8.8882e-01  1.1118e-01  0.0000e+00  3.0780e-04
 13360  8.8881e-01  1.1119e-01  4.7684e-07  3.0899e-04
 13380  8.8881e-01  1.1119e-01  0.0000e+00  3.1018e-04
 13400  8.8880e-01  1.1120e-01  0.0000e+00  3.1137e-04
 13420  8.8879e-01  1.1121e-01  1.1921e-06  3.1257e-04
 13440  8.8878e-01  1.1122e-01  0.0000e+00  3.1376e-04
 13460  8.8877e-01  1.1123e-01  0.0000e+00  3.1495e-04
 13480  8.8876e-01  1.1124e-01  4.7684e-07  3.1614e-04
 13500  8.8875e-01  1.1125e-01  1.1921e-07  3.1734e-04
 13520  8.8875e-01  1.1125e-01  8.3447e-07  3.1853e-04
 13540  8.8874e-01  1.1126e-01  1.5497e-06  3.1972e-04
 13560  8.8874e-01  1.1126e-01  2.9802e-07  3.2091e-04
 13580  8.8873e-01  1.1127e-01  1.1921e-07  3.2210e-04
 13600  8.8872e-01  1.1128e-01  3.5763e-07  3.2330e-04
 13620  8.8872e-01  1.1128e-01  8.3447e-07  3.2449e-04
 13640  8.8871e-01  1.1129e-01  7.7486e-07  3.2568e-04
 13660  8.8870e-01  1.1130e-01  2.9802e-07  3.2687e-04
 13680  8.8870e-01  1.1130e-01  0.0000e+00  3.2806e-04
 13700  8.8869e-01  1.1131e-01  0.0000e+00  3.2926e-04
 13720  8.8868e-01  1.1132e-01  0.0000e+00  3.3045e-04
 13740  8.8868e-01  1.1132e-01  2.3842e-07  3.3164e-04
 13760  8.8867e-01  1.1133e-01  2.9802e-07  3.3283e-04
 13780  8.8866e-01  1.1134e-01  0.0000e+00  3.3402e-04
 13800  8.8865e-01  1.1135e-01  1.2517e-06  3.3522e-04
 13820  8.8865e-01  1.1135e-01  1.5497e-06  3.3641e-04
 13840  8.8864e-01  1.1136e-01  0.0000e+00  3.3760e-04
 13860  8.8863e-01  1.1137e-01  0.0000e+00  3.3879e-04
 13880  8.8862e-01  1.1138e-01  5.9605e-07  3.3998e-04
 13900  8.8861e-01  1.1139e-01  2.6226e-06  3.4118e-04
 13920  8.8861e-01  1.1139e-01  7.1526e-07  3.4237e-04
 13940  8.8860e-01  1.1140e-01  3.5763e-07  3.4356e-04
 13960  8.8859e-01  1.1141e-01  0.0000e+00  3.4475e-04
 13980  8.8858e-01  1.1142e-01  1.1921e-07  3.4595e-04
 14000  8.8858e-01  1.1142e-01  0.0000e+00  3.4714e-04
 14020  8.8857e-01  1.1143e-01  0.0000e+00  3.4833e-04
 14040  8.8856e-01  1.1144e-01  4.1723e-07  3.4952e-04
 14060  8.8856e-01  1.1144e-01  2.3842e-07  3.5071e-04
 14080  8.8855e-01  1.1145e-01  0.0000e+00  3.5191e-04
 14100  8.8854e-01  1.1146e-01  5.9605e-07  3.5250e-04
 14120  8.8853e-01  1.1147e-01  2.3842e-07  3.5298e-04
 14140  8.8853e-01  1.1147e-01  1.4901e-06  3.5340e-04
 14160  8.8852e-01  1.1148e-01  1.4305e-06  3.5459e-04
 14180  8.8851e-01  1.1149e-01  1.7881e-06  3.5578e-04
 14200  8.8851e-01  1.1149e-01  0.0000e+00  3.5626e-04
 14220  8.8850e-01  1.1150e-01  0.0000e+00  3.5626e-04
 14240  8.8849e-01  1.1151e-01  1.7881e-07  3.5626e-04
 14260  8.8848e-01  1.1152e-01  0.0000e+00  3.5626e-04
 14280  8.8847e-01  1.1153e-01  1.0729e-06  3.5626e-04
 14300  8.8847e-01  1.1153e-01  3.5763e-07  3.5626e-04
 14320  8.8846e-01  1.1154e-01  2.9802e-07  3.5626e-04
 14340  8.8845e-01  1.1155e-01  0.0000e+00  3.5626e-04
 14360  8.8845e-01  1.1155e-01  1.1921e-06  3.5626e-04
 14380  8.8844e-01  1.1156e-01  2.9802e-07  3.5626e-04
 14400  8.8844e-01  1.1156e-01  8.3447e-07  3.5626e-04
 14420  8.8843e-01  1.1157e-01  0.0000e+00  3.5626e-04
 14440  8.8842e-01  1.1158e-01  0.0000e+00  3.5626e-04
 14460  8.8841e-01  1.1159e-01  0.0000e+00  3.5626e-04
 14480  8.8841e-01  1.1159e-01  6.5565e-07  3.5626e-04
 14500  8.8840e-01  1.1160e-01  0.0000e+00  3.5626e-04
 14520  8.8840e-01  1.1160e-01  8.9407e-07  3.5626e-04
 14540  8.8839e-01  1.1161e-01  1.0729e-06  3.5626e-04
 14560  8.8839e-01  1.1161e-01  0.0000e+00  3.5626e-04
 14580  8.8838e-01  1.1162e-01  0.0000e+00  3.5626e-04
 14600  8.8824e-01  1.1176e-01  0.0000e+00  3.5626e-04
 14620  8.8822e-01  1.1178e-01  0.0000e+00  3.5864e-04
 14640  8.8821e-01  1.1179e-01  1.0133e-06  3.6103e-04
 14660  8.8821e-01  1.1179e-01  0.0000e+00  3.6341e-04
 14680  8.8820e-01  1.1180e-01  4.7684e-07  3.6579e-04
 14700  8.8819e-01  1.1181e-01  2.4438e-06  3.6818e-04
 14720  8.8818e-01  1.1182e-01  1.1325e-06  3.7056e-04
 14740  8.8818e-01  1.1182e-01  4.1723e-07  3.7295e-04
 14760  8.8817e-01  1.1183e-01  0.0000e+00  3.7533e-04
 14780  8.8817e-01  1.1183e-01  6.5565e-07  3.7771e-04
 14800  8.8816e-01  1.1184e-01  7.1526e-07  3.8010e-04
 14820  8.8815e-01  1.1185e-01  0.0000e+00  3.8248e-04
 14840  8.8815e-01  1.1185e-01  1.3113e-06  3.8487e-04
 14860  8.8814e-01  1.1186e-01  0.0000e+00  3.8725e-04
 14880  8.8814e-01  1.1186e-01  0.0000e+00  3.8964e-04
 14900  8.8814e-01  1.1186e-01  5.9605e-07  3.9202e-04
 14920  8.8813e-01  1.1187e-01  5.9605e-08  3.9440e-04
 14940  8.8812e-01  1.1188e-01  7.1526e-07  3.9679e-04
 14960  8.8811e-01  1.1189e-01  0.0000e+00  3.9917e-04
 14980  8.8811e-01  1.1189e-01  0.0000e+00  4.0156e-04
 15000  8.8810e-01  1.1190e-01  0.0000e+00  4.0394e-04
 15020  8.8809e-01  1.1191e-01  0.0000e+00  4.0632e-04
 15040  8.8809e-01  1.1191e-01  1.3709e-06  4.0871e-04
 15060  8.8808e-01  1.1192e-01  3.5763e-07  4.1109e-04
 15080  8.8807e-01  1.1193e-01  5.3644e-07  4.1348e-04
 15100  8.8807e-01  1.1193e-01  1.3113e-06  4.1586e-04
 15120  8.8806e-01  1.1194e-01  0.0000e+00  4.1825e-04
 15140  8.8806e-01  1.1194e-01  1.2517e-06  4.2063e-04
 15160  8.8805e-01  1.1195e-01  0.0000e+00  4.2301e-04
 15180  8.8805e-01  1.1195e-01  7.1526e-07  4.2540e-04
 15200  8.8804e-01  1.1196e-01  1.6093e-06  4.2778e-04
 15220  8.8804e-01  1.1196e-01  1.1921e-07  4.3017e-04
 15240  8.8803e-01  1.1197e-01  1.3113e-06  4.3255e-04
 15260  8.8802e-01  1.1198e-01  1.0133e-06  4.3494e-04
 15280  8.8802e-01  1.1198e-01  1.7881e-07  4.3732e-04
 15300  8.8801e-01  1.1199e-01  1.1921e-07  4.3970e-04
 15320  8.8800e-01  1.1200e-01  0.0000e+00  4.4209e-04
 15340  8.8800e-01  1.1200e-01  3.5763e-07  4.4447e-04
 15360  8.8799e-01  1.1201e-01  1.3113e-06  4.4686e-04
 15380  8.8799e-01  1.1201e-01  1.1921e-07  4.4924e-04
 15400  8.8797e-01  1.1203e-01  0.0000e+00  4.5162e-04
 15420  8.8797e-01  1.1203e-01  1.4901e-06  4.5401e-04
 15440  8.8796e-01  1.1204e-01  0.0000e+00  4.5639e-04
 15460  8.8796e-01  1.1204e-01  8.3447e-07  4.5878e-04
 15480  8.8795e-01  1.1205e-01  0.0000e+00  4.6116e-04
 15500  8.8794e-01  1.1206e-01  0.0000e+00  4.6355e-04
 15520  8.8794e-01  1.1206e-01  7.1526e-07  4.6593e-04
 15540  8.8793e-01  1.1207e-01  0.0000e+00  4.6831e-04
 15560  8.8793e-01  1.1207e-01  0.0000e+00  4.7070e-04
 15580  8.8792e-01  1.1208e-01  0.0000e+00  4.7308e-04
 15600  8.8792e-01  1.1208e-01  0.0000e+00  4.7547e-04
 15620  8.8791e-01  1.1209e-01  4.1723e-07  4.7189e-04
 15640  8.8790e-01  1.1210e-01  0.0000e+00  4.6831e-04
 15660  8.8790e-01  1.1210e-01  0.0000e+00  4.6474e-04
 15680  8.8789e-01  1.1211e-01  0.0000e+00  4.6116e-04
 15700  8.8789e-01  1.1211e-01  0.0000e+00  4.5758e-04
 15720  8.8788e-01  1.1212e-01  0.0000e+00  4.5401e-04
 15740  8.8788e-01  1.1212e-01  0.0000e+00  4.5043e-04
 15760  8.8787e-01  1.1213e-01  0.0000e+00  4.4686e-04
 15780  8.8786e-01  1.1214e-01  0.0000e+00  4.4328e-04
 15800  8.8786e-01  1.1214e-01  0.0000e+00  4.3970e-04
 15820  8.8786e-01  1.1214e-01  0.0000e+00  4.3613e-04
 15840  8.8785e-01  1.1215e-01  0.0000e+00  4.3255e-04
 15860  8.8784e-01  1.1216e-01  6.5565e-07  4.2897e-04
 15880  8.8784e-01  1.1216e-01  0.0000e+00  4.2540e-04
 15900  8.8784e-01  1.1216e-01  2.3842e-07  4.2182e-04
 15920  8.8783e-01  1.1217e-01  5.3644e-07  4.1825e-04
 15940  8.8782e-01  1.1218e-01  1.2517e-06  4.1467e-04
 15960  8.8782e-01  1.1218e-01  0.0000e+00  4.1109e-04
 15980  8.8781e-01  1.1219e-01  3.5763e-07  4.0752e-04
 16000  8.8780e-01  1.1220e-01  0.0000e+00  4.0394e-04
 16020  8.8780e-01  1.1220e-01  1.8477e-06  4.0036e-04
 16040  8.8779e-01  1.1221e-01  0.0000e+00  3.9679e-04
 16060  8.8779e-01  1.1221e-01  2.9802e-07  3.9321e-04
 16080  8.8778e-01  1.1222e-01  0.0000e+00  3.8964e-04
 16100  8.8778e-01  1.1222e-01  0.0000e+00  3.8606e-04
 16120  8.8777e-01  1.1223e-01  0.0000e+00  3.8248e-04
 16140  8.8776e-01  1.1224e-01  0.0000e+00  3.7891e-04
 16160  8.8775e-01  1.1225e-01  0.0000e+00  3.7533e-04
 16180  8.8775e-01  1.1225e-01  0.0000e+00  3.7175e-04
 16200  8.8774e-01  1.1226e-01  2.9802e-07  3.6818e-04
 16220  8.8774e-01  1.1226e-01  0.0000e+00  3.6460e-04
 16240  8.8773e-01  1.1227e-01  0.0000e+00  3.6103e-04
 16260  8.8772e-01  1.1228e-01  0.0000e+00  3.5745e-04
 16280  8.8772e-01  1.1228e-01  5.3644e-07  3.5387e-04
 16300  8.8771e-01  1.1229e-01  5.9605e-08  3.5030e-04
 16320  8.8770e-01  1.1230e-01  1.1325e-06  3.4672e-04
 16340  8.8769e-01  1.1231e-01  8.9407e-07  3.4314e-04
 16360  8.8768e-01  1.1232e-01  7.7486e-07  3.3957e-04
 16380  8.8767e-01  1.1233e-01  0.0000e+00  3.3599e-04
 16400  8.8767e-01  1.1233e-01  3.5763e-07  3.3242e-04
 16420  8.8766e-01  1.1234e-01  3.5763e-07  3.2884e-04
 16440  8.8766e-01  1.1234e-01  0.0000e+00  3.2526e-04
 16460  8.8765e-01  1.1235e-01  0.0000e+00  3.2169e-04
 16480  8.8764e-01  1.1236e-01  7.1526e-07  3.1811e-04
 16500  8.8763e-01  1.1237e-01  0.0000e+00  3.1453e-04
 16520  8.8763e-01  1.1237e-01  5.9605e-08  3.1096e-04
 16540  8.8763e-01  1.1237e-01  0.0000e+00  3.0738e-04
 16560  8.8762e-01  1.1238e-01  7.7486e-07  3.0380e-04
 16580  8.8762e-01  1.1238e-01  2.3842e-07  3.0023e-04
 16600  8.8761e-01  1.1239e-01  0.0000e+00  2.9665e-04
 16620  8.8760e-01  1.1240e-01  0.0000e+00  2.9665e-04
 16640  8.8759e-01  1.1241e-01  8.9407e-07  2.9665e-04
 16660  8.8759e-01  1.1241e-01  5.3644e-07  2.9665e-04
 16680  8.8758e-01  1.1242e-01  0.0000e+00  2.9665e-04
 16700  8.8757e-01  1.1243e-01  1.1921e-07  2.9665e-04
 16720  8.8756e-01  1.1244e-01  0.0000e+00  2.9665e-04
 16740  8.8756e-01  1.1244e-01  0.0000e+00  2.9665e-04
 16760  8.8755e-01  1.1245e-01  0.0000e+00  2.9665e-04
 16780  8.8754e-01  1.1246e-01  0.0000e+00  2.9665e-04
 16800  8.8753e-01  1.1247e-01  0.0000e+00  2.9743e-04
 16820  8.8753e-01  1.1247e-01  0.0000e+00  2.9773e-04
 16840  8.8752e-01  1.1248e-01  1.0133e-06  2.9850e-04
 16860  8.8752e-01  1.1248e-01  1.3709e-06  2.9933e-04
 16880  8.8751e-01  1.1249e-01  0.0000e+00  3.0053e-04
 16900  8.8750e-01  1.1250e-01  0.0000e+00  3.0154e-04
 16920  8.8750e-01  1.1250e-01  1.1921e-07  3.0273e-04
 16940  8.8749e-01  1.1251e-01  0.0000e+00  3.0392e-04
 16960  8.8748e-01  1.1252e-01  0.0000e+00  3.0512e-04
 16980  8.8748e-01  1.1252e-01  1.3709e-06  3.0631e-04
 17000  8.8747e-01  1.1253e-01  2.9802e-07  3.0750e-04
 17020  8.8747e-01  1.1253e-01  0.0000e+00  3.0869e-04
 17040  8.8746e-01  1.1254e-01  0.0000e+00  3.0988e-04
 17060  8.8746e-01  1.1254e-01  1.1325e-06  3.1108e-04
 17080  8.8745e-01  1.1255e-01  1.1921e-07  3.1227e-04
 17100  8.8744e-01  1.1256e-01  0.0000e+00  3.1346e-04
 17120  8.8744e-01  1.1256e-01  0.0000e+00  3.1465e-04
 17140  8.8743e-01  1.1257e-01  4.7684e-07  3.1585e-04
 17160  8.8742e-01  1.1258e-01  1.0133e-06  3.1704e-04
 17180  8.8742e-01  1.1258e-01  2.9802e-07  3.1823e-04
 17200  8.8741e-01  1.1259e-01  2.9802e-07  3.1942e-04
 17220  8.8741e-01  1.1259e-01  4.7684e-07  3.1996e-04
 17240  8.8740e-01  1.1260e-01  0.0000e+00  3.1996e-04
 17260  8.8740e-01  1.1260e-01  0.0000e+00  3.2014e-04
 17280  8.8739e-01  1.1261e-01  1.1921e-07  3.2133e-04
 17300  8.8738e-01  1.1262e-01  0.0000e+00  3.2216e-04
 17320  8.8737e-01  1.1263e-01  1.7881e-07  3.2276e-04
 17340  8.8737e-01  1.1263e-01  7.7486e-07  3.2276e-04
 17360  8.8736e-01  1.1264e-01  0.0000e+00  3.2276e-04
 17380  8.8736e-01  1.1264e-01  6.5565e-07  3.2276e-04
 17400  8.8735e-01  1.1265e-01  1.1921e-07  3.2276e-04
 17420  8.8735e-01  1.1265e-01  2.3842e-07  3.2276e-04
 17440  8.8734e-01  1.1266e-01  9.5367e-07  3.2276e-04
 17460  8.8734e-01  1.1266e-01  0.0000e+00  3.2276e-04
 17480  8.8733e-01  1.1267e-01  2.3842e-07  3.2276e-04
 17500  8.8733e-01  1.1267e-01  1.1921e-06  3.2276e-04
 17520  8.8732e-01  1.1268e-01  0.0000e+00  3.2276e-04
 17540  8.8731e-01  1.1269e-01  0.0000e+00  3.2276e-04
 17560  8.8731e-01  1.1269e-01  0.0000e+00  3.2276e-04
 17580  8.8730e-01  1.1270e-01  1.9670e-06  3.2276e-04
 17600  8.8729e-01  1.1271e-01  0.0000e+00  3.2276e-04
 17620  8.8729e-01  1.1271e-01  0.0000e+00  3.2276e-04
 17640  8.8728e-01  1.1272e-01  1.0729e-06  3.2276e-04
 17660  8.8728e-01  1.1272e-01  1.1921e-07  3.2276e-04
 17680  8.8728e-01  1.1272e-01  2.9802e-07  3.2276e-04
 17700  8.8727e-01  1.1273e-01  5.3644e-07  3.2276e-04
 17720  8.8727e-01  1.1273e-01  1.3113e-06  3.2276e-04
 17740  8.8726e-01  1.1274e-01  5.9605e-07  3.2276e-04
 17760  8.8726e-01  1.1274e-01  0.0000e+00  3.2276e-04
 17780  8.8725e-01  1.1275e-01  7.1526e-07  3.2276e-04
 17800  8.8724e-01  1.1276e-01  4.7684e-07  3.2198e-04
 17820  8.8724e-01  1.1276e-01  0.0000e+00  3.2175e-04
 17840  8.8723e-01  1.1277e-01  1.3709e-06  3.2097e-04
 17860  8.8723e-01  1.1277e-01  4.7684e-07  3.2014e-04
 17880  8.8723e-01  1.1277e-01  1.7881e-07  3.1894e-04
 17900  8.8722e-01  1.1278e-01  0.0000e+00  3.1793e-04
 17920  8.8721e-01  1.1279e-01  0.0000e+00  3.1674e-04
 17940  8.8721e-01  1.1279e-01  2.3842e-07  3.1555e-04
 17960  8.8720e-01  1.1280e-01  0.0000e+00  3.1435e-04
 17980  8.8720e-01  1.1280e-01  7.1526e-07  3.1316e-04
 18000  8.8719e-01  1.1281e-01  3.5763e-07  3.1197e-04
 18020  8.8718e-01  1.1282e-01  0.0000e+00  3.1078e-04
 18040  8.8718e-01  1.1282e-01  0.0000e+00  3.0959e-04
 18060  8.8717e-01  1.1283e-01  7.1526e-07  3.0839e-04
 18080  8.8717e-01  1.1283e-01  0.0000e+00  3.0720e-04
 18100  8.8717e-01  1.1283e-01  3.5763e-07  3.0601e-04
 18120  8.8716e-01  1.1284e-01  0.0000e+00  3.0482e-04
 18140  8.8716e-01  1.1284e-01  0.0000e+00  3.0363e-04
 18160  8.8715e-01  1.1285e-01  3.5763e-07  3.0243e-04
 18180  8.8714e-01  1.1286e-01  0.0000e+00  3.0124e-04
 18200  8.8713e-01  1.1287e-01  0.0000e+00  3.0005e-04
 18220  8.8713e-01  1.1287e-01  4.1723e-07  2.9951e-04
 18240  8.8712e-01  1.1288e-01  1.3709e-06  2.9951e-04
 18260  8.8712e-01  1.1288e-01  0.0000e+00  2.9933e-04
 18280  8.8712e-01  1.1288e-01  6.5565e-07  2.9814e-04
 18300  8.8711e-01  1.1289e-01  0.0000e+00  2.9713e-04
 18320  8.8711e-01  1.1289e-01  2.1458e-06  2.9534e-04
 18340  8.8710e-01  1.1290e-01  0.0000e+00  2.9498e-04
 18360  8.8709e-01  1.1291e-01  4.1723e-07  2.9498e-04
 18380  8.8708e-01  1.1292e-01  8.3447e-07  2.9498e-04
 18400  8.8708e-01  1.1292e-01  0.0000e+00  2.9498e-04
 18420  8.8707e-01  1.1293e-01  1.4901e-06  2.9498e-04
 18440  8.8706e-01  1.1294e-01  1.6093e-06  2.9498e-04
 18460  8.8706e-01  1.1294e-01  5.9605e-07  2.9498e-04
 18480  8.8705e-01  1.1295e-01  0.0000e+00  2.9498e-04
 18500  8.8704e-01  1.1296e-01  2.3842e-07  2.9498e-04
 18520  8.8704e-01  1.1296e-01  0.0000e+00  2.9498e-04
 18540  8.8703e-01  1.1297e-01  0.0000e+00  2.9498e-04
 18560  8.8703e-01  1.1297e-01  3.5763e-07  2.9498e-04
 18580  8.8702e-01  1.1298e-01  0.0000e+00  2.9498e-04
 18600  8.8702e-01  1.1298e-01  5.9605e-07  2.9498e-04
 18620  8.8701e-01  1.1299e-01  0.0000e+00  2.9498e-04
 18640  8.8700e-01  1.1300e-01  2.7418e-06  2.9498e-04
 18660  8.8700e-01  1.1300e-01  1.0729e-06  2.9498e-04
 18680  8.8699e-01  1.1301e-01  2.3842e-07  2.9498e-04
 18700  8.8699e-01  1.1301e-01  5.9605e-07  2.9498e-04
 18720  8.8698e-01  1.1302e-01  2.3842e-07  2.9498e-04
 18740  8.8697e-01  1.1303e-01  1.2517e-06  2.9498e-04
 18760  8.8697e-01  1.1303e-01  0.0000e+00  2.9498e-04
 18780  8.8697e-01  1.1303e-01  0.0000e+00  2.9498e-04
 18800  8.8696e-01  1.1304e-01  7.1526e-07  2.9498e-04
 18820  8.8696e-01  1.1304e-01  2.3246e-06  2.9498e-04
 18840  8.8695e-01  1.1305e-01  0.0000e+00  2.9498e-04
 18860  8.8694e-01  1.1306e-01  0.0000e+00  2.9498e-04
 18880  8.8693e-01  1.1307e-01  4.1723e-07  2.9498e-04
 18900  8.8693e-01  1.1307e-01  8.3447e-07  2.9498e-04
 18920  8.8692e-01  1.1308e-01  4.1723e-07  2.9498e-04
 18940  8.8692e-01  1.1308e-01  4.1723e-07  2.9498e-04
 18960  8.8692e-01  1.1308e-01  0.0000e+00  2.9498e-04
 18980  8.8691e-01  1.1309e-01  7.7486e-07  2.9498e-04
 19000  8.8691e-01  1.1309e-01  4.1723e-07  2.9498e-04
 19020  8.8690e-01  1.1310e-01  3.5763e-07  2.9498e-04
 19040  8.8690e-01  1.1310e-01  5.9605e-08  2.9498e-04
 19060  8.8689e-01  1.1311e-01  7.7486e-07  2.9498e-04
 19080  8.8689e-01  1.1311e-01  0.0000e+00  2.9498e-04
 19100  8.8688e-01  1.1312e-01  7.1526e-07  2.9498e-04
 19120  8.8687e-01  1.1313e-01  0.0000e+00  2.9498e-04
 19140  8.8687e-01  1.1313e-01  3.5763e-07  2.9498e-04
 19160  8.8686e-01  1.1314e-01  1.1325e-06  2.9498e-04
 19180  8.8685e-01  1.1315e-01  0.0000e+00  2.9498e-04
 19200  8.8685e-01  1.1315e-01  4.7684e-07  2.9498e-04
 19220  8.8684e-01  1.1316e-01  1.3113e-06  2.9498e-04
 19240  8.8683e-01  1.1317e-01  1.1921e-07  2.9498e-04
 19260  8.8683e-01  1.1317e-01  5.9605e-07  2.9498e-04
 19280  8.8683e-01  1.1317e-01  0.0000e+00  2.9498e-04
 19300  8.8682e-01  1.1318e-01  0.0000e+00  2.9516e-04
 19320  8.8682e-01  1.1318e-01  5.3644e-07  2.9635e-04
 19340  8.8681e-01  1.1319e-01  0.0000e+00  2.9671e-04
 19360  8.8680e-01  1.1320e-01  2.9802e-07  2.9671e-04
 19380  8.8680e-01  1.1320e-01  2.3842e-07  2.9671e-04
 19400  8.8679e-01  1.1321e-01  7.7486e-07  2.9671e-04
 19420  8.8679e-01  1.1321e-01  0.0000e+00  2.9671e-04
 19440  8.8678e-01  1.1322e-01  2.3842e-07  2.9671e-04
 19460  8.8678e-01  1.1322e-01  2.9802e-07  2.9671e-04
 19480  8.8677e-01  1.1323e-01  3.5763e-07  2.9671e-04
 19500  8.8676e-01  1.1324e-01  0.0000e+00  2.9671e-04
 19520  8.8676e-01  1.1324e-01  3.5763e-07  2.9671e-04
 19540  8.8675e-01  1.1325e-01  4.1723e-07  2.9671e-04
 19560  8.8674e-01  1.1326e-01  0.0000e+00  2.9671e-04
 19580  8.8674e-01  1.1326e-01  0.0000e+00  2.9671e-04
 19600  8.8673e-01  1.1327e-01  0.0000e+00  2.9671e-04
 19620  8.8673e-01  1.1327e-01  1.2517e-06  2.9671e-04
 19640  8.8673e-01  1.1327e-01  1.7881e-07  2.9671e-04
 19660  8.8672e-01  1.1328e-01  0.0000e+00  2.9671e-04
 19680  8.8671e-01  1.1329e-01  9.5367e-07  2.9671e-04
 19700  8.8671e-01  1.1329e-01  0.0000e+00  2.9671e-04
 19720  8.8670e-01  1.1330e-01  5.3644e-07  2.9671e-04
 19740  8.8669e-01  1.1331e-01  5.9605e-08  2.9671e-04
 19760  8.8669e-01  1.1331e-01  0.0000e+00  2.9671e-04
 19780  8.8668e-01  1.1332e-01  1.9073e-06  2.9671e-04
 19800  8.8668e-01  1.1332e-01  0.0000e+00  2.9671e-04
 19820  8.8668e-01  1.1332e-01  5.9605e-08  2.9671e-04
 19840  8.8667e-01  1.1333e-01  0.0000e+00  2.9671e-04
 19860  8.8666e-01  1.1334e-01  0.0000e+00  2.9671e-04
 19880  8.8666e-01  1.1334e-01  1.1325e-06  2.9671e-04
 19900  8.8666e-01  1.1334e-01  0.0000e+00  2.9671e-04
 19920  8.8665e-01  1.1335e-01  1.1921e-07  2.9671e-04
 19940  8.8665e-01  1.1335e-01  0.0000e+00  2.9671e-04
 19960  8.8665e-01  1.1335e-01  0.0000e+00  2.9671e-04
 19980  8.8664e-01  1.1336e-01  0.0000e+00  2.9671e-04
 20000  8.8663e-01  1.1337e-01  5.9605e-08  2.9671e-04
 20020  8.8663e-01  1.1337e-01  0.0000e+00  2.9671e-04
 20040  8.8662e-01  1.1338e-01  0.0000e+00  2.9671e-04
 20060  8.8662e-01  1.1338e-01  4.1723e-07  2.9671e-04
 20080  8.8661e-01  1.1339e-01  5.3644e-07  2.9671e-04
 20100  8.8661e-01  1.1339e-01  7.1526e-07  2.9671e-04
 20120  8.8660e-01  1.1340e-01  0.0000e+00  2.9612e-04
 20140  8.8660e-01  1.1340e-01  0.0000e+00  2.9510e-04
 20160  8.8660e-01  1.1340e-01  0.0000e+00  2.9463e-04
 20180  8.8659e-01  1.1341e-01  1.4305e-06  2.9379e-04
 20200  8.8652e-01  1.1348e-01  0.0000e+00  2.9260e-04
 20220  8.8651e-01  1.1349e-01  0.0000e+00  2.9314e-04
 20240  8.8650e-01  1.1350e-01  0.0000e+00  2.9433e-04
 20260  8.8650e-01  1.1350e-01  0.0000e+00  2.9552e-04
 20280  8.8649e-01  1.1351e-01  0.0000e+00  2.9671e-04
 20300  8.8649e-01  1.1351e-01  1.0133e-06  2.9790e-04
 20320  8.8648e-01  1.1352e-01  1.2517e-06  2.9910e-04
 20340  8.8648e-01  1.1352e-01  0.0000e+00  3.0029e-04
 20360  8.8647e-01  1.1353e-01  0.0000e+00  3.0148e-04
 20380  8.8647e-01  1.1353e-01  0.0000e+00  3.0267e-04
 20400  8.8646e-01  1.1354e-01  8.9407e-07  3.0386e-04
 20420  8.8646e-01  1.1354e-01  0.0000e+00  3.0506e-04
 20440  8.8645e-01  1.1355e-01  0.0000e+00  3.0625e-04
 20460  8.8644e-01  1.1356e-01  4.7684e-07  3.0744e-04
 20480  8.8644e-01  1.1356e-01  0.0000e+00  3.0863e-04
 20500  8.8643e-01  1.1357e-01  0.0000e+00  3.0982e-04
 20520  8.8643e-01  1.1357e-01  2.3842e-07  3.1102e-04
 20540  8.8642e-01  1.1358e-01  0.0000e+00  3.1221e-04
 20560  8.8641e-01  1.1359e-01  0.0000e+00  3.1340e-04
 20580  8.8641e-01  1.1359e-01  0.0000e+00  3.1459e-04
 20600  8.8640e-01  1.1360e-01  0.0000e+00  3.1579e-04
 20620  8.8640e-01  1.1360e-01  0.0000e+00  3.1698e-04
 20640  8.8639e-01  1.1361e-01  0.0000e+00  3.1817e-04
 20660  8.8639e-01  1.1361e-01  0.0000e+00  3.1936e-04
 20680  8.8638e-01  1.1362e-01  0.0000e+00  3.2055e-04
 20700  8.8638e-01  1.1362e-01  0.0000e+00  3.2175e-04
 20720  8.8637e-01  1.1363e-01  4.7684e-07  3.2294e-04
 20740  8.8637e-01  1.1363e-01  0.0000e+00  3.2407e-04
 20760  8.8636e-01  1.1364e-01  0.0000e+00  3.2502e-04
 20780  8.8636e-01  1.1364e-01  6.5565e-07  3.2514e-04
 20800  8.8635e-01  1.1365e-01  2.5630e-06  3.2514e-04
 20820  8.8635e-01  1.1365e-01  0.0000e+00  3.2568e-04
 20840  8.8634e-01  1.1366e-01  0.0000e+00  3.2687e-04
 20860  8.8633e-01  1.1367e-01  0.0000e+00  3.2806e-04
 20880  8.8633e-01  1.1367e-01  1.7881e-07  3.2926e-04
 20900  8.8633e-01  1.1367e-01  0.0000e+00  3.3045e-04
 20920  8.8632e-01  1.1368e-01  0.0000e+00  3.3164e-04
 20940  8.8632e-01  1.1368e-01  2.3842e-07  3.3283e-04
 20960  8.8631e-01  1.1369e-01  1.7285e-06  3.3402e-04
 20980  8.8631e-01  1.1369e-01  1.1921e-07  3.3522e-04
 21000  8.8630e-01  1.1370e-01  5.9605e-07  3.3593e-04
 21020  8.8630e-01  1.1370e-01  0.0000e+00  3.3712e-04
 21040  8.8629e-01  1.1371e-01  0.0000e+00  3.3826e-04
 21060  8.8629e-01  1.1371e-01  1.7881e-07  3.3838e-04
 21080  8.8628e-01  1.1372e-01  1.1921e-07  3.3838e-04
 21100  8.8628e-01  1.1372e-01  0.0000e+00  3.3885e-04
 21120  8.8628e-01  1.1372e-01  0.0000e+00  3.4064e-04
 21140  8.8627e-01  1.1373e-01  8.3447e-07  3.4285e-04
 21160  8.8626e-01  1.1374e-01  4.1723e-07  3.4451e-04
 21180  8.8626e-01  1.1374e-01  1.0729e-06  3.4654e-04
 21200  8.8625e-01  1.1375e-01  2.3842e-07  3.4893e-04
 21220  8.8625e-01  1.1375e-01  6.5565e-07  3.4720e-04
 21240  8.8624e-01  1.1376e-01  5.3644e-07  3.4481e-04
 21260  8.8624e-01  1.1376e-01  0.0000e+00  3.4243e-04
 21280  8.8623e-01  1.1377e-01  0.0000e+00  3.4004e-04
 21300  8.8623e-01  1.1377e-01  0.0000e+00  3.3766e-04
 21320  8.8623e-01  1.1377e-01  4.7684e-07  3.3528e-04
 21340  8.8622e-01  1.1378e-01  1.0133e-06  3.3289e-04
 21360  8.8622e-01  1.1378e-01  0.0000e+00  3.3051e-04
 21380  8.8622e-01  1.1378e-01  4.1723e-07  3.2812e-04
 21400  8.8621e-01  1.1379e-01  0.0000e+00  3.2574e-04
 21420  8.8621e-01  1.1379e-01  0.0000e+00  3.2336e-04
 21440  8.8620e-01  1.1380e-01  3.5763e-07  3.2097e-04
 21460  8.8620e-01  1.1380e-01  0.0000e+00  3.1859e-04
 21480  8.8619e-01  1.1381e-01  6.5565e-07  3.1620e-04
 21500  8.8619e-01  1.1381e-01  0.0000e+00  3.1382e-04
 21520  8.8619e-01  1.1381e-01  1.1921e-07  3.1143e-04
 21540  8.8618e-01  1.1382e-01  0.0000e+00  3.0905e-04
 21560  8.8618e-01  1.1382e-01  0.0000e+00  3.0667e-04
 21580  8.8617e-01  1.1383e-01  1.0133e-06  3.0428e-04
 21600  8.8617e-01  1.1383e-01  0.0000e+00  3.0190e-04
 21620  8.8617e-01  1.1383e-01  8.3447e-07  2.9951e-04
 21640  8.8616e-01  1.1384e-01  2.3842e-07  2.9713e-04
 21660  8.8616e-01  1.1384e-01  7.1526e-07  2.9474e-04
 21680  8.8616e-01  1.1384e-01  7.7486e-07  2.9236e-04
 21700  8.8615e-01  1.1385e-01  1.0729e-06  2.8998e-04
 21720  8.8615e-01  1.1385e-01  3.5763e-07  2.8759e-04
 21740  8.8614e-01  1.1386e-01  0.0000e+00  2.8527e-04
 21760  8.8614e-01  1.1386e-01  1.1921e-07  2.8312e-04
 21780  8.8613e-01  1.1387e-01  0.0000e+00  2.8181e-04
 21800  8.8613e-01  1.1387e-01  0.0000e+00  2.8062e-04
 21820  8.8612e-01  1.1388e-01  6.5565e-07  2.7889e-04
 21840  8.8612e-01  1.1388e-01  0.0000e+00  2.7651e-04
 21860  8.8611e-01  1.1389e-01  4.1723e-07  2.7412e-04
 21880  8.8611e-01  1.1389e-01  7.1526e-07  2.7174e-04
 21900  8.8610e-01  1.1390e-01  2.9802e-07  2.6935e-04
 21920  8.8609e-01  1.1391e-01  0.0000e+00  2.6697e-04
 21940  8.8609e-01  1.1391e-01  0.0000e+00  2.6459e-04
 21960  8.8609e-01  1.1391e-01  0.0000e+00  2.6220e-04
 21980  8.8608e-01  1.1392e-01  2.3842e-07  2.5982e-04
 22000  8.8608e-01  1.1392e-01  1.1921e-07  2.5791e-04
 22020  8.8607e-01  1.1393e-01  5.3644e-07  2.5553e-04
 22040  8.8607e-01  1.1393e-01  0.0000e+00  2.5320e-04
 22060  8.8607e-01  1.1393e-01  1.4305e-06  2.5189e-04
 22080  8.8607e-01  1.1393e-01  0.0000e+00  2.5070e-04
 22100  8.8606e-01  1.1394e-01  0.0000e+00  2.4903e-04
 22120  8.8606e-01  1.1394e-01  8.9407e-07  2.4664e-04
 22140  8.8605e-01  1.1395e-01  0.0000e+00  2.4426e-04
 22160  8.8605e-01  1.1395e-01  7.1526e-07  2.4188e-04
 22180  8.8605e-01  1.1395e-01  4.1723e-07  2.3949e-04
 22200  8.8604e-01  1.1396e-01  0.0000e+00  2.3711e-04
 22220  8.8604e-01  1.1396e-01  1.1325e-06  2.3687e-04
 22240  8.8604e-01  1.1396e-01  0.0000e+00  2.3609e-04
 22260  8.8603e-01  1.1397e-01  0.0000e+00  2.3490e-04
 22280  8.8603e-01  1.1397e-01  0.0000e+00  2.3371e-04
 22300  8.8602e-01  1.1398e-01  2.9802e-07  2.3252e-04
 22320  8.8602e-01  1.1398e-01  1.7881e-07  2.3133e-04
 22340  8.8602e-01  1.1398e-01  2.9802e-07  2.3013e-04
 22360  8.8602e-01  1.1398e-01  0.0000e+00  2.2894e-04
 22380  8.8601e-01  1.1399e-01  5.9605e-08  2.2775e-04
 22400  8.8601e-01  1.1399e-01  1.1921e-07  2.2656e-04
 22420  8.8600e-01  1.1400e-01  5.9605e-07  2.2537e-04
 22440  8.8600e-01  1.1400e-01  0.0000e+00  2.2417e-04
 22460  8.8600e-01  1.1400e-01  0.0000e+00  2.2298e-04
 22480  8.8600e-01  1.1400e-01  1.7881e-07  2.2179e-04
 22500  8.8599e-01  1.1401e-01  0.0000e+00  2.2060e-04
 22520  8.8599e-01  1.1401e-01  0.0000e+00  2.1940e-04
 22540  8.8598e-01  1.1402e-01  0.0000e+00  2.1821e-04
 22560  8.8598e-01  1.1402e-01  2.3842e-07  2.1702e-04
 22580  8.8598e-01  1.1402e-01  8.9407e-07  2.1583e-04
 22600  8.8597e-01  1.1403e-01  0.0000e+00  2.1464e-04
 22620  8.8597e-01  1.1403e-01  5.9605e-07  2.1344e-04
 22640  8.8597e-01  1.1403e-01  3.5763e-07  2.1225e-04
 22660  8.8596e-01  1.1404e-01  0.0000e+00  2.1106e-04
 22680  8.8596e-01  1.1404e-01  1.7881e-07  2.0987e-04
 22700  8.8596e-01  1.1404e-01  7.1526e-07  2.0868e-04
 22720  8.8595e-01  1.1405e-01  0.0000e+00  2.0748e-04
 22740  8.8595e-01  1.1405e-01  0.0000e+00  2.0629e-04
 22760  8.8595e-01  1.1405e-01  4.1723e-07  2.0510e-04
 22780  8.8594e-01  1.1406e-01  1.1921e-07  2.0391e-04
 22800  8.8594e-01  1.1406e-01  0.0000e+00  2.0272e-04
 22820  8.8594e-01  1.1406e-01  0.0000e+00  2.0152e-04
 22840  8.8593e-01  1.1407e-01  7.7486e-07  2.0033e-04
 22860  8.8593e-01  1.1407e-01  0.0000e+00  1.9914e-04
 22880  8.8593e-01  1.1407e-01  5.9605e-08  1.9795e-04
 22900  8.8593e-01  1.1407e-01  0.0000e+00  1.9675e-04
 22920  8.8592e-01  1.1408e-01  0.0000e+00  1.9556e-04
 22940  8.8592e-01  1.1408e-01  0.0000e+00  1.9437e-04
 22960  8.8591e-01  1.1409e-01  0.0000e+00  1.9318e-04
 22980  8.8591e-01  1.1409e-01  0.0000e+00  1.9199e-04
 23000  8.8591e-01  1.1409e-01  4.7684e-07  1.9079e-04
 23020  8.8591e-01  1.1409e-01  0.0000e+00  1.8960e-04
 23040  8.8591e-01  1.1409e-01  3.5763e-07  1.8841e-04
 23060  8.8590e-01  1.1410e-01  5.3644e-07  1.8722e-04
 23080  8.8590e-01  1.1410e-01  6.5565e-07  1.8603e-04
 23100  8.8589e-01  1.1411e-01  1.7881e-07  1.8483e-04
 23120  8.8589e-01  1.1411e-01  4.7684e-07  1.8364e-04
 23140  8.8589e-01  1.1411e-01  0.0000e+00  1.8245e-04
 23160  8.8589e-01  1.1411e-01  0.0000e+00  1.8126e-04
 23180  8.8588e-01  1.1412e-01  0.0000e+00  1.8007e-04
 23200  8.8588e-01  1.1412e-01  4.1723e-07  1.7887e-04
 23220  8.8587e-01  1.1413e-01  0.0000e+00  1.7792e-04
 23240  8.8587e-01  1.1413e-01  7.1526e-07  1.7750e-04
 23260  8.8587e-01  1.1413e-01  0.0000e+00  1.7750e-04
 23280  8.8586e-01  1.1414e-01  0.0000e+00  1.7750e-04
 23300  8.8586e-01  1.1414e-01  4.1723e-07  1.7750e-04
 23320  8.8586e-01  1.1414e-01  0.0000e+00  1.7750e-04
 23340  8.8585e-01  1.1415e-01  1.1921e-07  1.7750e-04
 23360  8.8585e-01  1.1415e-01  5.3644e-07  1.7750e-04
 23380  8.8585e-01  1.1415e-01  0.0000e+00  1.7750e-04
 23400  8.8584e-01  1.1416e-01  0.0000e+00  1.7750e-04
 23420  8.8584e-01  1.1416e-01  5.9605e-08  1.7750e-04
 23440  8.8583e-01  1.1417e-01  0.0000e+00  1.7750e-04
 23460  8.8583e-01  1.1417e-01  0.0000e+00  1.7750e-04
 23480  8.8583e-01  1.1417e-01  0.0000e+00  1.7750e-04
 23500  8.8583e-01  1.1417e-01  5.9605e-08  1.7750e-04
 23520  8.8582e-01  1.1418e-01  0.0000e+00  1.7750e-04
 23540  8.8582e-01  1.1418e-01  0.0000e+00  1.7750e-04
 23560  8.8582e-01  1.1418e-01  0.0000e+00  1.7750e-04
 23580  8.8581e-01  1.1419e-01  0.0000e+00  1.7750e-04
 23600  8.8581e-01  1.1419e-01  0.0000e+00  1.7750e-04
 23620  8.8581e-01  1.1419e-01  1.1325e-06  1.7750e-04
 23640  8.8581e-01  1.1419e-01  0.0000e+00  1.7750e-04
 23660  8.8580e-01  1.1420e-01  0.0000e+00  1.7750e-04
 23680  8.8580e-01  1.1420e-01  1.7881e-07  1.7750e-04
 23700  8.8580e-01  1.1420e-01  7.7486e-07  1.7750e-04
 23720  8.8579e-01  1.1421e-01  7.1526e-07  1.7750e-04
 23740  8.8579e-01  1.1421e-01  0.0000e+00  1.7750e-04
 23760  8.8579e-01  1.1421e-01  0.0000e+00  1.7750e-04
 23780  8.8579e-01  1.1421e-01  5.9605e-08  1.7750e-04
 23800  8.8578e-01  1.1422e-01  1.1921e-07  1.7750e-04
 23820  8.8578e-01  1.1422e-01  0.0000e+00  1.7750e-04
 23840  8.8578e-01  1.1422e-01  2.9802e-07  1.7750e-04
 23860  8.8577e-01  1.1423e-01  0.0000e+00  1.7750e-04
 23880  8.8577e-01  1.1423e-01  0.0000e+00  1.7750e-04
 23900  8.8576e-01  1.1424e-01  0.0000e+00  1.7750e-04
 23920  8.8576e-01  1.1424e-01  0.0000e+00  1.7750e-04
 23940  8.8576e-01  1.1424e-01  0.0000e+00  1.7750e-04
 23960  8.8575e-01  1.1425e-01  2.9802e-07  1.7750e-04
 23980  8.8575e-01  1.1425e-01  0.0000e+00  1.7750e-04
 24000  8.8575e-01  1.1425e-01  1.1921e-07  1.7750e-04
 24020  8.8574e-01  1.1426e-01  5.3644e-07  1.7750e-04
 24040  8.8574e-01  1.1426e-01  7.7486e-07  1.7750e-04
 24060  8.8574e-01  1.1426e-01  0.0000e+00  1.7750e-04
 24080  8.8574e-01  1.1426e-01  4.7684e-07  1.7750e-04
 24100  8.8573e-01  1.1427e-01  2.3842e-07  1.7750e-04
 24120  8.8573e-01  1.1427e-01  0.0000e+00  1.7750e-04
 24140  8.8573e-01  1.1427e-01  1.1921e-07  1.7750e-04
 24160  8.8572e-01  1.1428e-01  0.0000e+00  1.7750e-04
 24180  8.8572e-01  1.1428e-01  0.0000e+00  1.7750e-04
 24200  8.8572e-01  1.1428e-01  6.5565e-07  1.7750e-04
 24220  8.8571e-01  1.1429e-01  0.0000e+00  1.7750e-04
 24240  8.8571e-01  1.1429e-01  7.7486e-07  1.7750e-04
 24260  8.8571e-01  1.1429e-01  6.5565e-07  1.7750e-04
 24280  8.8571e-01  1.1429e-01  4.7684e-07  1.7750e-04
 24300  8.8571e-01  1.1429e-01  2.3842e-07  1.7750e-04
 24320  8.8570e-01  1.1430e-01  6.5565e-07  1.7750e-04
 24340  8.8570e-01  1.1430e-01  3.5763e-07  1.7750e-04
 24360  8.8570e-01  1.1430e-01  1.1921e-07  1.7750e-04
 24380  8.8570e-01  1.1430e-01  1.7881e-07  1.7750e-04
 24400  8.8569e-01  1.1431e-01  0.0000e+00  1.7750e-04
 24420  8.8569e-01  1.1431e-01  5.3644e-07  1.7750e-04
 24440  8.8569e-01  1.1431e-01  6.5565e-07  1.7720e-04
 24460  8.8568e-01  1.1432e-01  0.0000e+00  1.7607e-04
 24480  8.8568e-01  1.1432e-01  2.3842e-07  1.7595e-04
 24500  8.8568e-01  1.1432e-01  1.1921e-07  1.7595e-04
 24520  8.8567e-01  1.1433e-01  0.0000e+00  1.7595e-04
 24540  8.8567e-01  1.1433e-01  0.0000e+00  1.7536e-04
 24560  8.8567e-01  1.1433e-01  8.3447e-07  1.7500e-04
 24580  8.8567e-01  1.1433e-01  3.5763e-07  1.7416e-04
 24600  8.8566e-01  1.1434e-01  0.0000e+00  1.7297e-04
 24620  8.8566e-01  1.1434e-01  0.0000e+00  1.7178e-04
 24640  8.8566e-01  1.1434e-01  0.0000e+00  1.7065e-04
 24660  8.8566e-01  1.1434e-01  0.0000e+00  1.6969e-04
 24680  8.8565e-01  1.1435e-01  1.7881e-07  1.6850e-04
 24700  8.8565e-01  1.1435e-01  1.1921e-07  1.6737e-04
 24720  8.8565e-01  1.1435e-01  0.0000e+00  1.6618e-04
 24740  8.8565e-01  1.1435e-01  3.5763e-07  1.6499e-04
 24760  8.8564e-01  1.1436e-01  3.5763e-07  1.6379e-04
 24780  8.8564e-01  1.1436e-01  0.0000e+00  1.6260e-04
 24800  8.8564e-01  1.1436e-01  0.0000e+00  1.6141e-04
 24820  8.8563e-01  1.1437e-01  0.0000e+00  1.6022e-04
 24840  8.8563e-01  1.1437e-01  9.5367e-07  1.5903e-04
 24860  8.8563e-01  1.1437e-01  2.3842e-07  1.5783e-04
 24880  8.8563e-01  1.1437e-01  5.9605e-08  1.5664e-04
 24900  8.8563e-01  1.1437e-01  0.0000e+00  1.5545e-04
 24920  8.8562e-01  1.1438e-01  2.3842e-07  1.5426e-04
 24940  8.8562e-01  1.1438e-01  2.3842e-07  1.5306e-04
 24960  8.8562e-01  1.1438e-01  0.0000e+00  1.5187e-04
 24980  8.8562e-01  1.1438e-01  0.0000e+00  1.5068e-04
 25000  8.8561e-01  1.1439e-01  0.0000e+00  1.4949e-04
 25020  8.8561e-01  1.1439e-01  5.3644e-07  1.4830e-04
 25040  8.8561e-01  1.1439e-01  5.9605e-07  1.4710e-04
 25060  8.8561e-01  1.1439e-01  0.0000e+00  1.4591e-04
 25080  8.8560e-01  1.1440e-01  2.9802e-07  1.4472e-04
 25100  8.8560e-01  1.1440e-01  1.1921e-07  1.4353e-04
 25120  8.8560e-01  1.1440e-01  5.3644e-07  1.4234e-04
 25140  8.8560e-01  1.1440e-01  0.0000e+00  1.4114e-04
 25160  8.8560e-01  1.1440e-01  0.0000e+00  1.3995e-04
 25180  8.8559e-01  1.1441e-01  2.9802e-07  1.3876e-04
 25200  8.8559e-01  1.1441e-01  0.0000e+00  1.3757e-04
 25220  8.8559e-01  1.1441e-01  0.0000e+00  1.3638e-04
 25240  8.8559e-01  1.1441e-01  0.0000e+00  1.3518e-04
 25260  8.8559e-01  1.1441e-01  4.7684e-07  1.3399e-04
 25280  8.8558e-01  1.1442e-01  4.1723e-07  1.3280e-04
 25300  8.8558e-01  1.1442e-01  0.0000e+00  1.3161e-04
 25320  8.8558e-01  1.1442e-01  0.0000e+00  1.3041e-04
 25340  8.8557e-01  1.1443e-01  0.0000e+00  1.2922e-04
 25360  8.8557e-01  1.1443e-01  0.0000e+00  1.2803e-04
 25380  8.8557e-01  1.1443e-01  0.0000e+00  1.2684e-04
 25400  8.8557e-01  1.1443e-01  5.3644e-07  1.2565e-04
 25420  8.8556e-01  1.1444e-01  1.7881e-07  1.2445e-04
 25440  8.8556e-01  1.1444e-01  0.0000e+00  1.2356e-04
 25460  8.8556e-01  1.1444e-01  0.0000e+00  1.2350e-04
 25480  8.8555e-01  1.1445e-01  5.9605e-08  1.2243e-04
 25500  8.8555e-01  1.1445e-01  0.0000e+00  1.2124e-04
 25520  8.8555e-01  1.1445e-01  0.0000e+00  1.2004e-04
 25540  8.8555e-01  1.1445e-01  0.0000e+00  1.1945e-04
 25560  8.8554e-01  1.1446e-01  0.0000e+00  1.1861e-04
 25580  8.8554e-01  1.1446e-01  2.3842e-07  1.1826e-04
 25600  8.8554e-01  1.1446e-01  1.7881e-07  1.1826e-04
 25620  8.8553e-01  1.1447e-01  3.5763e-07  1.1826e-04
 25640  8.8553e-01  1.1447e-01  2.3842e-07  1.1820e-04
 25660  8.8553e-01  1.1447e-01  0.0000e+00  1.1796e-04
 25680  8.8553e-01  1.1447e-01  2.3842e-07  1.1796e-04
 25700  8.8553e-01  1.1447e-01  0.0000e+00  1.1790e-04
 25720  8.8552e-01  1.1448e-01  3.5763e-07  1.1790e-04
 25740  8.8552e-01  1.1448e-01  0.0000e+00  1.1790e-04
 25760  8.8552e-01  1.1448e-01  0.0000e+00  1.1790e-04
 25780  8.8552e-01  1.1448e-01  0.0000e+00  1.1790e-04
 25800  8.8552e-01  1.1448e-01  0.0000e+00  1.1790e-04
 25820  8.8551e-01  1.1449e-01  0.0000e+00  1.1790e-04
 25840  8.8551e-01  1.1449e-01  0.0000e+00  1.1790e-04
 25860  8.8551e-01  1.1449e-01  0.0000e+00  1.1790e-04
 25880  8.8551e-01  1.1449e-01  0.0000e+00  1.1790e-04
 25900  8.8550e-01  1.1450e-01  0.0000e+00  1.1790e-04
 25920  8.8550e-01  1.1450e-01  0.0000e+00  1.1790e-04
 25940  8.8550e-01  1.1450e-01  0.0000e+00  1.1790e-04
 25960  8.8550e-01  1.1450e-01  3.5763e-07  1.1790e-04
 25980  8.8549e-01  1.1451e-01  0.0000e+00  1.1790e-04
 26000  8.8549e-01  1.1451e-01  0.0000e+00  1.1790e-04
 26020  8.8549e-01  1.1451e-01  0.0000e+00  1.1790e-04
 26040  8.8549e-01  1.1451e-01  5.9605e-08  1.1790e-04
 26060  8.8549e-01  1.1451e-01  6.5565e-07  1.1790e-04
 26080  8.8548e-01  1.1452e-01  5.3644e-07  1.1790e-04
 26100  8.8548e-01  1.1452e-01  0.0000e+00  1.1790e-04
 26120  8.8548e-01  1.1452e-01  1.7881e-07  1.1790e-04
 26140  8.8548e-01  1.1452e-01  5.9605e-08  1.1790e-04
 26160  8.8548e-01  1.1452e-01  1.0133e-06  1.1790e-04
 26180  8.8547e-01  1.1453e-01  6.5565e-07  1.1790e-04
 26200  8.8547e-01  1.1453e-01  2.9802e-07  1.1790e-04
 26220  8.8547e-01  1.1453e-01  1.7881e-07  1.1790e-04
 26240  8.8547e-01  1.1453e-01  3.5763e-07  1.1790e-04
 26260  8.8546e-01  1.1454e-01  0.0000e+00  1.1790e-04
 26280  8.8546e-01  1.1454e-01  0.0000e+00  1.1790e-04
 26300  8.8546e-01  1.1454e-01  4.7684e-07  1.1790e-04
 26320  8.8546e-01  1.1454e-01  2.3842e-07  1.1790e-04
 26340  8.8546e-01  1.1454e-01  4.1723e-07  1.1790e-04
 26360  8.8545e-01  1.1455e-01  0.0000e+00  1.1790e-04
 26380  8.8545e-01  1.1455e-01  2.3842e-07  1.1790e-04
 26400  8.8545e-01  1.1455e-01  0.0000e+00  1.1790e-04
 26420  8.8545e-01  1.1455e-01  2.3842e-07  1.1790e-04
 26440  8.8545e-01  1.1455e-01  3.5763e-07  1.1790e-04
 26460  8.8545e-01  1.1455e-01  0.0000e+00  1.1790e-04
 26480  8.8544e-01  1.1456e-01  4.1723e-07  1.1790e-04
 26500  8.8544e-01  1.1456e-01  0.0000e+00  1.1790e-04
 26520  8.8544e-01  1.1456e-01  0.0000e+00  1.1790e-04
 26540  8.8544e-01  1.1456e-01  0.0000e+00  1.1790e-04
 26560  8.8544e-01  1.1456e-01  2.9802e-07  1.1790e-04
 26580  8.8543e-01  1.1457e-01  0.0000e+00  1.1790e-04
 26600  8.8543e-01  1.1457e-01  1.7881e-07  1.1790e-04
 26620  8.8543e-01  1.1457e-01  0.0000e+00  1.1790e-04
 26640  8.8543e-01  1.1457e-01  1.1921e-07  1.1790e-04
 26660  8.8543e-01  1.1457e-01  0.0000e+00  1.1790e-04
 26680  8.8542e-01  1.1458e-01  0.0000e+00  1.1790e-04
 26700  8.8542e-01  1.1458e-01  5.9605e-08  1.1790e-04
 26720  8.8542e-01  1.1458e-01  0.0000e+00  1.1790e-04
 26740  8.8542e-01  1.1458e-01  0.0000e+00  1.1790e-04
 26760  8.8542e-01  1.1458e-01  0.0000e+00  1.1790e-04
 26780  8.8541e-01  1.1459e-01  0.0000e+00  1.1790e-04
 26800  8.8541e-01  1.1459e-01  1.1921e-07  1.1790e-04
 26820  8.8541e-01  1.1459e-01  0.0000e+00  1.1790e-04
 26840  8.8541e-01  1.1459e-01  1.1921e-07  1.1790e-04
 26860  8.8541e-01  1.1459e-01  4.1723e-07  1.1790e-04
 26880  8.8541e-01  1.1459e-01  0.0000e+00  1.1790e-04
 26900  8.8540e-01  1.1460e-01  0.0000e+00  1.1790e-04
 26920  8.8540e-01  1.1460e-01  1.1921e-07  1.1790e-04
 26940  8.8540e-01  1.1460e-01  2.3842e-07  1.1790e-04
 26960  8.8540e-01  1.1460e-01  5.9605e-08  1.1790e-04
 26980  8.8540e-01  1.1460e-01  0.0000e+00  1.1790e-04
 27000  8.8540e-01  1.1460e-01  1.1921e-07  1.1790e-04
 27020  8.8540e-01  1.1460e-01  2.9802e-07  1.1790e-04
 27040  8.8539e-01  1.1461e-01  0.0000e+00  1.1790e-04
 27060  8.8539e-01  1.1461e-01  5.3644e-07  1.1790e-04
 27080  8.8539e-01  1.1461e-01  4.1723e-07  1.1790e-04
 27100  8.8539e-01  1.1461e-01  0.0000e+00  1.1790e-04
 27120  8.8539e-01  1.1461e-01  2.3842e-07  1.1790e-04
 27140  8.8539e-01  1.1461e-01  4.1723e-07  1.1790e-04
 27160  8.8538e-01  1.1462e-01  2.9802e-07  1.1790e-04
 27180  8.8538e-01  1.1462e-01  0.0000e+00  1.1790e-04
 27200  8.8538e-01  1.1462e-01  0.0000e+00  1.1790e-04
 27220  8.8538e-01  1.1462e-01  0.0000e+00  1.1766e-04
 27240  8.8538e-01  1.1462e-01  0.0000e+00  1.1748e-04
 27260  8.8538e-01  1.1462e-01  0.0000e+00  1.1706e-04
 27280  8.8537e-01  1.1463e-01  0.0000e+00  1.1587e-04
 27300  8.8537e-01  1.1463e-01  0.0000e+00  1.1468e-04
 27320  8.8537e-01  1.1463e-01  1.7881e-07  1.1349e-04
 27340  8.8537e-01  1.1463e-01  5.9605e-08  1.1230e-04
 27360  8.8537e-01  1.1463e-01  2.3842e-07  1.1110e-04
 27380  8.8537e-01  1.1463e-01  2.9802e-07  1.0991e-04
 27400  8.8537e-01  1.1463e-01  3.5763e-07  1.0872e-04
 27420  8.8537e-01  1.1463e-01  0.0000e+00  1.0753e-04
 27440  8.8536e-01  1.1464e-01  2.3842e-07  1.0633e-04
 27460  8.8536e-01  1.1464e-01  2.3842e-07  1.0514e-04
 27480  8.8536e-01  1.1464e-01  2.9802e-07  1.0395e-04
 27500  8.8536e-01  1.1464e-01  0.0000e+00  1.0276e-04
 27520  8.8536e-01  1.1464e-01  0.0000e+00  1.0157e-04
 27540  8.8535e-01  1.1465e-01  5.9605e-08  1.0037e-04
 27546  8.8535e-01  0.0000e+00  1.1465e-01  2.9802e-07  9.9957e-05
# Std.corr:  FIRST=   0.05536824   LAST=   0.11464646  TIME=  48481 s
