# imodfit> Score file
# Iter       Score cross.corr. Delta_Score D_Score_Avg
     0  9.4252e-01  5.7485e-02
    20  9.4248e-01  5.7519e-02  1.3113e-06  4.5855e-41
    40  9.4245e-01  5.7549e-02  4.5300e-06  4.5855e-41
    60  9.4242e-01  5.7583e-02  1.7881e-06  4.5855e-41
    80  9.4237e-01  5.7627e-02  0.0000e+00  4.5855e-41
   100  9.4235e-01  5.7653e-02  4.9472e-06  4.5855e-41
   120  9.4232e-01  5.7682e-02  6.1989e-06  4.5855e-41
   140  9.4230e-01  5.7696e-02  0.0000e+00  4.5855e-41
   160  9.4228e-01  5.7721e-02  4.5300e-06  4.5855e-41
   180  9.4226e-01  5.7743e-02  1.0729e-06  4.5855e-41
   200  9.2942e-01  7.0583e-02  1.9073e-06  4.5855e-41
   220  9.2937e-01  7.0632e-02  0.0000e+00  4.5855e-41
   240  9.2933e-01  7.0672e-02  0.0000e+00  4.5855e-41
   260  9.2928e-01  7.0719e-02  0.0000e+00  4.5855e-41
   280  9.2923e-01  7.0772e-02  4.4107e-06  4.5855e-41
   300  9.2917e-01  7.0831e-02  0.0000e+00  4.5855e-41
   320  9.2911e-01  7.0893e-02  0.0000e+00  4.5855e-41
   340  9.2906e-01  7.0938e-02  0.0000e+00  4.5855e-41
   360  9.2904e-01  7.0962e-02  7.1526e-06  4.5855e-41
   380  9.2898e-01  7.1018e-02  0.0000e+00  4.5855e-41
   400  9.1887e-01  8.1132e-02  3.0994e-06  4.5855e-41
   420  9.1882e-01  8.1182e-02  5.4240e-06  4.5855e-41
   440  9.1875e-01  8.1248e-02  0.0000e+00  4.5855e-41
   460  9.1870e-01  8.1298e-02  0.0000e+00  4.5855e-41
   480  9.1863e-01  8.1369e-02  0.0000e+00  4.5855e-41
   500  9.1856e-01  8.1443e-02  0.0000e+00  4.5855e-41
   520  9.1852e-01  8.1484e-02  3.7551e-06  4.5855e-41
   540  9.1844e-01  8.1558e-02  0.0000e+00  4.5855e-41
   560  9.1837e-01  8.1635e-02  7.1526e-07  4.5855e-41
   580  9.1832e-01  8.1676e-02  0.0000e+00  4.5855e-41
   600  9.1782e-01  8.2178e-02  3.1590e-06  4.5855e-41
   620  9.1776e-01  8.2239e-02  7.2122e-06  4.5855e-41
   640  9.1769e-01  8.2308e-02  0.0000e+00  4.5855e-41
   660  9.1766e-01  8.2345e-02  0.0000e+00  4.5855e-41
   680  9.1762e-01  8.2381e-02  0.0000e+00  4.5855e-41
   700  9.1756e-01  8.2440e-02  1.4901e-06  4.5855e-41
   720  9.1754e-01  8.2458e-02  5.4836e-06  4.5855e-41
   740  9.1751e-01  8.2491e-02  0.0000e+00  4.5855e-41
   760  9.1745e-01  8.2549e-02  0.0000e+00  4.5855e-41
   780  9.1740e-01  8.2605e-02  5.1260e-06  4.5855e-41
   800  9.1713e-01  8.2870e-02  0.0000e+00  4.5855e-41
   820  9.1708e-01  8.2920e-02  0.0000e+00  4.5855e-41
   840  9.1704e-01  8.2960e-02  0.0000e+00  4.5855e-41
   860  9.1700e-01  8.3003e-02  6.8545e-06  4.5855e-41
   880  9.1697e-01  8.3028e-02  0.0000e+00  4.5855e-41
   900  9.1693e-01  8.3069e-02  4.5896e-06  4.5855e-41
   920  9.1689e-01  8.3114e-02  4.7088e-06  4.5855e-41
   940  9.1685e-01  8.3147e-02  1.3113e-06  4.5855e-41
   960  9.1683e-01  8.3173e-02  0.0000e+00  4.5855e-41
   980  9.1678e-01  8.3218e-02  0.0000e+00  4.5855e-41
  1000  9.1672e-01  8.3276e-02  0.0000e+00  4.5855e-41
  1020  9.1668e-01  8.3322e-02  0.0000e+00  4.5855e-41
  1040  9.1664e-01  8.3357e-02  0.0000e+00  4.5855e-41
  1060  9.1659e-01  8.3408e-02  2.2054e-06  4.5855e-41
  1080  9.1656e-01  8.3435e-02  2.9802e-07  4.5855e-41
  1100  9.1654e-01  8.3464e-02  0.0000e+00  4.5855e-41
  1120  9.1652e-01  8.3480e-02  1.8477e-06  4.5855e-41
  1140  9.1650e-01  8.3503e-02  0.0000e+00  4.5855e-41
  1160  9.1647e-01  8.3530e-02  7.1526e-07  4.5855e-41
  1180  9.1645e-01  8.3549e-02  0.0000e+00  4.5855e-41
  1200  9.1642e-01  8.3577e-02  1.5497e-06  4.5855e-41
  1220  9.1639e-01  8.3608e-02  7.5102e-06  4.5855e-41
  1240  9.1637e-01  8.3635e-02  0.0000e+00  4.5855e-41
  1260  9.1632e-01  8.3676e-02  0.0000e+00  4.5855e-41
  1280  9.1629e-01  8.3710e-02  2.1458e-06  4.5855e-41
  1300  9.1627e-01  8.3730e-02  3.2783e-06  4.5855e-41
  1320  9.1625e-01  8.3750e-02  1.1921e-07  4.5855e-41
  1340  9.1624e-01  8.3762e-02  2.9802e-06  4.5855e-41
  1360  9.1620e-01  8.3801e-02  0.0000e+00  4.5855e-41
  1380  9.1616e-01  8.3837e-02  0.0000e+00  4.5855e-41
  1400  9.1615e-01  8.3853e-02  7.1526e-07  4.5855e-41
  1420  9.1612e-01  8.3877e-02  6.5565e-07  4.5855e-41
  1440  9.1610e-01  8.3897e-02  0.0000e+00  4.5855e-41
  1460  9.1608e-01  8.3923e-02  1.7285e-06  4.5855e-41
  1480  9.1606e-01  8.3945e-02  0.0000e+00  4.5855e-41
  1500  9.1603e-01  8.3973e-02  0.0000e+00  4.5855e-41
  1520  9.1601e-01  8.3988e-02  2.3842e-07  4.5855e-41
  1540  9.1600e-01  8.4003e-02  0.0000e+00  4.5855e-41
  1560  9.1598e-01  8.4021e-02  0.0000e+00  4.5855e-41
  1580  9.1595e-01  8.4051e-02  5.6028e-06  4.5855e-41
  1600  9.1592e-01  8.4079e-02  1.1921e-06  4.5855e-41
  1620  9.1590e-01  8.4095e-02  4.5300e-06  4.5855e-41
  1640  9.1588e-01  8.4119e-02  1.1921e-06  4.5855e-41
  1660  9.1587e-01  8.4134e-02  0.0000e+00  4.5855e-41
  1680  9.1585e-01  8.4151e-02  2.9802e-07  4.5855e-41
  1700  9.1583e-01  8.4170e-02  0.0000e+00  4.5855e-41
  1720  9.1580e-01  8.4196e-02  0.0000e+00  4.5855e-41
  1740  9.1579e-01  8.4210e-02  0.0000e+00  4.5855e-41
  1760  9.1577e-01  8.4225e-02  0.0000e+00  4.5855e-41
  1780  9.1575e-01  8.4252e-02  0.0000e+00  4.5855e-41
  1800  9.1573e-01  8.4275e-02  4.4107e-06  4.5855e-41
  1820  9.1570e-01  8.4298e-02  0.0000e+00  4.5855e-41
  1840  9.1568e-01  8.4325e-02  0.0000e+00  4.5855e-41
  1860  9.1566e-01  8.4335e-02  0.0000e+00  4.5855e-41
  1880  9.1565e-01  8.4355e-02  0.0000e+00  4.5855e-41
  1900  9.1562e-01  8.4377e-02  4.6492e-06  4.5855e-41
  1920  9.1560e-01  8.4398e-02  0.0000e+00  4.5855e-41
  1940  9.1559e-01  8.4412e-02  0.0000e+00  4.5855e-41
  1960  9.1557e-01  8.4426e-02  1.6689e-06  4.5855e-41
  1980  9.1556e-01  8.4439e-02  2.0266e-06  4.5855e-41
  2000  9.1555e-01  8.4452e-02  0.0000e+00  4.5855e-41
  2020  9.1553e-01  8.4468e-02  1.0729e-06  8.3654e-03
  2040  9.1552e-01  8.4484e-02  0.0000e+00  7.8719e-03
  2060  9.1550e-01  8.4495e-02  0.0000e+00  7.3780e-03
  2080  9.1550e-01  8.4502e-02  1.2517e-06  6.8833e-03
  2100  9.1548e-01  8.4524e-02  0.0000e+00  6.3885e-03
  2120  9.1546e-01  8.4541e-02  1.1921e-07  5.8938e-03
  2140  9.1544e-01  8.4559e-02  0.0000e+00  5.3991e-03
  2160  9.1543e-01  8.4571e-02  0.0000e+00  4.9036e-03
  2180  9.1542e-01  8.4577e-02  8.9407e-07  4.4077e-03
  2200  9.1540e-01  8.4597e-02  0.0000e+00  3.9118e-03
  2220  9.1540e-01  8.4605e-02  0.0000e+00  3.6722e-03
  2240  9.1537e-01  8.4630e-02  1.9073e-06  3.4326e-03
  2260  9.1536e-01  8.4639e-02  2.4438e-06  3.1936e-03
  2280  9.1535e-01  8.4646e-02  2.1458e-06  2.9539e-03
  2300  9.1534e-01  8.4661e-02  1.6689e-06  2.7145e-03
  2320  9.1533e-01  8.4672e-02  0.0000e+00  2.4759e-03
  2340  9.1532e-01  8.4680e-02  8.3447e-07  2.2368e-03
  2360  9.1531e-01  8.4688e-02  1.8477e-06  1.9984e-03
  2380  9.1530e-01  8.4700e-02  0.0000e+00  1.7598e-03
  2400  9.1529e-01  8.4708e-02  1.1921e-06  1.5202e-03
  2420  9.1528e-01  8.4724e-02  0.0000e+00  1.4831e-03
  2440  9.1527e-01  8.4734e-02  0.0000e+00  1.4466e-03
  2460  9.1526e-01  8.4743e-02  0.0000e+00  1.4108e-03
  2480  9.1525e-01  8.4751e-02  0.0000e+00  1.3754e-03
  2500  9.1524e-01  8.4757e-02  0.0000e+00  1.3398e-03
  2520  9.1523e-01  8.4766e-02  0.0000e+00  1.3052e-03
  2540  9.1522e-01  8.4776e-02  0.0000e+00  1.2712e-03
  2560  9.1521e-01  8.4787e-02  0.0000e+00  1.2386e-03
  2580  9.1521e-01  8.4795e-02  1.7881e-07  1.2063e-03
  2600  9.1519e-01  8.4806e-02  1.6689e-06  1.1730e-03
  2620  9.1518e-01  8.4815e-02  1.4901e-06  1.1497e-03
  2640  9.1517e-01  8.4830e-02  0.0000e+00  1.1270e-03
  2660  9.1516e-01  8.4839e-02  0.0000e+00  1.1055e-03
  2680  9.1515e-01  8.4848e-02  2.0862e-06  1.0841e-03
  2700  9.1514e-01  8.4857e-02  1.4901e-06  1.0635e-03
  2720  9.1514e-01  8.4864e-02  0.0000e+00  1.0422e-03
  2740  9.1512e-01  8.4878e-02  0.0000e+00  1.0207e-03
  2760  9.1512e-01  8.4882e-02  1.1921e-07  9.9957e-04
  2780  9.1510e-01  8.4897e-02  0.0000e+00  9.7936e-04
  2800  9.1510e-01  8.4903e-02  1.4901e-06  9.5969e-04
  2820  9.1509e-01  8.4907e-02  1.0729e-06  9.4426e-04
  2840  9.1508e-01  8.4920e-02  2.3842e-07  9.2876e-04
  2860  9.1507e-01  8.4929e-02  8.9407e-07  9.1368e-04
  2880  9.1507e-01  8.4932e-02  0.0000e+00  8.9937e-04
  2900  9.1506e-01  8.4939e-02  4.1723e-07  8.8453e-04
  2920  9.1505e-01  8.4949e-02  0.0000e+00  8.6904e-04
  2940  9.1504e-01  8.4955e-02  2.3842e-07  8.5461e-04
  2960  9.1504e-01  8.4962e-02  0.0000e+00  8.4031e-04
  2980  9.1503e-01  8.4966e-02  9.5367e-07  8.2600e-04
  3000  9.1503e-01  8.4973e-02  4.1723e-07  8.1277e-04
  3020  9.1502e-01  8.4978e-02  7.7486e-07  7.9983e-04
  3040  9.1502e-01  8.4983e-02  0.0000e+00  7.8684e-04
  3060  9.1501e-01  8.4990e-02  0.0000e+00  7.7409e-04
  3080  9.1500e-01  8.4997e-02  1.1325e-06  7.6216e-04
  3100  9.1500e-01  8.4999e-02  0.0000e+00  7.5024e-04
  3120  9.1499e-01  8.5005e-02  2.9802e-07  7.3832e-04
  3140  9.1499e-01  8.5012e-02  5.9605e-07  7.2640e-04
  3160  9.1498e-01  8.5018e-02  8.3447e-07  7.1526e-04
  3180  9.1498e-01  8.5023e-02  0.0000e+00  7.0339e-04
  3200  9.1497e-01  8.5028e-02  8.9407e-07  6.9147e-04
  3220  9.1497e-01  8.5035e-02  4.7684e-07  6.7955e-04
  3240  9.1496e-01  8.5040e-02  0.0000e+00  6.6763e-04
  3260  9.1496e-01  8.5045e-02  1.1921e-07  6.5625e-04
  3280  9.1495e-01  8.5051e-02  0.0000e+00  6.4552e-04
  3300  9.1495e-01  8.5055e-02  0.0000e+00  6.3479e-04
  3320  9.1494e-01  8.5059e-02  5.3644e-07  6.2430e-04
  3340  9.1493e-01  8.5065e-02  0.0000e+00  6.1405e-04
  3360  9.1493e-01  8.5072e-02  1.7881e-07  6.0362e-04
  3380  9.1492e-01  8.5076e-02  5.9605e-07  5.9307e-04
  3400  9.1488e-01  8.5119e-02  0.0000e+00  5.8353e-04
  3420  9.1487e-01  8.5127e-02  0.0000e+00  5.7518e-04
  3440  9.1487e-01  8.5132e-02  3.5763e-07  5.6684e-04
  3460  9.1486e-01  8.5138e-02  4.1723e-07  5.5850e-04
  3480  9.1486e-01  8.5140e-02  2.9802e-07  5.5015e-04
  3500  9.1486e-01  8.5144e-02  8.9407e-07  5.4294e-04
  3520  9.1485e-01  8.5147e-02  1.1921e-07  5.3459e-04
  3540  9.1485e-01  8.5151e-02  1.1921e-06  5.2625e-04
  3560  9.1484e-01  8.5156e-02  0.0000e+00  5.1790e-04
  3580  9.1484e-01  8.5161e-02  5.3644e-07  5.0974e-04
  3600  9.1483e-01  8.5167e-02  2.3842e-07  5.0253e-04
  3620  9.1483e-01  8.5172e-02  0.0000e+00  4.9537e-04
  3640  9.1482e-01  8.5176e-02  1.0133e-06  4.8822e-04
  3660  9.1482e-01  8.5179e-02  0.0000e+00  4.8107e-04
  3680  9.1481e-01  8.5186e-02  0.0000e+00  4.7392e-04
  3700  9.1481e-01  8.5189e-02  0.0000e+00  4.6676e-04
  3720  9.1481e-01  8.5195e-02  1.1921e-07  4.6068e-04
  3740  9.1480e-01  8.5199e-02  0.0000e+00  4.5395e-04
  3760  9.1480e-01  8.5204e-02  5.3644e-07  4.4680e-04
  3780  9.1479e-01  8.5207e-02  4.7684e-07  4.3964e-04
  3800  9.1479e-01  8.5211e-02  0.0000e+00  4.3249e-04
  3820  9.1479e-01  8.5214e-02  4.1723e-07  4.2629e-04
  3840  9.1478e-01  8.5216e-02  4.1723e-07  4.2033e-04
  3860  9.1478e-01  8.5218e-02  7.7486e-07  4.1437e-04
  3880  9.1478e-01  8.5221e-02  1.1325e-06  4.0841e-04
  3900  9.1477e-01  8.5226e-02  0.0000e+00  4.0299e-04
  3920  9.1477e-01  8.5229e-02  0.0000e+00  3.9822e-04
  3940  9.1477e-01  8.5233e-02  0.0000e+00  3.9345e-04
  3960  9.1476e-01  8.5236e-02  0.0000e+00  3.8868e-04
  3980  9.1476e-01  8.5239e-02  2.3842e-07  3.8391e-04
  4000  9.1476e-01  8.5241e-02  0.0000e+00  3.7909e-04
  4020  9.1475e-01  8.5245e-02  0.0000e+00  3.7313e-04
  4040  9.1475e-01  8.5247e-02  4.7684e-07  3.6824e-04
  4060  9.1475e-01  8.5251e-02  8.9407e-07  3.6347e-04
  4080  9.1475e-01  8.5254e-02  0.0000e+00  3.5870e-04
  4100  9.1474e-01  8.5259e-02  0.0000e+00  3.5393e-04
  4120  9.1474e-01  8.5261e-02  4.1723e-07  3.4916e-04
  4140  9.1473e-01  8.5267e-02  0.0000e+00  3.4440e-04
  4160  9.1473e-01  8.5268e-02  1.3709e-06  3.3963e-04
  4180  9.1473e-01  8.5273e-02  1.1921e-07  3.3599e-04
  4200  9.1472e-01  8.5277e-02  0.0000e+00  3.3242e-04
  4220  9.1472e-01  8.5283e-02  5.9605e-08  3.2884e-04
  4240  9.1471e-01  8.5290e-02  1.7881e-07  3.2526e-04
  4260  9.1471e-01  8.5294e-02  0.0000e+00  3.2169e-04
  4280  9.1470e-01  8.5300e-02  0.0000e+00  3.1811e-04
  4300  9.1470e-01  8.5303e-02  3.5763e-07  3.1453e-04
  4320  9.1469e-01  8.5310e-02  0.0000e+00  3.1096e-04
  4340  9.1469e-01  8.5314e-02  2.9802e-07  3.0810e-04
  4360  9.1468e-01  8.5318e-02  0.0000e+00  3.0541e-04
  4380  9.1468e-01  8.5322e-02  0.0000e+00  3.0303e-04
  4400  9.1468e-01  8.5325e-02  0.0000e+00  3.0065e-04
  4420  9.1467e-01  8.5328e-02  5.3644e-07  2.9588e-04
  4440  9.1467e-01  8.5332e-02  0.0000e+00  2.9111e-04
  4460  9.1466e-01  8.5336e-02  0.0000e+00  2.8634e-04
  4480  9.1466e-01  8.5340e-02  2.3842e-07  2.8157e-04
  4500  9.1466e-01  8.5344e-02  0.0000e+00  2.7680e-04
  4520  9.1465e-01  8.5347e-02  8.3447e-07  2.7323e-04
  4540  9.1465e-01  8.5349e-02  4.1723e-07  2.6965e-04
  4560  9.1465e-01  8.5352e-02  0.0000e+00  2.6608e-04
  4580  9.1464e-01  8.5357e-02  0.0000e+00  2.6250e-04
  4600  9.1464e-01  8.5361e-02  1.3113e-06  2.5892e-04
  4620  9.1464e-01  8.5363e-02  5.9605e-08  2.5535e-04
  4640  9.1463e-01  8.5366e-02  0.0000e+00  2.5177e-04
  4660  9.1463e-01  8.5372e-02  0.0000e+00  2.4819e-04
  4680  9.1463e-01  8.5375e-02  0.0000e+00  2.4462e-04
  4700  9.1462e-01  8.5379e-02  7.7486e-07  2.4104e-04
  4720  9.1462e-01  8.5382e-02  1.1921e-07  2.3746e-04
  4740  9.1461e-01  8.5385e-02  1.1921e-07  2.3466e-04
  4760  9.1461e-01  8.5391e-02  0.0000e+00  2.3228e-04
  4780  9.1460e-01  8.5395e-02  0.0000e+00  2.2990e-04
  4800  9.1460e-01  8.5398e-02  2.9802e-07  2.2751e-04
  4820  9.1460e-01  8.5400e-02  0.0000e+00  2.2513e-04
  4840  9.1460e-01  8.5404e-02  0.0000e+00  2.2274e-04
  4860  9.1459e-01  8.5408e-02  0.0000e+00  2.2036e-04
  4880  9.1459e-01  8.5410e-02  3.5763e-07  2.1797e-04
  4900  9.1459e-01  8.5414e-02  2.9802e-07  2.1559e-04
  4920  9.1458e-01  8.5417e-02  0.0000e+00  2.1321e-04
  4940  9.1458e-01  8.5420e-02  2.3842e-07  2.1082e-04
  4960  9.1457e-01  8.5426e-02  0.0000e+00  2.0844e-04
  4980  9.1457e-01  8.5428e-02  2.3842e-07  2.0605e-04
  5000  9.1457e-01  8.5431e-02  0.0000e+00  2.0373e-04
  5020  9.1457e-01  8.5433e-02  0.0000e+00  2.0254e-04
  5040  9.1457e-01  8.5434e-02  0.0000e+00  2.0134e-04
  5060  9.1456e-01  8.5437e-02  0.0000e+00  2.0015e-04
  5080  9.1456e-01  8.5441e-02  0.0000e+00  1.9896e-04
  5100  9.1456e-01  8.5445e-02  2.3842e-07  1.9777e-04
  5120  9.1455e-01  8.5447e-02  2.3842e-07  1.9658e-04
  5140  9.1455e-01  8.5450e-02  0.0000e+00  1.9538e-04
  5160  9.1455e-01  8.5454e-02  0.0000e+00  1.9419e-04
  5180  9.1454e-01  8.5456e-02  1.0729e-06  1.9300e-04
  5200  9.1454e-01  8.5463e-02  0.0000e+00  1.9181e-04
  5220  9.1453e-01  8.5466e-02  0.0000e+00  1.9062e-04
  5240  9.1453e-01  8.5469e-02  1.7881e-07  1.8942e-04
  5260  9.1453e-01  8.5470e-02  4.7684e-07  1.8823e-04
  5280  9.1453e-01  8.5474e-02  1.1921e-07  1.8704e-04
  5300  9.1452e-01  8.5478e-02  2.9802e-07  1.8585e-04
  5320  9.1452e-01  8.5482e-02  0.0000e+00  1.8466e-04
  5340  9.1451e-01  8.5486e-02  1.1921e-07  1.8346e-04
  5360  9.1451e-01  8.5488e-02  1.7881e-07  1.8227e-04
  5380  9.1451e-01  8.5493e-02  0.0000e+00  1.8108e-04
  5400  9.1450e-01  8.5496e-02  8.9407e-07  1.7989e-04
  5420  9.1450e-01  8.5500e-02  1.7881e-07  1.7989e-04
  5440  9.1450e-01  8.5501e-02  0.0000e+00  1.7989e-04
  5460  9.1449e-01  8.5507e-02  0.0000e+00  1.7989e-04
  5480  9.1449e-01  8.5511e-02  0.0000e+00  1.7989e-04
  5500  9.1449e-01  8.5514e-02  0.0000e+00  1.7989e-04
  5520  9.1448e-01  8.5518e-02  0.0000e+00  1.7989e-04
  5540  9.1448e-01  8.5520e-02  0.0000e+00  1.7989e-04
  5560  9.1448e-01  8.5525e-02  0.0000e+00  1.7989e-04
  5580  9.1447e-01  8.5528e-02  0.0000e+00  1.7989e-04
  5600  9.1447e-01  8.5531e-02  0.0000e+00  1.7989e-04
  5620  9.1447e-01  8.5533e-02  5.9605e-08  1.7989e-04
  5640  9.1446e-01  8.5537e-02  0.0000e+00  1.7989e-04
  5660  9.1446e-01  8.5540e-02  0.0000e+00  1.7989e-04
  5680  9.1446e-01  8.5541e-02  0.0000e+00  1.7989e-04
  5700  9.1446e-01  8.5543e-02  1.1921e-07  1.7989e-04
  5720  9.1445e-01  8.5545e-02  0.0000e+00  1.7989e-04
  5740  9.1445e-01  8.5550e-02  0.0000e+00  1.7989e-04
  5760  9.1445e-01  8.5552e-02  2.3842e-07  1.7989e-04
  5780  9.1444e-01  8.5555e-02  4.7684e-07  1.7989e-04
  5800  9.1441e-01  8.5588e-02  0.0000e+00  1.7989e-04
  5820  9.1441e-01  8.5593e-02  0.0000e+00  1.7989e-04
  5840  9.1440e-01  8.5595e-02  0.0000e+00  1.7989e-04
  5860  9.1440e-01  8.5598e-02  0.0000e+00  1.7989e-04
  5880  9.1440e-01  8.5605e-02  0.0000e+00  1.7989e-04
  5900  9.1439e-01  8.5607e-02  0.0000e+00  1.7989e-04
  5920  9.1439e-01  8.5610e-02  7.1526e-07  1.7989e-04
  5940  9.1439e-01  8.5612e-02  7.7486e-07  1.7989e-04
  5960  9.1438e-01  8.5616e-02  5.3644e-07  1.7989e-04
  5980  9.1438e-01  8.5620e-02  5.3644e-07  1.7989e-04
  6000  9.1437e-01  8.5625e-02  8.3447e-07  1.7989e-04
  6020  9.1437e-01  8.5628e-02  3.5763e-07  1.7989e-04
  6040  9.1437e-01  8.5633e-02  0.0000e+00  1.7989e-04
  6060  9.1436e-01  8.5638e-02  2.9802e-07  1.7989e-04
  6080  9.1436e-01  8.5642e-02  0.0000e+00  1.7989e-04
  6100  9.1435e-01  8.5646e-02  1.7881e-07  1.7989e-04
  6120  9.1435e-01  8.5648e-02  4.7684e-07  1.7989e-04
  6140  9.1435e-01  8.5653e-02  1.1921e-07  1.7989e-04
  6160  9.1434e-01  8.5658e-02  0.0000e+00  1.7989e-04
  6180  9.1434e-01  8.5660e-02  0.0000e+00  1.7989e-04
  6200  9.1433e-01  8.5666e-02  1.1921e-07  1.7989e-04
  6220  9.1433e-01  8.5670e-02  0.0000e+00  1.7989e-04
  6240  9.1433e-01  8.5673e-02  0.0000e+00  1.7989e-04
  6260  9.1432e-01  8.5675e-02  5.3644e-07  1.7989e-04
  6280  9.1432e-01  8.5676e-02  7.1526e-07  1.7989e-04
  6300  9.1432e-01  8.5682e-02  2.9802e-07  1.7989e-04
  6320  9.1431e-01  8.5685e-02  0.0000e+00  1.7989e-04
  6340  9.1431e-01  8.5689e-02  2.9802e-07  1.7989e-04
  6360  9.1431e-01  8.5694e-02  0.0000e+00  1.7989e-04
  6380  9.1430e-01  8.5697e-02  0.0000e+00  1.7989e-04
  6400  9.1430e-01  8.5702e-02  0.0000e+00  1.7989e-04
  6420  9.1429e-01  8.5709e-02  1.7881e-07  1.8013e-04
  6440  9.1429e-01  8.5714e-02  2.3842e-07  1.8132e-04
  6460  9.1428e-01  8.5717e-02  0.0000e+00  1.8251e-04
  6480  9.1428e-01  8.5721e-02  0.0000e+00  1.8370e-04
  6500  9.1428e-01  8.5723e-02  5.9605e-07  1.8489e-04
  6520  9.1427e-01  8.5728e-02  1.9073e-06  1.8573e-04
  6540  9.1427e-01  8.5730e-02  5.3644e-07  1.8692e-04
  6560  9.1427e-01  8.5735e-02  0.0000e+00  1.8811e-04
  6580  9.1426e-01  8.5738e-02  0.0000e+00  1.8930e-04
  6600  9.1425e-01  8.5745e-02  0.0000e+00  1.9050e-04
  6620  9.1425e-01  8.5748e-02  0.0000e+00  1.9169e-04
  6640  9.1425e-01  8.5751e-02  2.3842e-07  1.9288e-04
  6660  9.1424e-01  8.5757e-02  4.1723e-07  1.9407e-04
  6680  9.1424e-01  8.5758e-02  2.3842e-07  1.9526e-04
  6700  9.1424e-01  8.5761e-02  5.9605e-08  1.9646e-04
  6720  9.1423e-01  8.5767e-02  2.9802e-07  1.9765e-04
  6740  9.1423e-01  8.5770e-02  6.5565e-07  1.9884e-04
  6760  9.1423e-01  8.5772e-02  4.7684e-07  2.0003e-04
  6780  9.1422e-01  8.5777e-02  2.9802e-07  2.0123e-04
  6800  9.1422e-01  8.5780e-02  0.0000e+00  2.0242e-04
  6820  9.1422e-01  8.5785e-02  0.0000e+00  2.0242e-04
  6840  9.1421e-01  8.5791e-02  0.0000e+00  2.0242e-04
  6860  9.1421e-01  8.5795e-02  0.0000e+00  2.0242e-04
  6880  9.1420e-01  8.5798e-02  0.0000e+00  2.0242e-04
  6900  9.1420e-01  8.5803e-02  0.0000e+00  2.0242e-04
  6920  9.1419e-01  8.5807e-02  0.0000e+00  2.0242e-04
  6940  9.1419e-01  8.5813e-02  0.0000e+00  2.0242e-04
  6960  9.1418e-01  8.5820e-02  0.0000e+00  2.0242e-04
  6980  9.1418e-01  8.5824e-02  0.0000e+00  2.0242e-04
  7000  9.1417e-01  8.5827e-02  5.9605e-07  2.0242e-04
  7020  9.1417e-01  8.5832e-02  0.0000e+00  2.0242e-04
  7040  9.1416e-01  8.5837e-02  0.0000e+00  2.0242e-04
  7060  9.1416e-01  8.5840e-02  0.0000e+00  2.0242e-04
  7080  9.1416e-01  8.5844e-02  2.3842e-07  2.0242e-04
  7100  9.1415e-01  8.5848e-02  0.0000e+00  2.0242e-04
  7120  9.1415e-01  8.5851e-02  2.3842e-07  2.0242e-04
  7140  9.1415e-01  8.5855e-02  0.0000e+00  2.0242e-04
  7160  9.1414e-01  8.5858e-02  1.7881e-07  2.0242e-04
  7180  9.1414e-01  8.5862e-02  1.2517e-06  2.0242e-04
  7200  9.1413e-01  8.5866e-02  0.0000e+00  2.0242e-04
  7220  9.1413e-01  8.5873e-02  0.0000e+00  2.0242e-04
  7240  9.1412e-01  8.5877e-02  0.0000e+00  2.0242e-04
  7260  9.1412e-01  8.5881e-02  2.3842e-07  2.0242e-04
  7280  9.1412e-01  8.5883e-02  0.0000e+00  2.0242e-04
  7300  9.1411e-01  8.5886e-02  0.0000e+00  2.0242e-04
  7320  9.1411e-01  8.5888e-02  2.3842e-07  2.0242e-04
  7340  9.1411e-01  8.5892e-02  5.3644e-07  2.0242e-04
  7360  9.1411e-01  8.5895e-02  0.0000e+00  2.0242e-04
  7380  9.1410e-01  8.5900e-02  0.0000e+00  2.0242e-04
  7400  9.1410e-01  8.5903e-02  8.9407e-07  2.0242e-04
  7420  9.1409e-01  8.5907e-02  2.3842e-07  2.0218e-04
  7440  9.1409e-01  8.5910e-02  0.0000e+00  2.0099e-04
  7460  9.1409e-01  8.5915e-02  4.7684e-07  1.9979e-04
  7480  9.1408e-01  8.5920e-02  5.9605e-08  1.9860e-04
  7500  9.1408e-01  8.5925e-02  0.0000e+00  1.9741e-04
  7520  9.1407e-01  8.5930e-02  5.3644e-07  1.9658e-04
  7540  9.1406e-01  8.5935e-02  0.0000e+00  1.9538e-04
  7560  9.1406e-01  8.5941e-02  0.0000e+00  1.9419e-04
  7580  9.1405e-01  8.5946e-02  5.3644e-07  1.9300e-04
  7600  9.1405e-01  8.5952e-02  0.0000e+00  1.9240e-04
  7620  9.1404e-01  8.5956e-02  0.0000e+00  1.9121e-04
  7640  9.1404e-01  8.5962e-02  0.0000e+00  1.9109e-04
  7660  9.1403e-01  8.5965e-02  5.9605e-07  1.9097e-04
  7680  9.1403e-01  8.5969e-02  0.0000e+00  1.9062e-04
  7700  9.1403e-01  8.5973e-02  1.1921e-07  1.9062e-04
  7720  9.1402e-01  8.5978e-02  0.0000e+00  1.9062e-04
  7740  9.1402e-01  8.5982e-02  0.0000e+00  1.9062e-04
  7760  9.1401e-01  8.5986e-02  0.0000e+00  1.9062e-04
  7780  9.1401e-01  8.5990e-02  0.0000e+00  1.9062e-04
  7800  9.1398e-01  8.6019e-02  4.1723e-07  1.9062e-04
  7820  9.1397e-01  8.6026e-02  5.9605e-08  1.9181e-04
  7840  9.1397e-01  8.6031e-02  0.0000e+00  1.9300e-04
  7860  9.1397e-01  8.6035e-02  1.2517e-06  1.9419e-04
  7880  9.1396e-01  8.6041e-02  2.3842e-07  1.9538e-04
  7900  9.1395e-01  8.6049e-02  0.0000e+00  1.9658e-04
  7920  9.1394e-01  8.6059e-02  7.7486e-07  1.9777e-04
  7940  9.1394e-01  8.6065e-02  1.0729e-06  1.9896e-04
  7960  9.1393e-01  8.6072e-02  0.0000e+00  2.0015e-04
  7980  9.1393e-01  8.6075e-02  4.1723e-07  2.0134e-04
  8000  9.1392e-01  8.6082e-02  0.0000e+00  2.0254e-04
  8020  9.1391e-01  8.6088e-02  1.1325e-06  2.0373e-04
  8040  9.1391e-01  8.6090e-02  0.0000e+00  2.0492e-04
  8060  9.1391e-01  8.6093e-02  6.5565e-07  2.0611e-04
  8080  9.1390e-01  8.6099e-02  4.1723e-07  2.0730e-04
  8100  9.1390e-01  8.6102e-02  1.6689e-06  2.0850e-04
  8120  9.1389e-01  8.6106e-02  1.0133e-06  2.0969e-04
  8140  9.1389e-01  8.6112e-02  2.3842e-07  2.1088e-04
  8160  9.1388e-01  8.6118e-02  0.0000e+00  2.1207e-04
  8180  9.1388e-01  8.6124e-02  0.0000e+00  2.1327e-04
  8200  9.1387e-01  8.6126e-02  8.9407e-07  2.1446e-04
  8220  9.1387e-01  8.6129e-02  5.9605e-07  2.1565e-04
  8240  9.1387e-01  8.6135e-02  0.0000e+00  2.1684e-04
  8260  9.1386e-01  8.6141e-02  0.0000e+00  2.1803e-04
  8280  9.1385e-01  8.6147e-02  0.0000e+00  2.1923e-04
  8300  9.1385e-01  8.6152e-02  0.0000e+00  2.2042e-04
  8320  9.1384e-01  8.6155e-02  6.5565e-07  2.2161e-04
  8340  9.1384e-01  8.6158e-02  0.0000e+00  2.2280e-04
  8360  9.1384e-01  8.6164e-02  4.7684e-07  2.2441e-04
  8380  9.1383e-01  8.6168e-02  0.0000e+00  2.2596e-04
  8400  9.1382e-01  8.6176e-02  0.0000e+00  2.2811e-04
  8420  9.1382e-01  8.6179e-02  9.5367e-07  2.3049e-04
  8440  9.1381e-01  8.6187e-02  1.1921e-07  2.3288e-04
  8460  9.1381e-01  8.6193e-02  0.0000e+00  2.3526e-04
  8480  9.1380e-01  8.6198e-02  4.1723e-07  2.3764e-04
  8500  9.1380e-01  8.6202e-02  4.7684e-07  2.4003e-04
  8520  9.1379e-01  8.6207e-02  0.0000e+00  2.4241e-04
  8540  9.1379e-01  8.6212e-02  0.0000e+00  2.4480e-04
  8560  9.1378e-01  8.6217e-02  0.0000e+00  2.4718e-04
  8580  9.1378e-01  8.6221e-02  0.0000e+00  2.4956e-04
  8600  9.1377e-01  8.6228e-02  0.0000e+00  2.5135e-04
  8620  9.1376e-01  8.6236e-02  0.0000e+00  2.5374e-04
  8640  9.1376e-01  8.6241e-02  5.3644e-07  2.5505e-04
  8660  9.1375e-01  8.6246e-02  8.9407e-07  2.5636e-04
  8680  9.1375e-01  8.6249e-02  0.0000e+00  2.5791e-04
  8700  9.1375e-01  8.6252e-02  0.0000e+00  2.5910e-04
  8720  9.1374e-01  8.6255e-02  0.0000e+00  2.6029e-04
  8740  9.1374e-01  8.6262e-02  2.3842e-07  2.6149e-04
  8760  9.1373e-01  8.6267e-02  0.0000e+00  2.6268e-04
  8780  9.1373e-01  8.6269e-02  1.1325e-06  2.6387e-04
  8800  9.1373e-01  8.6273e-02  0.0000e+00  2.6506e-04
  8820  9.1372e-01  8.6277e-02  1.7881e-07  2.6506e-04
  8840  9.1372e-01  8.6281e-02  8.9407e-07  2.6506e-04
  8860  9.1372e-01  8.6283e-02  3.5763e-07  2.6506e-04
  8880  9.1371e-01  8.6289e-02  7.7486e-07  2.6506e-04
  8900  9.1371e-01  8.6293e-02  2.3842e-07  2.6506e-04
  8920  9.1370e-01  8.6299e-02  0.0000e+00  2.6506e-04
  8940  9.1370e-01  8.6303e-02  5.9605e-07  2.6506e-04
  8960  9.1369e-01  8.6308e-02  2.9802e-07  2.6506e-04
  8980  9.1369e-01  8.6310e-02  0.0000e+00  2.6506e-04
  9000  9.1368e-01  8.6316e-02  0.0000e+00  2.6506e-04
  9020  9.1368e-01  8.6320e-02  0.0000e+00  2.6506e-04
  9040  9.1368e-01  8.6322e-02  3.5763e-07  2.6506e-04
  9060  9.1367e-01  8.6328e-02  2.3842e-07  2.6506e-04
  9080  9.1367e-01  8.6334e-02  0.0000e+00  2.6506e-04
  9100  9.1366e-01  8.6338e-02  1.4305e-06  2.6506e-04
  9120  9.1366e-01  8.6342e-02  0.0000e+00  2.6506e-04
  9140  9.1365e-01  8.6348e-02  0.0000e+00  2.6506e-04
  9160  9.1365e-01  8.6351e-02  1.1325e-06  2.6506e-04
  9180  9.1365e-01  8.6354e-02  1.0133e-06  2.6506e-04
  9200  9.1362e-01  8.6383e-02  0.0000e+00  2.6506e-04
  9220  9.1361e-01  8.6389e-02  1.7881e-07  2.6506e-04
  9240  9.1360e-01  8.6398e-02  8.9407e-07  2.6506e-04
  9260  9.1360e-01  8.6402e-02  1.1921e-07  2.6506e-04
  9280  9.1359e-01  8.6406e-02  5.9605e-07  2.6506e-04
  9300  9.1359e-01  8.6411e-02  1.0133e-06  2.6506e-04
  9320  9.1358e-01  8.6419e-02  0.0000e+00  2.6506e-04
  9340  9.1358e-01  8.6422e-02  3.5763e-07  2.6506e-04
  9360  9.1357e-01  8.6430e-02  0.0000e+00  2.6464e-04
  9380  9.1357e-01  8.6435e-02  5.9605e-07  2.6429e-04
  9400  9.1356e-01  8.6438e-02  8.3447e-07  2.6333e-04
  9420  9.1356e-01  8.6443e-02  0.0000e+00  2.6214e-04
  9440  9.1355e-01  8.6449e-02  4.7684e-07  2.6095e-04
  9460  9.1355e-01  8.6454e-02  0.0000e+00  2.5976e-04
  9480  9.1354e-01  8.6462e-02  8.3447e-07  2.5856e-04
  9500  9.1353e-01  8.6467e-02  0.0000e+00  2.5737e-04
  9520  9.1353e-01  8.6470e-02  0.0000e+00  2.5618e-04
  9540  9.1353e-01  8.6475e-02  4.1723e-07  2.5499e-04
  9560  9.1352e-01  8.6481e-02  1.1921e-07  2.5380e-04
  9580  9.1352e-01  8.6484e-02  1.6689e-06  2.5260e-04
  9600  9.1351e-01  8.6487e-02  0.0000e+00  2.5141e-04
  9620  9.1351e-01  8.6491e-02  4.7684e-07  2.5022e-04
  9640  9.1350e-01  8.6501e-02  0.0000e+00  2.4903e-04
  9660  9.1349e-01  8.6509e-02  0.0000e+00  2.4784e-04
  9680  9.1349e-01  8.6514e-02  4.7684e-07  2.4664e-04
  9700  9.1348e-01  8.6517e-02  0.0000e+00  2.4545e-04
  9720  9.1348e-01  8.6520e-02  0.0000e+00  2.4426e-04
  9740  9.1348e-01  8.6523e-02  7.7486e-07  2.4307e-04
  9760  9.1347e-01  8.6530e-02  0.0000e+00  2.4188e-04
  9780  9.1347e-01  8.6533e-02  0.0000e+00  2.4068e-04
  9800  9.1346e-01  8.6538e-02  0.0000e+00  2.3949e-04
  9820  9.1346e-01  8.6543e-02  7.1526e-07  2.3949e-04
  9840  9.1345e-01  8.6547e-02  0.0000e+00  2.3949e-04
  9860  9.1345e-01  8.6551e-02  5.3644e-07  2.3949e-04
  9880  9.1344e-01  8.6556e-02  5.3644e-07  2.3949e-04
  9900  9.1344e-01  8.6561e-02  0.0000e+00  2.3949e-04
  9920  9.1343e-01  8.6568e-02  0.0000e+00  2.4021e-04
  9940  9.1342e-01  8.6576e-02  0.0000e+00  2.4140e-04
  9960  9.1342e-01  8.6579e-02  1.1325e-06  2.4259e-04
  9980  9.1342e-01  8.6583e-02  0.0000e+00  2.4378e-04
 10000  9.1341e-01  8.6586e-02  0.0000e+00  2.4498e-04
 10020  9.1341e-01  8.6593e-02  0.0000e+00  2.4617e-04
 10040  9.1340e-01  8.6598e-02  5.9605e-08  2.4736e-04
 10060  9.1340e-01  8.6600e-02  9.5367e-07  2.4855e-04
 10080  9.1340e-01  8.6602e-02  4.7684e-07  2.4956e-04
 10100  9.1339e-01  8.6605e-02  5.9605e-08  2.4956e-04
 10120  9.1339e-01  8.6608e-02  3.5763e-07  2.4956e-04
 10140  9.1339e-01  8.6615e-02  0.0000e+00  2.4956e-04
 10160  9.1338e-01  8.6617e-02  1.0729e-06  2.4956e-04
 10180  9.1338e-01  8.6624e-02  0.0000e+00  2.5046e-04
 10200  9.1337e-01  8.6627e-02  8.9407e-07  2.5165e-04
 10220  9.1337e-01  8.6634e-02  0.0000e+00  2.5165e-04
 10240  9.1336e-01  8.6636e-02  5.9605e-07  2.5165e-04
 10260  9.1336e-01  8.6640e-02  0.0000e+00  2.5165e-04
 10280  9.1336e-01  8.6643e-02  7.1526e-07  2.5165e-04
 10300  9.1335e-01  8.6647e-02  1.0133e-06  2.5165e-04
 10320  9.1335e-01  8.6653e-02  8.3447e-07  2.5165e-04
 10340  9.1334e-01  8.6656e-02  0.0000e+00  2.5165e-04
 10360  9.1334e-01  8.6657e-02  5.3644e-07  2.5165e-04
 10380  9.1334e-01  8.6662e-02  5.9605e-07  2.5165e-04
 10400  9.1333e-01  8.6666e-02  0.0000e+00  2.5165e-04
 10420  9.1333e-01  8.6672e-02  0.0000e+00  2.5165e-04
 10440  9.1332e-01  8.6676e-02  1.1325e-06  2.5165e-04
 10460  9.1332e-01  8.6679e-02  1.7881e-07  2.5165e-04
 10480  9.1332e-01  8.6683e-02  7.7486e-07  2.5165e-04
 10500  9.1331e-01  8.6687e-02  0.0000e+00  2.5165e-04
 10520  9.1331e-01  8.6690e-02  0.0000e+00  2.5165e-04
 10540  9.1331e-01  8.6693e-02  4.1723e-07  2.5165e-04
 10560  9.1330e-01  8.6698e-02  4.7684e-07  2.5165e-04
 10580  9.1330e-01  8.6704e-02  0.0000e+00  2.5165e-04
 10600  9.1329e-01  8.6708e-02  1.1921e-07  2.5165e-04
 10620  9.1329e-01  8.6714e-02  0.0000e+00  2.5165e-04
 10640  9.1328e-01  8.6719e-02  2.3842e-07  2.5165e-04
 10660  9.1328e-01  8.6722e-02  5.9605e-07  2.5165e-04
 10680  9.1327e-01  8.6727e-02  7.1526e-07  2.5165e-04
 10700  9.1327e-01  8.6734e-02  0.0000e+00  2.5165e-04
 10720  9.1326e-01  8.6739e-02  6.5565e-07  2.5165e-04
 10740  9.1326e-01  8.6744e-02  1.7881e-07  2.5165e-04
 10760  9.1325e-01  8.6747e-02  2.3842e-07  2.5165e-04
 10780  9.1325e-01  8.6751e-02  0.0000e+00  2.5165e-04
 10800  9.1325e-01  8.6753e-02  5.9605e-08  2.5165e-04
 10820  9.1324e-01  8.6756e-02  0.0000e+00  2.5165e-04
 10840  9.1324e-01  8.6761e-02  0.0000e+00  2.5165e-04
 10860  9.1323e-01  8.6765e-02  0.0000e+00  2.5165e-04
 10880  9.1323e-01  8.6767e-02  0.0000e+00  2.5165e-04
 10900  9.1323e-01  8.6773e-02  0.0000e+00  2.5165e-04
 10920  9.1322e-01  8.6778e-02  1.1325e-06  2.5094e-04
 10940  9.1322e-01  8.6782e-02  0.0000e+00  2.4885e-04
 10960  9.1321e-01  8.6786e-02  2.9802e-07  2.4647e-04
 10980  9.1321e-01  8.6790e-02  0.0000e+00  2.4408e-04
 11000  9.1321e-01  8.6795e-02  5.3644e-07  2.4182e-04
 11020  9.1320e-01  8.6799e-02  0.0000e+00  2.4033e-04
 11040  9.1320e-01  8.6802e-02  0.0000e+00  2.3794e-04
 11060  9.1319e-01  8.6806e-02  1.7881e-07  2.3556e-04
 11080  9.1319e-01  8.6809e-02  2.3842e-07  2.3335e-04
 11100  9.1319e-01  8.6813e-02  0.0000e+00  2.3216e-04
 11120  9.1318e-01  8.6816e-02  2.3842e-07  2.3097e-04
 11140  9.1318e-01  8.6820e-02  1.3709e-06  2.2990e-04
 11160  9.1318e-01  8.6823e-02  1.7881e-07  2.2870e-04
 11180  9.1317e-01  8.6827e-02  0.0000e+00  2.2662e-04
 11200  9.1314e-01  8.6863e-02  0.0000e+00  2.2423e-04
 11220  9.1313e-01  8.6866e-02  1.7881e-07  2.2423e-04
 11240  9.1313e-01  8.6870e-02  0.0000e+00  2.2423e-04
 11260  9.1313e-01  8.6873e-02  0.0000e+00  2.2423e-04
 11280  9.1312e-01  8.6878e-02  1.7881e-07  2.2423e-04
 11300  9.1311e-01  8.6887e-02  0.0000e+00  2.2423e-04
 11320  9.1311e-01  8.6889e-02  0.0000e+00  2.2423e-04
 11340  9.1311e-01  8.6892e-02  0.0000e+00  2.2423e-04
 11360  9.1310e-01  8.6897e-02  7.7486e-07  2.2423e-04
 11380  9.1309e-01  8.6905e-02  0.0000e+00  2.2423e-04
 11400  9.1309e-01  8.6911e-02  0.0000e+00  2.2423e-04
 11420  9.1308e-01  8.6915e-02  0.0000e+00  2.2423e-04
 11440  9.1308e-01  8.6919e-02  3.5763e-07  2.2423e-04
 11460  9.1308e-01  8.6924e-02  1.1325e-06  2.2423e-04
 11480  9.1307e-01  8.6928e-02  0.0000e+00  2.2423e-04
 11500  9.1307e-01  8.6933e-02  0.0000e+00  2.2423e-04
 11520  9.1306e-01  8.6935e-02  0.0000e+00  2.2423e-04
 11540  9.1306e-01  8.6940e-02  3.5763e-07  2.2423e-04
 11560  9.1306e-01  8.6945e-02  7.7486e-07  2.2423e-04
 11580  9.1305e-01  8.6949e-02  4.7684e-07  2.2423e-04
 11600  9.1305e-01  8.6953e-02  0.0000e+00  2.2423e-04
 11620  9.1304e-01  8.6958e-02  0.0000e+00  2.2423e-04
 11640  9.1304e-01  8.6962e-02  9.5367e-07  2.2423e-04
 11660  9.1303e-01  8.6969e-02  2.3842e-07  2.2423e-04
 11680  9.1303e-01  8.6973e-02  0.0000e+00  2.2423e-04
 11700  9.1302e-01  8.6975e-02  0.0000e+00  2.2423e-04
 11720  9.1302e-01  8.6977e-02  5.9605e-08  2.2423e-04
 11740  9.1302e-01  8.6980e-02  0.0000e+00  2.2423e-04
 11760  9.1301e-01  8.6985e-02  0.0000e+00  2.2423e-04
 11780  9.1301e-01  8.6990e-02  5.3644e-07  2.2423e-04
 11800  9.1301e-01  8.6992e-02  5.3644e-07  2.2423e-04
 11820  9.1300e-01  8.6996e-02  0.0000e+00  2.2423e-04
 11840  9.1300e-01  8.7001e-02  0.0000e+00  2.2423e-04
 11860  9.1300e-01  8.7003e-02  0.0000e+00  2.2423e-04
 11880  9.1299e-01  8.7008e-02  5.9605e-08  2.2423e-04
 11900  9.1299e-01  8.7012e-02  2.3842e-07  2.2423e-04
 11920  9.1299e-01  8.7015e-02  0.0000e+00  2.2423e-04
 11940  9.1298e-01  8.7018e-02  0.0000e+00  2.2513e-04
 11960  9.1298e-01  8.7022e-02  5.9605e-08  2.2632e-04
 11980  9.1298e-01  8.7024e-02  0.0000e+00  2.2751e-04
 12000  9.1297e-01  8.7025e-02  1.1921e-07  2.2858e-04
 12020  9.1297e-01  8.7029e-02  0.0000e+00  2.2888e-04
 12040  9.1297e-01  8.7031e-02  1.1921e-07  2.3007e-04
 12060  9.1296e-01  8.7036e-02  0.0000e+00  2.3127e-04
 12080  9.1296e-01  8.7039e-02  0.0000e+00  2.3246e-04
 12100  9.1296e-01  8.7042e-02  5.3644e-07  2.3365e-04
 12120  9.1295e-01  8.7045e-02  2.9802e-07  2.3484e-04
 12140  9.1295e-01  8.7049e-02  0.0000e+00  2.3592e-04
 12160  9.1295e-01  8.7053e-02  4.1723e-07  2.3711e-04
 12180  9.1294e-01  8.7057e-02  4.1723e-07  2.3830e-04
 12200  9.1294e-01  8.7060e-02  5.3644e-07  2.3949e-04
 12220  9.1294e-01  8.7063e-02  0.0000e+00  2.3830e-04
 12240  9.1293e-01  8.7066e-02  1.1921e-06  2.3711e-04
 12260  9.1293e-01  8.7071e-02  1.1921e-07  2.3592e-04
 12280  9.1292e-01  8.7076e-02  2.3842e-07  2.3472e-04
 12300  9.1292e-01  8.7081e-02  0.0000e+00  2.3353e-04
 12320  9.1291e-01  8.7086e-02  4.7684e-07  2.3234e-04
 12340  9.1291e-01  8.7089e-02  0.0000e+00  2.3115e-04
 12360  9.1291e-01  8.7094e-02  0.0000e+00  2.2995e-04
 12380  9.1290e-01  8.7098e-02  0.0000e+00  2.2876e-04
 12400  9.1290e-01  8.7100e-02  0.0000e+00  2.2757e-04
 12420  9.1290e-01  8.7102e-02  5.9605e-08  2.2638e-04
 12440  9.1289e-01  8.7105e-02  1.7881e-07  2.2519e-04
 12460  9.1289e-01  8.7108e-02  0.0000e+00  2.2399e-04
 12480  9.1289e-01  8.7111e-02  0.0000e+00  2.2280e-04
 12500  9.1289e-01  8.7114e-02  0.0000e+00  2.2161e-04
 12520  9.1288e-01  8.7116e-02  0.0000e+00  2.2042e-04
 12540  9.1288e-01  8.7120e-02  2.9802e-07  2.1923e-04
 12560  9.1288e-01  8.7123e-02  0.0000e+00  2.1803e-04
 12580  9.1287e-01  8.7127e-02  0.0000e+00  2.1684e-04
 12600  9.1287e-01  8.7130e-02  0.0000e+00  2.1565e-04
 12620  9.1287e-01  8.7134e-02  5.3644e-07  2.1446e-04
 12640  9.1286e-01  8.7137e-02  1.0729e-06  2.1327e-04
 12660  9.1286e-01  8.7143e-02  0.0000e+00  2.1207e-04
 12680  9.1285e-01  8.7146e-02  0.0000e+00  2.1088e-04
 12700  9.1285e-01  8.7150e-02  0.0000e+00  2.0969e-04
 12720  9.1285e-01  8.7152e-02  5.9605e-07  2.0850e-04
 12740  9.1284e-01  8.7155e-02  4.7684e-07  2.0730e-04
 12760  9.1284e-01  8.7159e-02  0.0000e+00  2.0611e-04
 12780  9.1284e-01  8.7160e-02  2.9802e-07  2.0492e-04
 12800  9.1284e-01  8.7163e-02  7.7486e-07  2.0373e-04
 12820  9.1283e-01  8.7166e-02  0.0000e+00  2.0254e-04
 12840  9.1283e-01  8.7169e-02  1.6093e-06  2.0134e-04
 12860  9.1283e-01  8.7172e-02  4.1723e-07  2.0015e-04
 12880  9.1282e-01  8.7176e-02  0.0000e+00  1.9896e-04
 12900  9.1282e-01  8.7179e-02  0.0000e+00  1.9777e-04
 12920  9.1282e-01  8.7183e-02  1.1325e-06  1.9658e-04
 12940  9.1281e-01  8.7188e-02  6.5565e-07  1.9538e-04
 12960  9.1281e-01  8.7191e-02  0.0000e+00  1.9419e-04
 12980  9.1281e-01  8.7194e-02  8.9407e-07  1.9300e-04
 13000  9.1280e-01  8.7197e-02  5.3644e-07  1.9181e-04
 13020  9.1280e-01  8.7200e-02  1.3113e-06  1.9062e-04
 13040  9.1280e-01  8.7202e-02  5.3644e-07  1.8942e-04
 13060  9.1279e-01  8.7206e-02  1.7881e-07  1.8823e-04
 13080  9.1279e-01  8.7207e-02  3.5763e-07  1.8704e-04
 13100  9.1279e-01  8.7211e-02  0.0000e+00  1.8585e-04
 13120  9.1278e-01  8.7216e-02  0.0000e+00  1.8466e-04
 13140  9.1278e-01  8.7219e-02  8.9407e-07  1.8346e-04
 13160  9.1278e-01  8.7222e-02  0.0000e+00  1.8227e-04
 13180  9.1278e-01  8.7224e-02  0.0000e+00  1.8108e-04
 13200  9.1277e-01  8.7229e-02  0.0000e+00  1.7989e-04
 13220  9.1277e-01  8.7232e-02  0.0000e+00  1.7989e-04
 13240  9.1276e-01  8.7236e-02  0.0000e+00  1.7989e-04
 13260  9.1276e-01  8.7240e-02  0.0000e+00  1.7989e-04
 13280  9.1276e-01  8.7243e-02  0.0000e+00  1.7989e-04
 13300  9.1275e-01  8.7246e-02  4.1723e-07  1.7989e-04
 13320  9.1275e-01  8.7247e-02  5.3644e-07  1.7989e-04
 13340  9.1275e-01  8.7251e-02  0.0000e+00  1.7989e-04
 13360  9.1275e-01  8.7253e-02  5.3644e-07  1.7989e-04
 13380  9.1274e-01  8.7257e-02  0.0000e+00  1.7989e-04
 13400  9.1274e-01  8.7261e-02  0.0000e+00  1.7989e-04
 13420  9.1274e-01  8.7264e-02  0.0000e+00  1.7989e-04
 13440  9.1273e-01  8.7267e-02  0.0000e+00  1.7989e-04
 13460  9.1273e-01  8.7269e-02  0.0000e+00  1.7989e-04
 13480  9.1273e-01  8.7273e-02  1.1325e-06  1.7989e-04
 13500  9.1272e-01  8.7276e-02  0.0000e+00  1.7989e-04
 13520  9.1272e-01  8.7279e-02  4.7684e-07  1.7989e-04
 13540  9.1272e-01  8.7283e-02  0.0000e+00  1.7989e-04
 13560  9.1271e-01  8.7286e-02  2.3842e-07  1.7989e-04
 13580  9.1271e-01  8.7288e-02  1.1921e-07  1.7989e-04
 13600  9.1271e-01  8.7292e-02  2.9802e-07  1.7989e-04
 13620  9.1270e-01  8.7297e-02  5.9605e-08  1.7989e-04
 13640  9.1270e-01  8.7300e-02  0.0000e+00  1.7989e-04
 13660  9.1270e-01  8.7303e-02  5.3644e-07  1.7989e-04
 13680  9.1269e-01  8.7305e-02  0.0000e+00  1.7989e-04
 13700  9.1269e-01  8.7309e-02  0.0000e+00  1.7989e-04
 13720  9.1269e-01  8.7310e-02  0.0000e+00  1.7989e-04
 13740  9.1269e-01  8.7314e-02  3.5763e-07  1.7989e-04
 13760  9.1268e-01  8.7315e-02  0.0000e+00  1.7989e-04
 13780  9.1268e-01  8.7319e-02  1.1921e-07  1.7989e-04
 13800  9.1268e-01  8.7322e-02  0.0000e+00  1.7989e-04
 13820  9.1268e-01  8.7323e-02  0.0000e+00  1.7989e-04
 13840  9.1267e-01  8.7326e-02  7.1526e-07  1.7989e-04
 13860  9.1267e-01  8.7330e-02  1.7881e-07  1.7989e-04
 13880  9.1267e-01  8.7331e-02  5.3644e-07  1.7989e-04
 13900  9.1267e-01  8.7334e-02  0.0000e+00  1.7989e-04
 13920  9.1266e-01  8.7336e-02  5.9605e-07  1.7989e-04
 13940  9.1266e-01  8.7339e-02  0.0000e+00  1.7989e-04
 13960  9.1266e-01  8.7343e-02  0.0000e+00  1.7989e-04
 13980  9.1265e-01  8.7346e-02  2.9802e-07  1.7989e-04
 14000  9.1265e-01  8.7349e-02  0.0000e+00  1.7989e-04
 14020  9.1265e-01  8.7352e-02  3.5763e-07  1.7989e-04
 14040  9.1265e-01  8.7354e-02  5.9605e-08  1.7989e-04
 14060  9.1264e-01  8.7356e-02  1.7881e-07  1.7989e-04
 14080  9.1264e-01  8.7360e-02  0.0000e+00  1.7989e-04
 14100  9.1264e-01  8.7361e-02  4.1723e-07  1.7989e-04
 14120  9.1263e-01  8.7367e-02  0.0000e+00  1.7989e-04
 14140  9.1263e-01  8.7370e-02  4.7684e-07  1.7989e-04
 14160  9.1263e-01  8.7373e-02  0.0000e+00  1.7989e-04
 14180  9.1262e-01  8.7375e-02  5.3644e-07  1.7989e-04
 14200  9.1262e-01  8.7378e-02  5.3644e-07  1.7989e-04
 14220  9.1262e-01  8.7382e-02  1.0133e-06  1.7989e-04
 14240  9.1262e-01  8.7383e-02  6.5565e-07  1.7965e-04
 14260  9.1262e-01  8.7385e-02  0.0000e+00  1.7846e-04
 14280  9.1261e-01  8.7387e-02  0.0000e+00  1.7726e-04
 14300  9.1261e-01  8.7391e-02  0.0000e+00  1.7607e-04
 14320  9.1261e-01  8.7394e-02  6.5565e-07  1.7488e-04
 14340  9.1260e-01  8.7395e-02  0.0000e+00  1.7369e-04
 14360  9.1260e-01  8.7398e-02  0.0000e+00  1.7250e-04
 14380  9.1260e-01  8.7401e-02  0.0000e+00  1.7130e-04
 14400  9.1260e-01  8.7404e-02  1.1921e-07  1.7011e-04
 14420  9.1259e-01  8.7406e-02  4.1723e-07  1.6892e-04
 14440  9.1259e-01  8.7407e-02  1.1921e-07  1.6773e-04
 14460  9.1259e-01  8.7410e-02  2.3842e-07  1.6654e-04
 14480  9.1259e-01  8.7414e-02  3.5763e-07  1.6534e-04
 14500  9.1258e-01  8.7416e-02  0.0000e+00  1.6415e-04
 14520  9.1258e-01  8.7420e-02  0.0000e+00  1.6296e-04
 14540  9.1258e-01  8.7422e-02  3.5763e-07  1.6177e-04
 14560  9.1258e-01  8.7425e-02  0.0000e+00  1.6057e-04
 14580  9.1257e-01  8.7427e-02  0.0000e+00  1.5938e-04
 14600  9.1257e-01  8.7430e-02  0.0000e+00  1.5819e-04
 14620  9.1257e-01  8.7433e-02  0.0000e+00  1.5700e-04
 14640  9.1256e-01  8.7435e-02  4.7684e-07  1.5581e-04
 14660  9.1256e-01  8.7437e-02  2.9802e-07  1.5461e-04
 14680  9.1256e-01  8.7440e-02  4.7684e-07  1.5342e-04
 14700  9.1256e-01  8.7441e-02  2.3842e-07  1.5223e-04
 14720  9.1256e-01  8.7442e-02  1.0133e-06  1.5104e-04
 14740  9.1255e-01  8.7446e-02  2.3842e-07  1.4985e-04
 14760  9.1255e-01  8.7450e-02  5.9605e-08  1.4865e-04
 14780  9.1255e-01  8.7453e-02  0.0000e+00  1.4746e-04
 14800  9.1255e-01  8.7455e-02  0.0000e+00  1.4627e-04
 14820  9.1254e-01  8.7459e-02  0.0000e+00  1.4508e-04
 14840  9.1254e-01  8.7462e-02  2.9802e-07  1.4389e-04
 14860  9.1254e-01  8.7464e-02  0.0000e+00  1.4269e-04
 14880  9.1253e-01  8.7466e-02  1.1921e-07  1.4150e-04
 14900  9.1253e-01  8.7467e-02  0.0000e+00  1.4031e-04
 14920  9.1253e-01  8.7469e-02  1.7881e-07  1.3912e-04
 14940  9.1253e-01  8.7470e-02  1.7881e-07  1.3793e-04
 14960  9.1253e-01  8.7473e-02  0.0000e+00  1.3673e-04
 14980  9.1252e-01  8.7476e-02  0.0000e+00  1.3554e-04
 15000  9.1252e-01  8.7477e-02  0.0000e+00  1.3435e-04
 15020  9.1252e-01  8.7479e-02  4.1723e-07  1.3316e-04
 15040  9.1252e-01  8.7482e-02  3.5763e-07  1.3196e-04
 15060  9.1251e-01  8.7486e-02  0.0000e+00  1.3077e-04
 15080  9.1251e-01  8.7490e-02  3.5763e-07  1.2958e-04
 15100  9.1251e-01  8.7491e-02  6.5565e-07  1.2839e-04
 15120  9.1251e-01  8.7492e-02  0.0000e+00  1.2720e-04
 15140  9.1251e-01  8.7493e-02  0.0000e+00  1.2600e-04
 15160  9.1250e-01  8.7496e-02  1.7881e-07  1.2481e-04
 15180  9.1250e-01  8.7498e-02  5.9605e-08  1.2362e-04
 15200  9.1250e-01  8.7501e-02  1.7881e-07  1.2243e-04
 15220  9.1250e-01  8.7504e-02  5.9605e-08  1.2124e-04
 15240  9.1249e-01  8.7507e-02  0.0000e+00  1.2028e-04
 15260  9.1249e-01  8.7511e-02  0.0000e+00  1.2028e-04
 15280  9.1249e-01  8.7514e-02  5.3644e-07  1.2028e-04
 15300  9.1248e-01  8.7517e-02  5.9605e-08  1.2028e-04
 15320  9.1248e-01  8.7518e-02  0.0000e+00  1.2028e-04
 15340  9.1248e-01  8.7520e-02  7.1526e-07  1.2028e-04
 15360  9.1248e-01  8.7523e-02  0.0000e+00  1.2028e-04
 15380  9.1247e-01  8.7525e-02  1.1921e-07  1.2028e-04
 15400  9.1247e-01  8.7527e-02  1.7881e-07  1.2028e-04
 15420  9.1247e-01  8.7529e-02  0.0000e+00  1.2028e-04
 15440  9.1247e-01  8.7530e-02  0.0000e+00  1.2028e-04
 15460  9.1247e-01  8.7531e-02  4.1723e-07  1.2028e-04
 15480  9.1247e-01  8.7534e-02  0.0000e+00  1.2028e-04
 15500  9.1246e-01  8.7536e-02  5.9605e-08  1.2028e-04
 15520  9.1246e-01  8.7539e-02  0.0000e+00  1.2028e-04
 15540  9.1246e-01  8.7542e-02  0.0000e+00  1.2028e-04
 15560  9.1245e-01  8.7545e-02  0.0000e+00  1.2028e-04
 15580  9.1245e-01  8.7548e-02  0.0000e+00  1.2028e-04
 15600  9.1245e-01  8.7552e-02  0.0000e+00  1.2028e-04
 15620  9.1245e-01  8.7554e-02  0.0000e+00  1.2028e-04
 15640  9.1244e-01  8.7558e-02  1.1921e-07  1.2028e-04
 15660  9.1244e-01  8.7560e-02  0.0000e+00  1.2028e-04
 15680  9.1244e-01  8.7562e-02  5.3644e-07  1.2028e-04
 15700  9.1244e-01  8.7565e-02  2.9802e-07  1.2028e-04
 15720  9.1243e-01  8.7566e-02  1.1921e-07  1.2028e-04
 15740  9.1243e-01  8.7569e-02  0.0000e+00  1.2028e-04
 15760  9.1243e-01  8.7572e-02  4.1723e-07  1.2028e-04
 15780  9.1243e-01  8.7574e-02  0.0000e+00  1.2028e-04
 15800  9.1240e-01  8.7600e-02  0.0000e+00  1.2028e-04
 15820  9.1240e-01  8.7604e-02  0.0000e+00  1.2028e-04
 15840  9.1239e-01  8.7607e-02  2.3842e-07  1.2028e-04
 15860  9.1239e-01  8.7609e-02  0.0000e+00  1.2028e-04
 15880  9.1239e-01  8.7613e-02  4.7684e-07  1.2028e-04
 15900  9.1238e-01  8.7616e-02  0.0000e+00  1.2076e-04
 15920  9.1238e-01  8.7618e-02  5.3644e-07  1.2165e-04
 15940  9.1238e-01  8.7619e-02  0.0000e+00  1.2231e-04
 15960  9.1238e-01  8.7621e-02  4.7684e-07  1.2296e-04
 15980  9.1238e-01  8.7623e-02  2.3842e-07  1.2296e-04
 16000  9.1237e-01  8.7626e-02  0.0000e+00  1.2296e-04
 16020  9.1237e-01  8.7628e-02  5.3644e-07  1.2392e-04
 16040  9.1237e-01  8.7631e-02  0.0000e+00  1.2434e-04
 16060  9.1237e-01  8.7632e-02  1.4305e-06  1.2451e-04
 16080  9.1236e-01  8.7636e-02  0.0000e+00  1.2451e-04
 16100  9.1236e-01  8.7638e-02  5.9605e-08  1.2451e-04
 16120  9.1236e-01  8.7640e-02  3.5763e-07  1.2451e-04
 16140  9.1236e-01  8.7645e-02  0.0000e+00  1.2541e-04
 16160  9.1235e-01  8.7648e-02  0.0000e+00  1.2660e-04
 16180  9.1235e-01  8.7651e-02  2.3842e-07  1.2779e-04
 16200  9.1235e-01  8.7655e-02  0.0000e+00  1.2898e-04
 16220  9.1234e-01  8.7658e-02  2.9802e-07  1.3018e-04
 16240  9.1234e-01  8.7661e-02  4.7684e-07  1.3137e-04
 16260  9.1234e-01  8.7663e-02  5.9605e-08  1.3256e-04
 16280  9.1233e-01  8.7666e-02  0.0000e+00  1.3375e-04
 16300  9.1233e-01  8.7670e-02  1.7881e-07  1.3494e-04
 16320  9.1233e-01  8.7672e-02  2.9802e-07  1.3614e-04
 16340  9.1232e-01  8.7675e-02  0.0000e+00  1.3733e-04
 16360  9.1232e-01  8.7677e-02  5.3644e-07  1.3852e-04
 16380  9.1232e-01  8.7681e-02  1.7881e-07  1.3971e-04
 16400  9.1232e-01  8.7683e-02  3.5763e-07  1.4091e-04
 16420  9.1231e-01  8.7686e-02  1.1921e-07  1.4210e-04
 16440  9.1231e-01  8.7689e-02  0.0000e+00  1.4329e-04
 16460  9.1231e-01  8.7691e-02  0.0000e+00  1.4448e-04
 16480  9.1231e-01  8.7694e-02  2.3842e-07  1.4567e-04
 16500  9.1230e-01  8.7697e-02  4.7684e-07  1.4687e-04
 16520  9.1230e-01  8.7698e-02  1.1921e-07  1.4806e-04
 16540  9.1230e-01  8.7701e-02  1.1921e-07  1.4925e-04
 16560  9.1230e-01  8.7702e-02  1.1921e-07  1.5044e-04
 16580  9.1230e-01  8.7705e-02  5.9605e-08  1.5163e-04
 16600  9.1229e-01  8.7708e-02  0.0000e+00  1.5283e-04
 16620  9.1229e-01  8.7709e-02  3.5763e-07  1.5402e-04
 16640  9.1229e-01  8.7711e-02  5.9605e-08  1.5521e-04
 16660  9.1229e-01  8.7713e-02  0.0000e+00  1.5640e-04
 16680  9.1229e-01  8.7714e-02  0.0000e+00  1.5759e-04
 16700  9.1228e-01  8.7716e-02  3.5763e-07  1.5879e-04
 16720  9.1228e-01  8.7718e-02  0.0000e+00  1.5998e-04
 16740  9.1228e-01  8.7720e-02  4.1723e-07  1.6117e-04
 16760  9.1228e-01  8.7722e-02  5.9605e-08  1.6236e-04
 16780  9.1228e-01  8.7722e-02  4.7684e-07  1.6338e-04
 16800  9.1228e-01  8.7725e-02  0.0000e+00  1.6338e-04
 16820  9.1227e-01  8.7726e-02  1.7881e-07  1.6338e-04
 16840  9.1227e-01  8.7727e-02  0.0000e+00  1.6338e-04
 16860  9.1227e-01  8.7730e-02  0.0000e+00  1.6338e-04
 16880  9.1227e-01  8.7732e-02  0.0000e+00  1.6338e-04
 16900  9.1227e-01  8.7734e-02  5.9605e-07  1.6290e-04
 16920  9.1226e-01  8.7735e-02  1.1921e-07  1.6201e-04
 16940  9.1226e-01  8.7738e-02  4.1723e-07  1.6135e-04
 16960  9.1226e-01  8.7740e-02  0.0000e+00  1.6069e-04
 16980  9.1226e-01  8.7743e-02  0.0000e+00  1.6069e-04
 17000  9.1226e-01  8.7744e-02  5.9605e-08  1.6069e-04
 17020  9.1225e-01  8.7748e-02  0.0000e+00  1.5974e-04
 17040  9.1225e-01  8.7751e-02  2.3842e-07  1.5932e-04
 17060  9.1225e-01  8.7754e-02  0.0000e+00  1.5914e-04
 17080  9.1224e-01  8.7756e-02  3.5763e-07  1.5914e-04
 17100  9.1224e-01  8.7759e-02  0.0000e+00  1.5914e-04
 17120  9.1224e-01  8.7762e-02  0.0000e+00  1.5914e-04
 17140  9.1224e-01  8.7764e-02  0.0000e+00  1.5825e-04
 17160  9.1223e-01  8.7766e-02  4.1723e-07  1.5706e-04
 17180  9.1223e-01  8.7768e-02  0.0000e+00  1.5587e-04
 17200  9.1223e-01  8.7772e-02  0.0000e+00  1.5467e-04
 17220  9.1223e-01  8.7774e-02  1.1921e-07  1.5348e-04
 17240  9.1222e-01  8.7776e-02  0.0000e+00  1.5229e-04
 17260  9.1222e-01  8.7778e-02  2.9802e-07  1.5110e-04
 17280  9.1222e-01  8.7780e-02  0.0000e+00  1.4991e-04
 17300  9.1222e-01  8.7782e-02  0.0000e+00  1.4871e-04
 17320  9.1222e-01  8.7783e-02  1.1921e-07  1.4752e-04
 17340  9.1222e-01  8.7784e-02  1.7881e-07  1.4633e-04
 17360  9.1221e-01  8.7786e-02  1.1921e-07  1.4514e-04
 17380  9.1221e-01  8.7789e-02  0.0000e+00  1.4395e-04
 17400  9.1221e-01  8.7791e-02  4.1723e-07  1.4275e-04
 17420  9.1221e-01  8.7793e-02  3.5763e-07  1.4156e-04
 17440  9.1221e-01  8.7794e-02  1.7881e-07  1.4037e-04
 17460  9.1220e-01  8.7796e-02  0.0000e+00  1.3918e-04
 17480  9.1220e-01  8.7799e-02  5.9605e-08  1.3798e-04
 17500  9.1220e-01  8.7801e-02  4.1723e-07  1.3679e-04
 17520  9.1220e-01  8.7802e-02  0.0000e+00  1.3560e-04
 17540  9.1220e-01  8.7803e-02  1.1921e-07  1.3441e-04
 17560  9.1219e-01  8.7807e-02  0.0000e+00  1.3322e-04
 17580  9.1219e-01  8.7808e-02  5.3644e-07  1.3202e-04
 17600  9.1219e-01  8.7810e-02  5.9605e-08  1.3083e-04
 17620  9.1219e-01  8.7811e-02  0.0000e+00  1.2964e-04
 17640  9.1219e-01  8.7813e-02  0.0000e+00  1.2845e-04
 17660  9.1219e-01  8.7814e-02  0.0000e+00  1.2726e-04
 17680  9.1218e-01  8.7817e-02  0.0000e+00  1.2606e-04
 17700  9.1218e-01  8.7818e-02  0.0000e+00  1.2487e-04
 17720  9.1218e-01  8.7820e-02  9.5367e-07  1.2368e-04
 17740  9.1218e-01  8.7821e-02  5.9605e-08  1.2249e-04
 17760  9.1218e-01  8.7822e-02  0.0000e+00  1.2130e-04
 17780  9.1218e-01  8.7824e-02  1.1921e-07  1.2028e-04
 17800  9.1217e-01  8.7826e-02  5.9605e-08  1.2028e-04
 17820  9.1217e-01  8.7827e-02  0.0000e+00  1.2028e-04
 17840  9.1217e-01  8.7831e-02  2.3842e-07  1.2028e-04
 17860  9.1217e-01  8.7831e-02  5.9605e-08  1.2028e-04
 17880  9.1217e-01  8.7833e-02  5.9605e-08  1.2028e-04
 17900  9.1217e-01  8.7835e-02  8.3447e-07  1.2028e-04
 17920  9.1216e-01  8.7837e-02  0.0000e+00  1.2028e-04
 17940  9.1216e-01  8.7839e-02  2.3842e-07  1.2028e-04
 17960  9.1216e-01  8.7842e-02  0.0000e+00  1.2028e-04
 17980  9.1215e-01  8.7846e-02  0.0000e+00  1.2028e-04
 18000  9.1215e-01  8.7849e-02  0.0000e+00  1.2028e-04
 18020  9.1215e-01  8.7850e-02  0.0000e+00  1.2028e-04
 18040  9.1215e-01  8.7852e-02  1.1921e-07  1.2028e-04
 18060  9.1215e-01  8.7855e-02  0.0000e+00  1.2028e-04
 18080  9.1214e-01  8.7856e-02  2.9802e-07  1.2028e-04
 18100  9.1214e-01  8.7859e-02  2.9802e-07  1.2028e-04
 18120  9.1214e-01  8.7861e-02  5.3644e-07  1.2028e-04
 18140  9.1214e-01  8.7863e-02  0.0000e+00  1.2028e-04
 18160  9.1214e-01  8.7864e-02  0.0000e+00  1.2028e-04
 18180  9.1213e-01  8.7866e-02  5.9605e-08  1.2028e-04
 18200  9.1213e-01  8.7867e-02  5.9605e-07  1.2028e-04
 18220  9.1213e-01  8.7868e-02  5.9605e-08  1.2028e-04
 18240  9.1213e-01  8.7871e-02  0.0000e+00  1.2028e-04
 18260  9.1213e-01  8.7873e-02  1.7881e-07  1.2028e-04
 18280  9.1213e-01  8.7874e-02  1.1921e-07  1.2028e-04
 18300  9.1212e-01  8.7877e-02  0.0000e+00  1.2028e-04
 18320  9.1212e-01  8.7879e-02  0.0000e+00  1.2028e-04
 18340  9.1212e-01  8.7881e-02  4.1723e-07  1.2028e-04
 18360  9.1212e-01  8.7882e-02  2.9802e-07  1.2028e-04
 18380  9.1212e-01  8.7884e-02  0.0000e+00  1.2028e-04
 18400  9.1211e-01  8.7886e-02  4.1723e-07  1.2028e-04
 18420  9.1211e-01  8.7888e-02  0.0000e+00  1.2028e-04
 18440  9.1211e-01  8.7889e-02  0.0000e+00  1.2028e-04
 18460  9.1211e-01  8.7890e-02  4.1723e-07  1.2028e-04
 18480  9.1211e-01  8.7891e-02  0.0000e+00  1.2028e-04
 18500  9.1211e-01  8.7892e-02  3.5763e-07  1.2028e-04
 18520  9.1211e-01  8.7893e-02  7.1526e-07  1.2028e-04
 18540  9.1211e-01  8.7895e-02  3.5763e-07  1.2028e-04
 18560  9.1210e-01  8.7896e-02  0.0000e+00  1.2028e-04
 18580  9.1210e-01  8.7897e-02  0.0000e+00  1.1939e-04
 18600  9.1210e-01  8.7898e-02  5.9605e-08  1.1832e-04
 18620  9.1210e-01  8.7899e-02  0.0000e+00  1.1712e-04
 18640  9.1210e-01  8.7900e-02  0.0000e+00  1.1593e-04
 18660  9.1210e-01  8.7901e-02  6.5565e-07  1.1474e-04
 18680  9.1210e-01  8.7903e-02  0.0000e+00  1.1355e-04
 18700  9.1210e-01  8.7904e-02  0.0000e+00  1.1235e-04
 18720  9.1209e-01  8.7906e-02  5.9605e-08  1.1116e-04
 18740  9.1209e-01  8.7907e-02  0.0000e+00  1.0997e-04
 18760  9.1209e-01  8.7910e-02  2.9802e-07  1.0878e-04
 18780  9.1209e-01  8.7912e-02  0.0000e+00  1.0759e-04
 18800  9.1209e-01  8.7914e-02  1.1921e-07  1.0639e-04
 18820  9.1208e-01  8.7916e-02  4.7684e-07  1.0520e-04
 18840  9.1208e-01  8.7918e-02  1.1921e-07  1.0401e-04
 18860  9.1208e-01  8.7919e-02  0.0000e+00  1.0282e-04
 18880  9.1208e-01  8.7921e-02  4.7684e-07  1.0163e-04
 18900  9.1208e-01  8.7923e-02  0.0000e+00  1.0043e-04
 18907  9.1208e-01  0.0000e+00  8.7924e-02  0.0000e+00  9.9957e-05
# Std.corr:  FIRST=   0.05748492   LAST=   0.08792395  TIME=  39244 s
