# imodfit> Score file
# Iter       Score cross.corr. Delta_Score D_Score_Avg
     0  9.3160e-01  6.8404e-02
    20  9.3157e-01  6.8432e-02  0.0000e+00  4.5650e-41
    40  9.3155e-01  6.8452e-02  0.0000e+00  4.5650e-41
    60  9.3153e-01  6.8467e-02  0.0000e+00  4.5650e-41
    80  9.3151e-01  6.8485e-02  0.0000e+00  4.5650e-41
   100  9.3150e-01  6.8496e-02  3.6955e-06  4.5650e-41
   120  9.3148e-01  6.8517e-02  1.4305e-06  4.5650e-41
   140  9.3143e-01  6.8575e-02  8.9407e-07  4.5650e-41
   160  9.3139e-01  6.8605e-02  3.2783e-06  4.5650e-41
   180  9.3136e-01  6.8644e-02  0.0000e+00  4.5650e-41
   200  9.1045e-01  8.9545e-02  0.0000e+00  4.5650e-41
   220  9.1043e-01  8.9568e-02  1.1683e-05  4.5650e-41
   240  9.1041e-01  8.9590e-02  0.0000e+00  4.5650e-41
   260  9.1038e-01  8.9620e-02  0.0000e+00  4.5650e-41
   280  9.1034e-01  8.9656e-02  7.6890e-06  4.5650e-41
   300  9.1032e-01  8.9684e-02  4.6492e-06  4.5650e-41
   320  9.1030e-01  8.9696e-02  0.0000e+00  4.5650e-41
   340  9.1027e-01  8.9726e-02  0.0000e+00  4.5650e-41
   360  9.1025e-01  8.9747e-02  6.8545e-06  4.5650e-41
   380  9.1023e-01  8.9774e-02  0.0000e+00  4.5650e-41
   400  9.0421e-01  9.5790e-02  0.0000e+00  4.5650e-41
   420  9.0410e-01  9.5904e-02  1.1683e-05  4.5650e-41
   440  9.0405e-01  9.5949e-02  0.0000e+00  4.5650e-41
   460  9.0400e-01  9.6001e-02  0.0000e+00  4.5650e-41
   480  9.0394e-01  9.6063e-02  5.9009e-06  4.5650e-41
   500  9.0390e-01  9.6098e-02  8.3447e-07  4.5650e-41
   520  9.0386e-01  9.6137e-02  0.0000e+00  4.5650e-41
   540  9.0383e-01  9.6172e-02  0.0000e+00  4.5650e-41
   560  9.0380e-01  9.6199e-02  0.0000e+00  4.5650e-41
   580  9.0378e-01  9.6219e-02  0.0000e+00  4.5650e-41
   600  9.0367e-01  9.6332e-02  0.0000e+00  4.5650e-41
   620  9.0360e-01  9.6397e-02  1.0729e-06  4.5650e-41
   640  9.0356e-01  9.6436e-02  2.2054e-06  4.5650e-41
   660  9.0351e-01  9.6486e-02  0.0000e+00  4.5650e-41
   680  9.0347e-01  9.6531e-02  5.6028e-06  4.5650e-41
   700  9.0344e-01  9.6561e-02  0.0000e+00  4.5650e-41
   720  9.0341e-01  9.6586e-02  0.0000e+00  4.5650e-41
   740  9.0338e-01  9.6621e-02  8.5831e-06  4.5650e-41
   760  9.0334e-01  9.6661e-02  7.1526e-07  4.5650e-41
   780  9.0331e-01  9.6689e-02  2.9206e-06  4.5650e-41
   800  9.0318e-01  9.6821e-02  3.7551e-06  4.5650e-41
   820  9.0311e-01  9.6891e-02  0.0000e+00  4.5650e-41
   840  9.0308e-01  9.6921e-02  6.5565e-07  4.5650e-41
   860  9.0303e-01  9.6975e-02  1.1921e-07  4.5650e-41
   880  9.0301e-01  9.6995e-02  4.7684e-07  4.5650e-41
   900  9.0298e-01  9.7022e-02  0.0000e+00  4.5650e-41
   920  9.0295e-01  9.7046e-02  0.0000e+00  4.5650e-41
   940  9.0294e-01  9.7063e-02  2.2054e-06  4.5650e-41
   960  9.0289e-01  9.7106e-02  0.0000e+00  4.5650e-41
   980  9.0285e-01  9.7152e-02  1.4305e-06  4.5650e-41
  1000  9.0273e-01  9.7269e-02  0.0000e+00  4.5650e-41
  1020  9.0269e-01  9.7307e-02  0.0000e+00  4.5650e-41
  1040  9.0267e-01  9.7327e-02  3.3975e-06  4.5650e-41
  1060  9.0264e-01  9.7358e-02  0.0000e+00  4.5650e-41
  1080  9.0261e-01  9.7392e-02  2.8610e-06  4.5650e-41
  1100  9.0258e-01  9.7421e-02  0.0000e+00  4.5650e-41
  1120  9.0256e-01  9.7435e-02  3.6359e-06  4.5650e-41
  1140  9.0254e-01  9.7459e-02  0.0000e+00  4.5650e-41
  1160  9.0252e-01  9.7483e-02  0.0000e+00  4.5650e-41
  1180  9.0249e-01  9.7511e-02  5.9605e-08  4.5650e-41
  1200  9.0239e-01  9.7611e-02  3.5763e-07  4.5650e-41
  1220  9.0236e-01  9.7638e-02  1.3709e-06  4.5650e-41
  1240  9.0232e-01  9.7684e-02  0.0000e+00  4.5650e-41
  1260  9.0230e-01  9.7697e-02  7.7486e-07  4.5650e-41
  1280  9.0227e-01  9.7733e-02  4.3511e-06  4.5650e-41
  1300  9.0223e-01  9.7769e-02  0.0000e+00  4.5650e-41
  1320  9.0221e-01  9.7787e-02  7.7486e-07  4.5650e-41
  1340  9.0218e-01  9.7820e-02  7.8082e-06  4.5650e-41
  1360  9.0216e-01  9.7837e-02  0.0000e+00  4.5650e-41
  1380  9.0215e-01  9.7852e-02  0.0000e+00  4.5650e-41
  1400  9.0213e-01  9.7875e-02  0.0000e+00  4.5650e-41
  1420  9.0210e-01  9.7901e-02  0.0000e+00  4.5650e-41
  1440  9.0206e-01  9.7936e-02  0.0000e+00  4.5650e-41
  1460  9.0203e-01  9.7966e-02  0.0000e+00  4.5650e-41
  1480  9.0202e-01  9.7976e-02  3.6955e-06  4.5650e-41
  1500  9.0201e-01  9.7995e-02  5.3644e-07  4.5650e-41
  1520  9.0198e-01  9.8022e-02  0.0000e+00  4.5650e-41
  1540  9.0197e-01  9.8031e-02  0.0000e+00  4.5650e-41
  1560  9.0195e-01  9.8051e-02  0.0000e+00  4.5650e-41
  1580  9.0193e-01  9.8074e-02  4.4107e-06  4.5650e-41
  1600  9.0174e-01  9.8256e-02  0.0000e+00  4.5650e-41
  1620  9.0173e-01  9.8270e-02  3.7551e-06  4.5650e-41
  1640  9.0169e-01  9.8310e-02  0.0000e+00  4.5650e-41
  1660  9.0167e-01  9.8330e-02  3.8147e-06  4.5650e-41
  1680  9.0163e-01  9.8365e-02  0.0000e+00  4.5650e-41
  1700  9.0161e-01  9.8393e-02  1.1325e-06  4.5650e-41
  1720  9.0158e-01  9.8420e-02  0.0000e+00  4.5650e-41
  1740  9.0157e-01  9.8435e-02  0.0000e+00  4.5650e-41
  1760  9.0154e-01  9.8463e-02  0.0000e+00  4.5650e-41
  1780  9.0153e-01  9.8475e-02  4.7684e-07  4.5650e-41
  1800  9.0141e-01  9.8592e-02  0.0000e+00  4.5650e-41
  1820  9.0139e-01  9.8606e-02  0.0000e+00  4.5650e-41
  1840  9.0138e-01  9.8621e-02  0.0000e+00  4.5650e-41
  1860  9.0136e-01  9.8644e-02  0.0000e+00  4.5650e-41
  1880  9.0134e-01  9.8662e-02  1.7881e-06  4.5650e-41
  1900  9.0132e-01  9.8682e-02  9.5367e-07  4.5650e-41
  1920  9.0130e-01  9.8701e-02  0.0000e+00  4.5650e-41
  1940  9.0129e-01  9.8713e-02  3.9339e-06  4.5650e-41
  1960  9.0127e-01  9.8726e-02  0.0000e+00  4.5650e-41
  1980  9.0125e-01  9.8749e-02  0.0000e+00  4.5650e-41
  2000  9.0122e-01  9.8776e-02  0.0000e+00  4.5650e-41
  2020  9.0120e-01  9.8796e-02  1.4901e-06  7.9296e-03
  2040  9.0119e-01  9.8805e-02  0.0000e+00  7.3823e-03
  2060  9.0117e-01  9.8825e-02  0.0000e+00  6.8343e-03
  2080  9.0117e-01  9.8832e-02  0.0000e+00  6.2850e-03
  2100  9.0115e-01  9.8848e-02  2.3246e-06  5.7355e-03
  2120  9.0114e-01  9.8859e-02  0.0000e+00  5.1859e-03
  2140  9.0112e-01  9.8876e-02  0.0000e+00  4.6363e-03
  2160  9.0111e-01  9.8891e-02  0.0000e+00  4.0873e-03
  2180  9.0109e-01  9.8908e-02  3.5763e-07  3.5384e-03
  2200  9.0095e-01  9.9046e-02  0.0000e+00  2.9888e-03
  2220  9.0093e-01  9.9066e-02  1.1325e-06  2.8565e-03
  2240  9.0092e-01  9.9081e-02  2.6226e-06  2.7231e-03
  2260  9.0090e-01  9.9096e-02  0.0000e+00  2.5884e-03
  2280  9.0088e-01  9.9118e-02  0.0000e+00  2.4540e-03
  2300  9.0087e-01  9.9133e-02  2.0862e-06  2.3193e-03
  2320  9.0085e-01  9.9147e-02  0.0000e+00  2.1846e-03
  2340  9.0084e-01  9.9161e-02  0.0000e+00  2.0499e-03
  2360  9.0083e-01  9.9174e-02  1.6093e-06  1.9144e-03
  2380  9.0081e-01  9.9192e-02  7.1526e-07  1.7788e-03
  2400  9.0078e-01  9.9223e-02  0.0000e+00  1.6447e-03
  2420  9.0076e-01  9.9236e-02  0.0000e+00  1.6305e-03
  2440  9.0075e-01  9.9252e-02  0.0000e+00  1.6164e-03
  2460  9.0074e-01  9.9259e-02  6.5565e-07  1.6032e-03
  2480  9.0072e-01  9.9275e-02  0.0000e+00  1.5907e-03
  2500  9.0071e-01  9.9288e-02  3.3975e-06  1.5787e-03
  2520  9.0070e-01  9.9298e-02  0.0000e+00  1.5664e-03
  2540  9.0068e-01  9.9322e-02  0.0000e+00  1.5545e-03
  2560  9.0067e-01  9.9331e-02  0.0000e+00  1.5436e-03
  2580  9.0065e-01  9.9345e-02  0.0000e+00  1.5317e-03
  2600  9.0051e-01  9.9493e-02  0.0000e+00  1.5197e-03
  2620  9.0050e-01  9.9503e-02  1.1325e-06  1.5067e-03
  2640  9.0048e-01  9.9520e-02  8.3447e-07  1.4942e-03
  2660  9.0047e-01  9.9534e-02  4.7684e-07  1.4811e-03
  2680  9.0045e-01  9.9547e-02  0.0000e+00  1.4679e-03
  2700  9.0044e-01  9.9562e-02  0.0000e+00  1.4548e-03
  2720  9.0042e-01  9.9580e-02  0.0000e+00  1.4417e-03
  2740  9.0041e-01  9.9592e-02  0.0000e+00  1.4275e-03
  2760  9.0040e-01  9.9604e-02  1.9670e-06  1.4144e-03
  2780  9.0038e-01  9.9618e-02  0.0000e+00  1.4012e-03
  2800  9.0038e-01  9.9625e-02  0.0000e+00  1.3881e-03
  2820  9.0036e-01  9.9636e-02  1.7881e-07  1.3734e-03
  2840  9.0035e-01  9.9654e-02  0.0000e+00  1.3593e-03
  2860  9.0033e-01  9.9669e-02  1.2517e-06  1.3458e-03
  2880  9.0032e-01  9.9678e-02  1.9670e-06  1.3326e-03
  2900  9.0031e-01  9.9694e-02  0.0000e+00  1.3195e-03
  2920  9.0030e-01  9.9699e-02  2.3842e-07  1.3064e-03
  2940  9.0029e-01  9.9712e-02  1.4901e-06  1.2933e-03
  2960  9.0028e-01  9.9723e-02  0.0000e+00  1.2807e-03
  2980  9.0026e-01  9.9738e-02  0.0000e+00  1.2688e-03
  3000  9.0025e-01  9.9747e-02  0.0000e+00  1.2562e-03
  3020  9.0024e-01  9.9756e-02  0.0000e+00  1.2454e-03
  3040  9.0024e-01  9.9762e-02  8.9407e-07  1.2347e-03
  3060  9.0023e-01  9.9770e-02  4.1723e-07  1.2240e-03
  3080  9.0022e-01  9.9778e-02  1.3709e-06  1.2142e-03
  3100  9.0021e-01  9.9785e-02  5.9605e-07  1.2047e-03
  3120  9.0020e-01  9.9797e-02  0.0000e+00  1.1951e-03
  3140  9.0020e-01  9.9804e-02  0.0000e+00  1.1856e-03
  3160  9.0019e-01  9.9814e-02  1.4901e-06  1.1753e-03
  3180  9.0018e-01  9.9820e-02  0.0000e+00  1.1650e-03
  3200  9.0018e-01  9.9823e-02  8.3447e-07  1.1555e-03
  3220  9.0017e-01  9.9832e-02  5.9605e-08  1.1424e-03
  3240  9.0016e-01  9.9843e-02  0.0000e+00  1.1294e-03
  3260  9.0015e-01  9.9853e-02  0.0000e+00  1.1175e-03
  3280  9.0014e-01  9.9862e-02  0.0000e+00  1.1055e-03
  3300  9.0013e-01  9.9871e-02  3.5763e-07  1.0924e-03
  3320  9.0012e-01  9.9881e-02  8.9407e-07  1.0793e-03
  3340  9.0012e-01  9.9883e-02  1.6689e-06  1.0663e-03
  3360  9.0011e-01  9.9891e-02  0.0000e+00  1.0539e-03
  3380  9.0010e-01  9.9902e-02  1.0729e-06  1.0417e-03
  3400  8.9995e-01  1.0005e-01  0.0000e+00  1.0290e-03
  3420  8.9993e-01  1.0007e-01  1.3709e-06  1.0189e-03
  3440  8.9992e-01  1.0008e-01  0.0000e+00  1.0093e-03
  3460  8.9991e-01  1.0009e-01  1.7881e-07  9.9981e-04
  3480  8.9990e-01  1.0010e-01  0.0000e+00  9.9027e-04
  3500  8.9988e-01  1.0012e-01  1.1921e-07  9.8073e-04
  3520  8.9988e-01  1.0012e-01  5.3644e-07  9.7162e-04
  3540  8.9987e-01  1.0013e-01  0.0000e+00  9.6256e-04
  3560  8.9986e-01  1.0014e-01  5.3644e-07  9.5326e-04
  3580  8.9985e-01  1.0015e-01  0.0000e+00  9.4491e-04
  3600  8.9984e-01  1.0016e-01  0.0000e+00  9.3579e-04
  3620  8.9983e-01  1.0017e-01  1.0729e-06  9.2387e-04
  3640  8.9982e-01  1.0018e-01  0.0000e+00  9.1249e-04
  3660  8.9981e-01  1.0019e-01  0.0000e+00  9.0176e-04
  3680  8.9980e-01  1.0020e-01  4.7684e-07  8.9103e-04
  3700  8.9979e-01  1.0021e-01  0.0000e+00  8.8030e-04
  3720  8.9978e-01  1.0022e-01  0.0000e+00  8.6963e-04
  3740  8.9978e-01  1.0022e-01  0.0000e+00  8.6010e-04
  3760  8.9976e-01  1.0024e-01  9.5367e-07  8.5050e-04
  3780  8.9976e-01  1.0024e-01  7.1526e-07  8.4043e-04
  3800  8.9976e-01  1.0024e-01  1.7881e-07  8.2970e-04
  3820  8.9975e-01  1.0025e-01  0.0000e+00  8.2135e-04
  3840  8.9974e-01  1.0026e-01  0.0000e+00  8.1301e-04
  3860  8.9974e-01  1.0026e-01  0.0000e+00  8.0466e-04
  3880  8.9973e-01  1.0027e-01  0.0000e+00  7.9632e-04
  3900  8.9972e-01  1.0028e-01  0.0000e+00  7.8797e-04
  3920  8.9971e-01  1.0029e-01  1.1921e-07  7.7963e-04
  3940  8.9970e-01  1.0030e-01  2.9802e-07  7.7128e-04
  3960  8.9970e-01  1.0030e-01  0.0000e+00  7.6294e-04
  3980  8.9969e-01  1.0031e-01  1.7881e-07  7.5459e-04
  4000  8.9968e-01  1.0032e-01  0.0000e+00  7.4697e-04
  4020  8.9968e-01  1.0032e-01  1.7881e-07  7.3981e-04
  4040  8.9967e-01  1.0033e-01  8.3447e-07  7.3266e-04
  4060  8.9966e-01  1.0034e-01  1.4901e-06  7.2545e-04
  4080  8.9966e-01  1.0034e-01  3.5763e-07  7.1734e-04
  4100  8.9965e-01  1.0035e-01  5.9605e-07  7.0900e-04
  4120  8.9965e-01  1.0035e-01  4.7684e-07  7.0065e-04
  4140  8.9964e-01  1.0036e-01  1.0729e-06  6.9231e-04
  4160  8.9963e-01  1.0037e-01  1.1921e-07  6.8474e-04
  4180  8.9962e-01  1.0038e-01  0.0000e+00  6.7759e-04
  4200  8.9952e-01  1.0048e-01  0.0000e+00  6.7043e-04
  4220  8.9951e-01  1.0049e-01  2.3842e-07  6.6805e-04
  4240  8.9950e-01  1.0050e-01  2.3842e-07  6.6566e-04
  4260  8.9949e-01  1.0051e-01  0.0000e+00  6.6328e-04
  4280  8.9948e-01  1.0052e-01  0.0000e+00  6.6090e-04
  4300  8.9948e-01  1.0052e-01  6.5565e-07  6.5970e-04
  4320  8.9947e-01  1.0053e-01  1.9670e-06  6.5851e-04
  4340  8.9947e-01  1.0053e-01  0.0000e+00  6.5732e-04
  4360  8.9946e-01  1.0054e-01  0.0000e+00  6.5613e-04
  4380  8.9946e-01  1.0054e-01  0.0000e+00  6.5494e-04
  4400  8.9945e-01  1.0055e-01  0.0000e+00  6.5374e-04
  4420  8.9944e-01  1.0056e-01  1.1325e-06  6.4683e-04
  4440  8.9944e-01  1.0056e-01  1.0133e-06  6.3968e-04
  4460  8.9943e-01  1.0057e-01  0.0000e+00  6.3252e-04
  4480  8.9943e-01  1.0057e-01  0.0000e+00  6.2537e-04
  4500  8.9942e-01  1.0058e-01  0.0000e+00  6.1822e-04
  4520  8.9941e-01  1.0059e-01  1.1921e-06  6.1107e-04
  4540  8.9941e-01  1.0059e-01  1.2517e-06  6.0391e-04
  4560  8.9941e-01  1.0059e-01  9.5367e-07  5.9676e-04
  4580  8.9940e-01  1.0060e-01  1.9073e-06  5.8925e-04
  4600  8.9939e-01  1.0061e-01  4.1723e-07  5.8222e-04
  4620  8.9939e-01  1.0061e-01  7.7486e-07  5.7745e-04
  4640  8.9938e-01  1.0062e-01  0.0000e+00  5.7268e-04
  4660  8.9938e-01  1.0062e-01  0.0000e+00  5.6791e-04
  4680  8.9937e-01  1.0063e-01  0.0000e+00  5.6314e-04
  4700  8.9937e-01  1.0063e-01  4.7684e-07  5.5838e-04
  4720  8.9936e-01  1.0064e-01  2.3842e-07  5.5361e-04
  4740  8.9936e-01  1.0064e-01  1.1325e-06  5.4884e-04
  4760  8.9935e-01  1.0065e-01  1.3113e-06  5.4413e-04
  4780  8.9935e-01  1.0065e-01  0.0000e+00  5.3990e-04
  4800  8.9934e-01  1.0066e-01  2.9802e-07  5.3632e-04
  4820  8.9934e-01  1.0066e-01  0.0000e+00  5.3275e-04
  4840  8.9933e-01  1.0067e-01  8.3447e-07  5.2917e-04
  4860  8.9933e-01  1.0067e-01  7.7486e-07  5.2559e-04
  4880  8.9932e-01  1.0068e-01  9.5367e-07  5.2202e-04
  4900  8.9932e-01  1.0068e-01  0.0000e+00  5.1844e-04
  4920  8.9931e-01  1.0069e-01  5.9605e-08  5.1486e-04
  4940  8.9931e-01  1.0069e-01  0.0000e+00  5.1129e-04
  4960  8.9930e-01  1.0070e-01  1.0729e-06  5.0771e-04
  4980  8.9930e-01  1.0070e-01  0.0000e+00  5.0414e-04
  5000  8.9929e-01  1.0071e-01  1.1325e-06  5.0056e-04
  5020  8.9929e-01  1.0071e-01  0.0000e+00  4.9627e-04
  5040  8.9929e-01  1.0071e-01  0.0000e+00  4.9156e-04
  5060  8.9928e-01  1.0072e-01  9.5367e-07  4.8685e-04
  5080  8.9927e-01  1.0073e-01  0.0000e+00  4.8304e-04
  5100  8.9927e-01  1.0073e-01  4.7684e-07  4.7946e-04
  5120  8.9926e-01  1.0074e-01  8.3447e-07  4.7588e-04
  5140  8.9926e-01  1.0074e-01  2.9802e-07  4.7231e-04
  5160  8.9925e-01  1.0075e-01  0.0000e+00  4.6873e-04
  5180  8.9925e-01  1.0075e-01  5.3644e-07  4.6515e-04
  5200  8.9925e-01  1.0075e-01  4.1723e-07  4.6158e-04
  5220  8.9924e-01  1.0076e-01  0.0000e+00  4.5353e-04
  5240  8.9924e-01  1.0076e-01  5.9605e-07  4.4519e-04
  5260  8.9923e-01  1.0077e-01  0.0000e+00  4.3684e-04
  5280  8.9923e-01  1.0077e-01  5.9605e-08  4.2850e-04
  5300  8.9923e-01  1.0077e-01  1.7881e-07  4.2015e-04
  5320  8.9922e-01  1.0078e-01  2.3842e-07  4.1181e-04
  5340  8.9922e-01  1.0078e-01  0.0000e+00  4.0346e-04
  5360  8.9921e-01  1.0079e-01  1.7881e-07  3.9512e-04
  5380  8.9921e-01  1.0079e-01  2.3842e-07  3.8677e-04
  5400  8.9920e-01  1.0080e-01  4.1723e-07  3.7843e-04
  5420  8.9920e-01  1.0080e-01  0.0000e+00  3.7342e-04
  5440  8.9920e-01  1.0080e-01  1.3113e-06  3.6865e-04
  5460  8.9919e-01  1.0081e-01  2.3842e-07  3.6389e-04
  5480  8.9919e-01  1.0081e-01  1.1921e-06  3.5912e-04
  5500  8.9919e-01  1.0081e-01  0.0000e+00  3.5435e-04
  5520  8.9918e-01  1.0082e-01  1.1921e-06  3.4958e-04
  5540  8.9918e-01  1.0082e-01  8.9407e-07  3.4481e-04
  5560  8.9918e-01  1.0082e-01  0.0000e+00  3.4004e-04
  5580  8.9917e-01  1.0083e-01  0.0000e+00  3.3563e-04
  5600  8.9917e-01  1.0083e-01  4.7684e-07  3.3152e-04
  5620  8.9916e-01  1.0084e-01  2.3842e-07  3.2794e-04
  5640  8.9916e-01  1.0084e-01  2.3842e-07  3.2437e-04
  5660  8.9915e-01  1.0085e-01  0.0000e+00  3.2079e-04
  5680  8.9915e-01  1.0085e-01  0.0000e+00  3.1722e-04
  5700  8.9914e-01  1.0086e-01  0.0000e+00  3.1364e-04
  5720  8.9914e-01  1.0086e-01  1.7881e-07  3.1006e-04
  5740  8.9914e-01  1.0086e-01  3.5763e-07  3.0649e-04
  5760  8.9913e-01  1.0087e-01  0.0000e+00  3.0291e-04
  5780  8.9913e-01  1.0087e-01  4.1723e-07  2.9933e-04
  5800  8.9913e-01  1.0087e-01  0.0000e+00  2.9576e-04
  5820  8.9912e-01  1.0088e-01  2.9802e-07  2.9218e-04
  5840  8.9912e-01  1.0088e-01  0.0000e+00  2.8861e-04
  5860  8.9912e-01  1.0088e-01  0.0000e+00  2.8503e-04
  5880  8.9911e-01  1.0089e-01  0.0000e+00  2.8127e-04
  5900  8.9911e-01  1.0089e-01  0.0000e+00  2.7657e-04
  5920  8.9911e-01  1.0089e-01  0.0000e+00  2.7180e-04
  5940  8.9910e-01  1.0090e-01  9.5367e-07  2.6703e-04
  5960  8.9910e-01  1.0090e-01  2.3842e-07  2.6226e-04
  5980  8.9910e-01  1.0090e-01  2.9802e-07  2.5749e-04
  6000  8.9909e-01  1.0091e-01  0.0000e+00  2.5272e-04
  6020  8.9909e-01  1.0091e-01  0.0000e+00  2.4867e-04
  6040  8.9908e-01  1.0092e-01  0.0000e+00  2.4503e-04
  6060  8.9908e-01  1.0092e-01  0.0000e+00  2.4146e-04
  6080  8.9908e-01  1.0092e-01  0.0000e+00  2.3788e-04
  6100  8.9907e-01  1.0093e-01  0.0000e+00  2.3431e-04
  6120  8.9907e-01  1.0093e-01  1.7881e-07  2.3073e-04
  6140  8.9906e-01  1.0094e-01  0.0000e+00  2.2715e-04
  6160  8.9906e-01  1.0094e-01  9.5367e-07  2.2358e-04
  6180  8.9905e-01  1.0095e-01  2.9802e-07  2.2000e-04
  6200  8.9905e-01  1.0095e-01  2.3842e-07  2.1642e-04
  6220  8.9905e-01  1.0095e-01  0.0000e+00  2.1493e-04
  6240  8.9904e-01  1.0096e-01  5.9605e-08  2.1374e-04
  6260  8.9904e-01  1.0096e-01  0.0000e+00  2.1255e-04
  6280  8.9904e-01  1.0096e-01  2.9802e-07  2.1136e-04
  6300  8.9904e-01  1.0096e-01  0.0000e+00  2.1017e-04
  6320  8.9903e-01  1.0097e-01  0.0000e+00  2.0897e-04
  6340  8.9903e-01  1.0097e-01  4.7684e-07  2.0778e-04
  6360  8.9902e-01  1.0098e-01  0.0000e+00  2.0659e-04
  6380  8.9902e-01  1.0098e-01  2.9802e-07  2.0540e-04
  6400  8.9902e-01  1.0098e-01  0.0000e+00  2.0421e-04
  6420  8.9901e-01  1.0099e-01  0.0000e+00  2.0301e-04
  6440  8.9901e-01  1.0099e-01  6.5565e-07  2.0182e-04
  6460  8.9901e-01  1.0099e-01  1.0133e-06  2.0063e-04
  6480  8.9900e-01  1.0100e-01  0.0000e+00  1.9944e-04
  6500  8.9900e-01  1.0100e-01  1.0133e-06  1.9825e-04
  6520  8.9900e-01  1.0100e-01  0.0000e+00  1.9705e-04
  6540  8.9899e-01  1.0101e-01  0.0000e+00  1.9586e-04
  6560  8.9899e-01  1.0101e-01  1.7881e-07  1.9467e-04
  6580  8.9899e-01  1.0101e-01  4.1723e-07  1.9348e-04
  6600  8.9898e-01  1.0102e-01  5.9605e-08  1.9228e-04
  6620  8.9898e-01  1.0102e-01  1.7881e-07  1.9109e-04
  6640  8.9898e-01  1.0102e-01  4.7684e-07  1.8990e-04
  6660  8.9897e-01  1.0103e-01  0.0000e+00  1.8871e-04
  6680  8.9897e-01  1.0103e-01  0.0000e+00  1.8752e-04
  6700  8.9897e-01  1.0103e-01  2.9802e-07  1.8632e-04
  6720  8.9896e-01  1.0104e-01  0.0000e+00  1.8513e-04
  6740  8.9896e-01  1.0104e-01  5.9605e-07  1.8394e-04
  6760  8.9896e-01  1.0104e-01  1.7881e-07  1.8275e-04
  6780  8.9895e-01  1.0105e-01  5.9605e-08  1.8156e-04
  6800  8.9895e-01  1.0105e-01  7.7486e-07  1.8036e-04
  6820  8.9895e-01  1.0105e-01  0.0000e+00  1.7917e-04
  6840  8.9895e-01  1.0105e-01  6.5565e-07  1.7798e-04
  6860  8.9894e-01  1.0106e-01  0.0000e+00  1.7679e-04
  6880  8.9894e-01  1.0106e-01  1.3113e-06  1.7577e-04
  6900  8.9894e-01  1.0106e-01  1.0729e-06  1.7571e-04
  6920  8.9894e-01  1.0106e-01  0.0000e+00  1.7571e-04
  6940  8.9893e-01  1.0107e-01  5.9605e-08  1.7571e-04
  6960  8.9893e-01  1.0107e-01  0.0000e+00  1.7571e-04
  6980  8.9893e-01  1.0107e-01  0.0000e+00  1.7571e-04
  7000  8.9892e-01  1.0108e-01  0.0000e+00  1.7571e-04
  7020  8.9892e-01  1.0108e-01  8.9407e-07  1.7571e-04
  7040  8.9892e-01  1.0108e-01  0.0000e+00  1.7571e-04
  7060  8.9892e-01  1.0108e-01  3.5763e-07  1.7571e-04
  7080  8.9891e-01  1.0109e-01  2.3842e-07  1.7571e-04
  7100  8.9891e-01  1.0109e-01  6.5565e-07  1.7571e-04
  7120  8.9891e-01  1.0109e-01  0.0000e+00  1.7571e-04
  7140  8.9891e-01  1.0109e-01  0.0000e+00  1.7571e-04
  7160  8.9890e-01  1.0110e-01  0.0000e+00  1.7571e-04
  7180  8.9890e-01  1.0110e-01  0.0000e+00  1.7571e-04
  7200  8.9890e-01  1.0110e-01  1.7881e-07  1.7571e-04
  7220  8.9890e-01  1.0110e-01  1.1921e-07  1.7571e-04
  7240  8.9889e-01  1.0111e-01  0.0000e+00  1.7476e-04
  7260  8.9889e-01  1.0111e-01  0.0000e+00  1.7476e-04
  7280  8.9889e-01  1.0111e-01  2.9802e-07  1.7476e-04
  7300  8.9888e-01  1.0112e-01  5.9605e-08  1.7476e-04
  7320  8.9888e-01  1.0112e-01  3.5763e-07  1.7476e-04
  7340  8.9888e-01  1.0112e-01  5.9605e-08  1.7363e-04
  7360  8.9888e-01  1.0112e-01  1.1325e-06  1.7244e-04
  7380  8.9888e-01  1.0112e-01  0.0000e+00  1.7124e-04
  7400  8.9887e-01  1.0113e-01  1.7881e-07  1.7005e-04
  7420  8.9887e-01  1.0113e-01  2.3842e-07  1.6886e-04
  7440  8.9887e-01  1.0113e-01  0.0000e+00  1.6767e-04
  7460  8.9886e-01  1.0114e-01  0.0000e+00  1.6648e-04
  7480  8.9886e-01  1.0114e-01  4.1723e-07  1.6528e-04
  7500  8.9886e-01  1.0114e-01  0.0000e+00  1.6409e-04
  7520  8.9885e-01  1.0115e-01  6.5565e-07  1.6290e-04
  7540  8.9885e-01  1.0115e-01  5.3644e-07  1.6171e-04
  7560  8.9885e-01  1.0115e-01  2.9802e-07  1.6052e-04
  7580  8.9884e-01  1.0116e-01  0.0000e+00  1.5932e-04
  7600  8.9884e-01  1.0116e-01  5.3644e-07  1.5813e-04
  7620  8.9884e-01  1.0116e-01  0.0000e+00  1.5694e-04
  7640  8.9884e-01  1.0116e-01  0.0000e+00  1.5575e-04
  7660  8.9884e-01  1.0116e-01  4.1723e-07  1.5455e-04
  7680  8.9883e-01  1.0117e-01  7.1526e-07  1.5336e-04
  7700  8.9883e-01  1.0117e-01  9.5367e-07  1.5217e-04
  7720  8.9883e-01  1.0117e-01  3.5763e-07  1.5098e-04
  7740  8.9883e-01  1.0117e-01  5.9605e-08  1.4979e-04
  7760  8.9882e-01  1.0118e-01  2.9802e-07  1.4859e-04
  7780  8.9882e-01  1.0118e-01  8.3447e-07  1.4740e-04
  7800  8.9882e-01  1.0118e-01  4.7684e-07  1.4621e-04
  7820  8.9882e-01  1.0118e-01  0.0000e+00  1.4502e-04
  7840  8.9881e-01  1.0119e-01  0.0000e+00  1.4383e-04
  7860  8.9881e-01  1.0119e-01  0.0000e+00  1.4263e-04
  7880  8.9881e-01  1.0119e-01  0.0000e+00  1.4144e-04
  7900  8.9881e-01  1.0119e-01  5.9605e-07  1.4025e-04
  7920  8.9881e-01  1.0119e-01  8.3447e-07  1.3906e-04
  7940  8.9880e-01  1.0120e-01  0.0000e+00  1.3787e-04
  7960  8.9880e-01  1.0120e-01  7.1526e-07  1.3667e-04
  7980  8.9880e-01  1.0120e-01  0.0000e+00  1.3548e-04
  8000  8.9880e-01  1.0120e-01  1.1921e-07  1.3429e-04
  8020  8.9879e-01  1.0121e-01  8.3447e-07  1.3310e-04
  8040  8.9879e-01  1.0121e-01  0.0000e+00  1.3191e-04
  8060  8.9879e-01  1.0121e-01  0.0000e+00  1.3071e-04
  8080  8.9879e-01  1.0121e-01  7.1526e-07  1.2952e-04
  8100  8.9878e-01  1.0122e-01  0.0000e+00  1.2833e-04
  8120  8.9878e-01  1.0122e-01  3.5763e-07  1.2714e-04
  8140  8.9877e-01  1.0123e-01  0.0000e+00  1.2594e-04
  8160  8.9877e-01  1.0123e-01  5.9605e-08  1.2475e-04
  8180  8.9877e-01  1.0123e-01  2.9802e-07  1.2356e-04
  8200  8.9877e-01  1.0123e-01  7.1526e-07  1.2237e-04
  8220  8.9876e-01  1.0124e-01  0.0000e+00  1.2118e-04
  8240  8.9876e-01  1.0124e-01  0.0000e+00  1.2094e-04
  8260  8.9876e-01  1.0124e-01  0.0000e+00  1.1975e-04
  8280  8.9876e-01  1.0124e-01  0.0000e+00  1.1855e-04
  8300  8.9875e-01  1.0125e-01  0.0000e+00  1.1736e-04
  8320  8.9875e-01  1.0125e-01  0.0000e+00  1.1617e-04
  8340  8.9875e-01  1.0125e-01  0.0000e+00  1.1611e-04
  8360  8.9875e-01  1.0125e-01  4.1723e-07  1.1611e-04
  8380  8.9875e-01  1.0125e-01  0.0000e+00  1.1611e-04
  8400  8.9874e-01  1.0126e-01  5.3644e-07  1.1611e-04
  8420  8.9874e-01  1.0126e-01  0.0000e+00  1.1611e-04
  8440  8.9874e-01  1.0126e-01  8.3447e-07  1.1611e-04
  8460  8.9874e-01  1.0126e-01  4.7684e-07  1.1611e-04
  8480  8.9873e-01  1.0127e-01  0.0000e+00  1.1611e-04
  8500  8.9873e-01  1.0127e-01  0.0000e+00  1.1611e-04
  8520  8.9873e-01  1.0127e-01  5.9605e-08  1.1611e-04
  8540  8.9873e-01  1.0127e-01  0.0000e+00  1.1611e-04
  8560  8.9873e-01  1.0127e-01  3.5763e-07  1.1611e-04
  8580  8.9872e-01  1.0128e-01  5.9605e-07  1.1611e-04
  8600  8.9872e-01  1.0128e-01  0.0000e+00  1.1611e-04
  8620  8.9872e-01  1.0128e-01  0.0000e+00  1.1611e-04
  8640  8.9872e-01  1.0128e-01  0.0000e+00  1.1611e-04
  8660  8.9871e-01  1.0129e-01  1.1921e-07  1.1611e-04
  8680  8.9871e-01  1.0129e-01  7.1526e-07  1.1611e-04
  8700  8.9871e-01  1.0129e-01  7.7486e-07  1.1611e-04
  8720  8.9871e-01  1.0129e-01  0.0000e+00  1.1611e-04
  8740  8.9870e-01  1.0130e-01  2.3842e-07  1.1611e-04
  8760  8.9870e-01  1.0130e-01  5.9605e-07  1.1611e-04
  8780  8.9870e-01  1.0130e-01  7.7486e-07  1.1611e-04
  8800  8.9870e-01  1.0130e-01  0.0000e+00  1.1611e-04
  8820  8.9869e-01  1.0131e-01  0.0000e+00  1.1611e-04
  8840  8.9869e-01  1.0131e-01  3.5763e-07  1.1611e-04
  8860  8.9869e-01  1.0131e-01  0.0000e+00  1.1611e-04
  8880  8.9869e-01  1.0131e-01  0.0000e+00  1.1611e-04
  8900  8.9868e-01  1.0132e-01  0.0000e+00  1.1611e-04
  8920  8.9868e-01  1.0132e-01  0.0000e+00  1.1611e-04
  8940  8.9868e-01  1.0132e-01  1.7881e-07  1.1611e-04
  8960  8.9868e-01  1.0132e-01  0.0000e+00  1.1611e-04
  8980  8.9867e-01  1.0133e-01  0.0000e+00  1.1611e-04
  9000  8.9867e-01  1.0133e-01  0.0000e+00  1.1611e-04
  9020  8.9867e-01  1.0133e-01  4.1723e-07  1.1611e-04
  9040  8.9867e-01  1.0133e-01  0.0000e+00  1.1611e-04
  9060  8.9867e-01  1.0133e-01  2.3842e-07  1.1611e-04
  9080  8.9866e-01  1.0134e-01  5.3644e-07  1.1611e-04
  9100  8.9866e-01  1.0134e-01  0.0000e+00  1.1611e-04
  9120  8.9866e-01  1.0134e-01  3.5763e-07  1.1611e-04
  9140  8.9866e-01  1.0134e-01  4.7684e-07  1.1611e-04
  9160  8.9865e-01  1.0135e-01  0.0000e+00  1.1611e-04
  9180  8.9865e-01  1.0135e-01  0.0000e+00  1.1611e-04
  9200  8.9865e-01  1.0135e-01  7.7486e-07  1.1611e-04
  9220  8.9865e-01  1.0135e-01  1.1921e-07  1.1611e-04
  9240  8.9865e-01  1.0135e-01  0.0000e+00  1.1611e-04
  9260  8.9864e-01  1.0136e-01  3.5763e-07  1.1611e-04
  9280  8.9864e-01  1.0136e-01  0.0000e+00  1.1611e-04
  9300  8.9864e-01  1.0136e-01  2.9802e-07  1.1611e-04
  9320  8.9864e-01  1.0136e-01  5.9605e-08  1.1611e-04
  9340  8.9864e-01  1.0136e-01  5.9605e-07  1.1611e-04
  9360  8.9863e-01  1.0137e-01  4.1723e-07  1.1611e-04
  9380  8.9863e-01  1.0137e-01  0.0000e+00  1.1611e-04
  9400  8.9863e-01  1.0137e-01  5.9605e-07  1.1611e-04
  9420  8.9863e-01  1.0137e-01  4.7684e-07  1.1611e-04
  9440  8.9862e-01  1.0138e-01  0.0000e+00  1.1611e-04
  9460  8.9862e-01  1.0138e-01  0.0000e+00  1.1611e-04
  9480  8.9862e-01  1.0138e-01  1.1921e-07  1.1611e-04
  9500  8.9861e-01  1.0139e-01  0.0000e+00  1.1611e-04
  9520  8.9861e-01  1.0139e-01  6.5565e-07  1.1611e-04
  9540  8.9861e-01  1.0139e-01  0.0000e+00  1.1611e-04
  9560  8.9861e-01  1.0139e-01  0.0000e+00  1.1611e-04
  9580  8.9860e-01  1.0140e-01  0.0000e+00  1.1611e-04
  9600  8.9860e-01  1.0140e-01  0.0000e+00  1.1611e-04
  9620  8.9860e-01  1.0140e-01  5.9605e-07  1.1611e-04
  9640  8.9860e-01  1.0140e-01  2.3842e-07  1.1611e-04
  9660  8.9859e-01  1.0141e-01  8.3447e-07  1.1611e-04
  9680  8.9859e-01  1.0141e-01  0.0000e+00  1.1611e-04
  9700  8.9859e-01  1.0141e-01  2.3842e-07  1.1611e-04
  9720  8.9859e-01  1.0141e-01  0.0000e+00  1.1611e-04
  9740  8.9858e-01  1.0142e-01  4.7684e-07  1.1611e-04
  9760  8.9858e-01  1.0142e-01  0.0000e+00  1.1611e-04
  9780  8.9858e-01  1.0142e-01  3.5763e-07  1.1611e-04
  9800  8.9858e-01  1.0142e-01  0.0000e+00  1.1611e-04
  9820  8.9857e-01  1.0143e-01  1.7881e-07  1.1611e-04
  9840  8.9857e-01  1.0143e-01  1.7881e-07  1.1611e-04
  9860  8.9857e-01  1.0143e-01  0.0000e+00  1.1611e-04
  9880  8.9857e-01  1.0143e-01  0.0000e+00  1.1611e-04
  9900  8.9856e-01  1.0144e-01  6.5565e-07  1.1611e-04
  9920  8.9856e-01  1.0144e-01  3.5763e-07  1.1611e-04
  9940  8.9856e-01  1.0144e-01  0.0000e+00  1.1611e-04
  9960  8.9856e-01  1.0144e-01  4.7684e-07  1.1611e-04
  9980  8.9856e-01  1.0144e-01  0.0000e+00  1.1611e-04
 10000  8.9855e-01  1.0145e-01  7.1526e-07  1.1611e-04
 10020  8.9855e-01  1.0145e-01  0.0000e+00  1.1611e-04
 10040  8.9855e-01  1.0145e-01  0.0000e+00  1.1611e-04
 10060  8.9855e-01  1.0145e-01  0.0000e+00  1.1611e-04
 10080  8.9854e-01  1.0146e-01  0.0000e+00  1.1611e-04
 10100  8.9854e-01  1.0146e-01  0.0000e+00  1.1611e-04
 10120  8.9854e-01  1.0146e-01  5.9605e-08  1.1611e-04
 10140  8.9853e-01  1.0147e-01  0.0000e+00  1.1611e-04
 10160  8.9853e-01  1.0147e-01  0.0000e+00  1.1611e-04
 10180  8.9853e-01  1.0147e-01  4.1723e-07  1.1611e-04
 10200  8.9853e-01  1.0147e-01  2.3842e-07  1.1611e-04
 10220  8.9853e-01  1.0147e-01  0.0000e+00  1.1611e-04
 10240  8.9853e-01  1.0147e-01  3.5763e-07  1.1611e-04
 10260  8.9852e-01  1.0148e-01  2.3842e-07  1.1611e-04
 10280  8.9852e-01  1.0148e-01  7.1526e-07  1.1611e-04
 10300  8.9852e-01  1.0148e-01  0.0000e+00  1.1611e-04
 10320  8.9852e-01  1.0148e-01  1.7881e-07  1.1611e-04
 10340  8.9851e-01  1.0149e-01  1.1921e-07  1.1611e-04
 10360  8.9851e-01  1.0149e-01  5.9605e-08  1.1611e-04
 10380  8.9851e-01  1.0149e-01  1.7881e-07  1.1611e-04
 10400  8.9851e-01  1.0149e-01  0.0000e+00  1.1611e-04
 10420  8.9851e-01  1.0149e-01  5.9605e-08  1.1611e-04
 10440  8.9850e-01  1.0150e-01  1.1921e-07  1.1611e-04
 10460  8.9850e-01  1.0150e-01  0.0000e+00  1.1611e-04
 10480  8.9850e-01  1.0150e-01  0.0000e+00  1.1611e-04
 10500  8.9850e-01  1.0150e-01  5.9605e-07  1.1611e-04
 10520  8.9849e-01  1.0151e-01  0.0000e+00  1.1611e-04
 10540  8.9849e-01  1.0151e-01  1.7881e-07  1.1611e-04
 10560  8.9849e-01  1.0151e-01  3.5763e-07  1.1611e-04
 10580  8.9849e-01  1.0151e-01  0.0000e+00  1.1611e-04
 10600  8.9848e-01  1.0152e-01  0.0000e+00  1.1611e-04
 10620  8.9848e-01  1.0152e-01  0.0000e+00  1.1611e-04
 10640  8.9848e-01  1.0152e-01  4.7684e-07  1.1611e-04
 10660  8.9848e-01  1.0152e-01  5.9605e-08  1.1611e-04
 10680  8.9847e-01  1.0153e-01  0.0000e+00  1.1611e-04
 10700  8.9847e-01  1.0153e-01  5.9605e-08  1.1611e-04
 10720  8.9847e-01  1.0153e-01  4.7684e-07  1.1611e-04
 10740  8.9846e-01  1.0154e-01  0.0000e+00  1.1611e-04
 10760  8.9846e-01  1.0154e-01  0.0000e+00  1.1611e-04
 10780  8.9846e-01  1.0154e-01  0.0000e+00  1.1611e-04
 10800  8.9846e-01  1.0154e-01  0.0000e+00  1.1611e-04
 10820  8.9845e-01  1.0155e-01  2.3842e-07  1.1611e-04
 10840  8.9845e-01  1.0155e-01  5.3644e-07  1.1611e-04
 10860  8.9845e-01  1.0155e-01  0.0000e+00  1.1611e-04
 10880  8.9845e-01  1.0155e-01  0.0000e+00  1.1611e-04
 10900  8.9844e-01  1.0156e-01  1.1921e-07  1.1611e-04
 10920  8.9844e-01  1.0156e-01  1.1921e-07  1.1611e-04
 10940  8.9844e-01  1.0156e-01  2.9802e-07  1.1611e-04
 10960  8.9844e-01  1.0156e-01  0.0000e+00  1.1611e-04
 10980  8.9843e-01  1.0157e-01  4.1723e-07  1.1611e-04
 11000  8.9843e-01  1.0157e-01  0.0000e+00  1.1611e-04
 11020  8.9843e-01  1.0157e-01  4.1723e-07  1.1611e-04
 11040  8.9843e-01  1.0157e-01  1.7881e-07  1.1611e-04
 11060  8.9843e-01  1.0157e-01  0.0000e+00  1.1611e-04
 11080  8.9842e-01  1.0158e-01  2.3842e-07  1.1611e-04
 11100  8.9842e-01  1.0158e-01  4.7684e-07  1.1611e-04
 11120  8.9842e-01  1.0158e-01  2.9802e-07  1.1611e-04
 11140  8.9842e-01  1.0158e-01  0.0000e+00  1.1611e-04
 11160  8.9841e-01  1.0159e-01  2.3842e-07  1.1611e-04
 11180  8.9841e-01  1.0159e-01  0.0000e+00  1.1611e-04
 11200  8.9841e-01  1.0159e-01  0.0000e+00  1.1611e-04
 11220  8.9840e-01  1.0160e-01  0.0000e+00  1.1611e-04
 11240  8.9840e-01  1.0160e-01  3.5763e-07  1.1611e-04
 11260  8.9840e-01  1.0160e-01  5.9605e-08  1.1611e-04
 11280  8.9840e-01  1.0160e-01  2.3842e-07  1.1611e-04
 11300  8.9839e-01  1.0161e-01  0.0000e+00  1.1611e-04
 11320  8.9839e-01  1.0161e-01  0.0000e+00  1.1611e-04
 11340  8.9839e-01  1.0161e-01  0.0000e+00  1.1611e-04
 11360  8.9839e-01  1.0161e-01  2.9802e-07  1.1611e-04
 11380  8.9838e-01  1.0162e-01  0.0000e+00  1.1611e-04
 11400  8.9838e-01  1.0162e-01  0.0000e+00  1.1611e-04
 11420  8.9838e-01  1.0162e-01  2.3842e-07  1.1611e-04
 11440  8.9838e-01  1.0162e-01  0.0000e+00  1.1611e-04
 11460  8.9838e-01  1.0162e-01  4.7684e-07  1.1611e-04
 11480  8.9838e-01  1.0162e-01  0.0000e+00  1.1611e-04
 11500  8.9838e-01  1.0162e-01  4.1723e-07  1.1611e-04
 11520  8.9837e-01  1.0163e-01  4.1723e-07  1.1611e-04
 11540  8.9837e-01  1.0163e-01  0.0000e+00  1.1611e-04
 11560  8.9837e-01  1.0163e-01  7.7486e-07  1.1611e-04
 11580  8.9837e-01  1.0163e-01  4.7684e-07  1.1611e-04
 11600  8.9829e-01  1.0171e-01  0.0000e+00  1.1611e-04
 11620  8.9828e-01  1.0172e-01  8.3447e-07  1.1730e-04
 11640  8.9828e-01  1.0172e-01  5.3644e-07  1.1849e-04
 11660  8.9827e-01  1.0173e-01  0.0000e+00  1.1969e-04
 11680  8.9827e-01  1.0173e-01  5.9605e-07  1.2088e-04
 11700  8.9827e-01  1.0173e-01  5.3644e-07  1.2207e-04
 11720  8.9826e-01  1.0174e-01  5.9605e-08  1.2326e-04
 11740  8.9826e-01  1.0174e-01  2.9802e-07  1.2445e-04
 11760  8.9826e-01  1.0174e-01  5.9605e-08  1.2565e-04
 11780  8.9826e-01  1.0174e-01  0.0000e+00  1.2684e-04
 11800  8.9825e-01  1.0175e-01  1.1921e-07  1.2803e-04
 11820  8.9825e-01  1.0175e-01  1.7881e-07  1.2922e-04
 11840  8.9825e-01  1.0175e-01  0.0000e+00  1.3041e-04
 11860  8.9825e-01  1.0175e-01  0.0000e+00  1.3161e-04
 11880  8.9824e-01  1.0176e-01  0.0000e+00  1.3280e-04
 11900  8.9824e-01  1.0176e-01  5.9605e-07  1.3399e-04
 11920  8.9824e-01  1.0176e-01  0.0000e+00  1.3518e-04
 11940  8.9824e-01  1.0176e-01  2.3842e-07  1.3638e-04
 11960  8.9824e-01  1.0176e-01  0.0000e+00  1.3757e-04
 11980  8.9824e-01  1.0176e-01  0.0000e+00  1.3876e-04
 12000  8.9823e-01  1.0177e-01  4.1723e-07  1.3995e-04
 12020  8.9823e-01  1.0177e-01  5.3644e-07  1.4114e-04
 12040  8.9823e-01  1.0177e-01  1.1921e-07  1.4234e-04
 12060  8.9823e-01  1.0177e-01  0.0000e+00  1.4353e-04
 12080  8.9823e-01  1.0177e-01  0.0000e+00  1.4472e-04
 12100  8.9823e-01  1.0177e-01  2.3842e-07  1.4591e-04
 12120  8.9822e-01  1.0178e-01  0.0000e+00  1.4710e-04
 12140  8.9822e-01  1.0178e-01  0.0000e+00  1.4830e-04
 12160  8.9822e-01  1.0178e-01  8.3447e-07  1.4949e-04
 12180  8.9821e-01  1.0179e-01  0.0000e+00  1.5068e-04
 12200  8.9821e-01  1.0179e-01  1.7881e-07  1.5187e-04
 12220  8.9821e-01  1.0179e-01  3.5763e-07  1.5306e-04
 12240  8.9821e-01  1.0179e-01  2.3842e-07  1.5426e-04
 12260  8.9820e-01  1.0180e-01  0.0000e+00  1.5545e-04
 12280  8.9820e-01  1.0180e-01  0.0000e+00  1.5664e-04
 12300  8.9820e-01  1.0180e-01  2.3842e-07  1.5783e-04
 12320  8.9820e-01  1.0180e-01  4.1723e-07  1.5903e-04
 12340  8.9819e-01  1.0181e-01  0.0000e+00  1.6022e-04
 12360  8.9819e-01  1.0181e-01  0.0000e+00  1.6141e-04
 12380  8.9819e-01  1.0181e-01  5.3644e-07  1.6260e-04
 12400  8.9819e-01  1.0181e-01  0.0000e+00  1.6379e-04
 12420  8.9819e-01  1.0181e-01  1.1921e-07  1.6499e-04
 12440  8.9818e-01  1.0182e-01  2.9802e-07  1.6618e-04
 12460  8.9818e-01  1.0182e-01  2.9802e-07  1.6737e-04
 12480  8.9818e-01  1.0182e-01  1.1921e-07  1.6856e-04
 12500  8.9817e-01  1.0183e-01  0.0000e+00  1.6975e-04
 12520  8.9817e-01  1.0183e-01  0.0000e+00  1.7095e-04
 12540  8.9817e-01  1.0183e-01  0.0000e+00  1.7214e-04
 12560  8.9817e-01  1.0183e-01  0.0000e+00  1.7333e-04
 12580  8.9817e-01  1.0183e-01  5.9605e-07  1.7452e-04
 12600  8.9816e-01  1.0184e-01  5.9605e-07  1.7571e-04
 12620  8.9816e-01  1.0184e-01  4.7684e-07  1.7452e-04
 12640  8.9816e-01  1.0184e-01  1.7881e-07  1.7333e-04
 12660  8.9816e-01  1.0184e-01  2.3842e-07  1.7214e-04
 12680  8.9816e-01  1.0184e-01  3.5763e-07  1.7095e-04
 12700  8.9816e-01  1.0184e-01  1.1921e-07  1.6975e-04
 12720  8.9815e-01  1.0185e-01  8.3447e-07  1.6856e-04
 12740  8.9815e-01  1.0185e-01  2.3842e-07  1.6737e-04
 12760  8.9815e-01  1.0185e-01  1.7881e-07  1.6618e-04
 12780  8.9815e-01  1.0185e-01  0.0000e+00  1.6499e-04
 12800  8.9815e-01  1.0185e-01  2.9802e-07  1.6379e-04
 12820  8.9814e-01  1.0186e-01  0.0000e+00  1.6260e-04
 12840  8.9814e-01  1.0186e-01  2.3842e-07  1.6141e-04
 12860  8.9814e-01  1.0186e-01  0.0000e+00  1.6022e-04
 12880  8.9814e-01  1.0186e-01  2.9802e-07  1.5903e-04
 12900  8.9813e-01  1.0187e-01  0.0000e+00  1.5783e-04
 12920  8.9813e-01  1.0187e-01  5.3644e-07  1.5664e-04
 12940  8.9813e-01  1.0187e-01  0.0000e+00  1.5545e-04
 12960  8.9813e-01  1.0187e-01  0.0000e+00  1.5426e-04
 12980  8.9813e-01  1.0187e-01  0.0000e+00  1.5306e-04
 13000  8.9812e-01  1.0188e-01  0.0000e+00  1.5187e-04
 13020  8.9812e-01  1.0188e-01  1.1921e-07  1.5068e-04
 13040  8.9812e-01  1.0188e-01  6.5565e-07  1.4949e-04
 13060  8.9812e-01  1.0188e-01  0.0000e+00  1.4830e-04
 13080  8.9812e-01  1.0188e-01  1.7881e-07  1.4710e-04
 13100  8.9811e-01  1.0189e-01  2.9802e-07  1.4591e-04
 13120  8.9811e-01  1.0189e-01  0.0000e+00  1.4472e-04
 13140  8.9811e-01  1.0189e-01  2.9802e-07  1.4353e-04
 13160  8.9811e-01  1.0189e-01  1.1921e-07  1.4234e-04
 13180  8.9811e-01  1.0189e-01  0.0000e+00  1.4114e-04
 13200  8.9811e-01  1.0189e-01  2.3842e-07  1.3995e-04
 13220  8.9810e-01  1.0190e-01  2.9802e-07  1.3876e-04
 13240  8.9810e-01  1.0190e-01  5.3644e-07  1.3757e-04
 13260  8.9810e-01  1.0190e-01  4.1723e-07  1.3638e-04
 13280  8.9810e-01  1.0190e-01  6.5565e-07  1.3518e-04
 13300  8.9810e-01  1.0190e-01  1.1921e-07  1.3399e-04
 13320  8.9810e-01  1.0190e-01  0.0000e+00  1.3280e-04
 13340  8.9809e-01  1.0191e-01  2.3842e-07  1.3161e-04
 13360  8.9809e-01  1.0191e-01  5.3644e-07  1.3041e-04
 13380  8.9809e-01  1.0191e-01  3.5763e-07  1.2922e-04
 13400  8.9809e-01  1.0191e-01  0.0000e+00  1.2803e-04
 13420  8.9809e-01  1.0191e-01  0.0000e+00  1.2684e-04
 13440  8.9809e-01  1.0191e-01  8.9407e-07  1.2565e-04
 13460  8.9809e-01  1.0191e-01  1.1921e-07  1.2445e-04
 13480  8.9808e-01  1.0192e-01  1.7881e-07  1.2326e-04
 13500  8.9808e-01  1.0192e-01  3.5763e-07  1.2207e-04
 13520  8.9808e-01  1.0192e-01  5.9605e-08  1.2088e-04
 13540  8.9808e-01  1.0192e-01  0.0000e+00  1.1969e-04
 13560  8.9808e-01  1.0192e-01  0.0000e+00  1.1849e-04
 13580  8.9807e-01  1.0193e-01  1.1921e-07  1.1730e-04
 13600  8.9807e-01  1.0193e-01  7.1526e-07  1.1611e-04
 13620  8.9807e-01  1.0193e-01  0.0000e+00  1.1611e-04
 13640  8.9807e-01  1.0193e-01  0.0000e+00  1.1611e-04
 13660  8.9807e-01  1.0193e-01  0.0000e+00  1.1611e-04
 13680  8.9807e-01  1.0193e-01  0.0000e+00  1.1611e-04
 13700  8.9806e-01  1.0194e-01  0.0000e+00  1.1611e-04
 13720  8.9806e-01  1.0194e-01  5.9605e-08  1.1611e-04
 13740  8.9806e-01  1.0194e-01  6.5565e-07  1.1611e-04
 13760  8.9806e-01  1.0194e-01  0.0000e+00  1.1611e-04
 13780  8.9806e-01  1.0194e-01  2.3842e-07  1.1611e-04
 13800  8.9806e-01  1.0194e-01  0.0000e+00  1.1611e-04
 13820  8.9805e-01  1.0195e-01  1.1921e-07  1.1611e-04
 13840  8.9805e-01  1.0195e-01  0.0000e+00  1.1599e-04
 13860  8.9805e-01  1.0195e-01  1.7881e-07  1.1599e-04
 13880  8.9805e-01  1.0195e-01  5.9605e-08  1.1599e-04
 13900  8.9804e-01  1.0196e-01  0.0000e+00  1.1599e-04
 13920  8.9804e-01  1.0196e-01  5.3644e-07  1.1587e-04
 13940  8.9804e-01  1.0196e-01  5.9605e-08  1.1551e-04
 13960  8.9804e-01  1.0196e-01  0.0000e+00  1.1551e-04
 13980  8.9804e-01  1.0196e-01  5.9605e-08  1.1551e-04
 14000  8.9803e-01  1.0197e-01  0.0000e+00  1.1551e-04
 14020  8.9803e-01  1.0197e-01  1.1921e-07  1.1551e-04
 14040  8.9803e-01  1.0197e-01  0.0000e+00  1.1551e-04
 14060  8.9803e-01  1.0197e-01  0.0000e+00  1.1551e-04
 14080  8.9802e-01  1.0198e-01  2.3842e-07  1.1551e-04
 14100  8.9802e-01  1.0198e-01  1.1921e-07  1.1551e-04
 14120  8.9802e-01  1.0198e-01  2.3842e-07  1.1551e-04
 14140  8.9802e-01  1.0198e-01  0.0000e+00  1.1551e-04
 14160  8.9802e-01  1.0198e-01  6.5565e-07  1.1551e-04
 14180  8.9802e-01  1.0198e-01  6.5565e-07  1.1551e-04
 14200  8.9801e-01  1.0199e-01  7.1526e-07  1.1551e-04
 14220  8.9801e-01  1.0199e-01  3.5763e-07  1.1551e-04
 14240  8.9801e-01  1.0199e-01  0.0000e+00  1.1551e-04
 14260  8.9801e-01  1.0199e-01  0.0000e+00  1.1551e-04
 14280  8.9801e-01  1.0199e-01  3.5763e-07  1.1551e-04
 14300  8.9800e-01  1.0200e-01  4.1723e-07  1.1551e-04
 14320  8.9800e-01  1.0200e-01  5.9605e-08  1.1551e-04
 14340  8.9800e-01  1.0200e-01  0.0000e+00  1.1551e-04
 14360  8.9800e-01  1.0200e-01  0.0000e+00  1.1551e-04
 14380  8.9799e-01  1.0201e-01  1.7881e-07  1.1551e-04
 14400  8.9799e-01  1.0201e-01  0.0000e+00  1.1551e-04
 14420  8.9799e-01  1.0201e-01  0.0000e+00  1.1551e-04
 14440  8.9799e-01  1.0201e-01  0.0000e+00  1.1551e-04
 14460  8.9799e-01  1.0201e-01  5.9605e-08  1.1551e-04
 14480  8.9799e-01  1.0201e-01  2.9802e-07  1.1551e-04
 14500  8.9799e-01  1.0201e-01  0.0000e+00  1.1551e-04
 14520  8.9798e-01  1.0202e-01  0.0000e+00  1.1551e-04
 14540  8.9798e-01  1.0202e-01  3.5763e-07  1.1551e-04
 14560  8.9798e-01  1.0202e-01  1.1921e-07  1.1551e-04
 14580  8.9798e-01  1.0202e-01  2.3842e-07  1.1551e-04
 14600  8.9798e-01  1.0202e-01  0.0000e+00  1.1551e-04
 14620  8.9797e-01  1.0203e-01  5.9605e-08  1.1551e-04
 14640  8.9797e-01  1.0203e-01  1.1921e-07  1.1551e-04
 14660  8.9797e-01  1.0203e-01  0.0000e+00  1.1551e-04
 14680  8.9797e-01  1.0203e-01  1.7881e-07  1.1551e-04
 14700  8.9797e-01  1.0203e-01  0.0000e+00  1.1551e-04
 14720  8.9797e-01  1.0203e-01  0.0000e+00  1.1551e-04
 14740  8.9797e-01  1.0203e-01  5.3644e-07  1.1551e-04
 14760  8.9796e-01  1.0204e-01  0.0000e+00  1.1551e-04
 14780  8.9796e-01  1.0204e-01  0.0000e+00  1.1551e-04
 14800  8.9796e-01  1.0204e-01  0.0000e+00  1.1551e-04
 14820  8.9796e-01  1.0204e-01  1.1921e-07  1.1551e-04
 14840  8.9795e-01  1.0205e-01  0.0000e+00  1.1563e-04
 14860  8.9795e-01  1.0205e-01  2.3842e-07  1.1563e-04
 14880  8.9795e-01  1.0205e-01  0.0000e+00  1.1563e-04
 14900  8.9795e-01  1.0205e-01  0.0000e+00  1.1563e-04
 14920  8.9795e-01  1.0205e-01  0.0000e+00  1.1575e-04
 14940  8.9794e-01  1.0206e-01  2.3842e-07  1.1611e-04
 14960  8.9794e-01  1.0206e-01  1.1921e-07  1.1611e-04
 14980  8.9794e-01  1.0206e-01  2.3842e-07  1.1611e-04
 15000  8.9794e-01  1.0206e-01  0.0000e+00  1.1611e-04
 15020  8.9794e-01  1.0206e-01  0.0000e+00  1.1611e-04
 15040  8.9793e-01  1.0207e-01  0.0000e+00  1.1611e-04
 15060  8.9793e-01  1.0207e-01  0.0000e+00  1.1611e-04
 15080  8.9793e-01  1.0207e-01  1.1921e-07  1.1611e-04
 15100  8.9793e-01  1.0207e-01  0.0000e+00  1.1611e-04
 15120  8.9793e-01  1.0207e-01  1.1921e-07  1.1611e-04
 15140  8.9793e-01  1.0207e-01  0.0000e+00  1.1611e-04
 15160  8.9793e-01  1.0207e-01  1.7881e-07  1.1611e-04
 15180  8.9792e-01  1.0208e-01  0.0000e+00  1.1611e-04
 15200  8.9792e-01  1.0208e-01  7.7486e-07  1.1611e-04
 15220  8.9792e-01  1.0208e-01  0.0000e+00  1.1611e-04
 15240  8.9792e-01  1.0208e-01  0.0000e+00  1.1611e-04
 15260  8.9792e-01  1.0208e-01  5.9605e-08  1.1611e-04
 15280  8.9791e-01  1.0209e-01  0.0000e+00  1.1611e-04
 15300  8.9791e-01  1.0209e-01  0.0000e+00  1.1611e-04
 15320  8.9791e-01  1.0209e-01  2.3842e-07  1.1611e-04
 15340  8.9791e-01  1.0209e-01  0.0000e+00  1.1611e-04
 15360  8.9791e-01  1.0209e-01  0.0000e+00  1.1611e-04
 15380  8.9790e-01  1.0210e-01  0.0000e+00  1.1611e-04
 15400  8.9790e-01  1.0210e-01  0.0000e+00  1.1611e-04
 15420  8.9790e-01  1.0210e-01  0.0000e+00  1.1611e-04
 15440  8.9790e-01  1.0210e-01  2.3842e-07  1.1611e-04
 15460  8.9790e-01  1.0210e-01  1.1921e-07  1.1611e-04
 15480  8.9790e-01  1.0210e-01  0.0000e+00  1.1611e-04
 15500  8.9789e-01  1.0211e-01  1.7881e-07  1.1611e-04
 15520  8.9789e-01  1.0211e-01  1.1921e-07  1.1611e-04
 15540  8.9789e-01  1.0211e-01  0.0000e+00  1.1611e-04
 15560  8.9789e-01  1.0211e-01  1.1921e-07  1.1510e-04
 15580  8.9789e-01  1.0211e-01  0.0000e+00  1.1390e-04
 15600  8.9789e-01  1.0211e-01  0.0000e+00  1.1271e-04
 15620  8.9789e-01  1.0211e-01  1.1921e-07  1.1152e-04
 15640  8.9789e-01  1.0211e-01  4.7684e-07  1.1033e-04
 15660  8.9789e-01  1.0211e-01  0.0000e+00  1.0914e-04
 15680  8.9788e-01  1.0212e-01  0.0000e+00  1.0794e-04
 15700  8.9788e-01  1.0212e-01  1.7881e-07  1.0675e-04
 15720  8.9788e-01  1.0212e-01  0.0000e+00  1.0556e-04
 15740  8.9788e-01  1.0212e-01  5.9605e-08  1.0437e-04
 15760  8.9788e-01  1.0212e-01  5.9605e-08  1.0318e-04
 15780  8.9788e-01  1.0212e-01  5.9605e-08  1.0198e-04
 15800  8.9788e-01  1.0212e-01  0.0000e+00  1.0079e-04
 15813  8.9788e-01  0.0000e+00  1.0212e-01  2.3842e-07  9.9957e-05
# Std.corr:  FIRST=   0.06840432   LAST=   0.10212474  TIME=  23421 s
