# imodfit> Score file
# Iter       Score cross.corr. Delta_Score D_Score_Avg
     0  9.2755e-01  7.2445e-02
    20  9.2751e-01  7.2488e-02  0.0000e+00  9.1834e-41
    40  9.2749e-01  7.2511e-02  7.9870e-06  9.1834e-41
    60  9.2747e-01  7.2533e-02  0.0000e+00  9.1834e-41
    80  9.2743e-01  7.2573e-02  1.0729e-06  9.1834e-41
   100  9.2738e-01  7.2615e-02  0.0000e+00  9.1834e-41
   120  9.2734e-01  7.2664e-02  0.0000e+00  9.1834e-41
   140  9.2729e-01  7.2714e-02  0.0000e+00  9.1834e-41
   160  9.2725e-01  7.2752e-02  1.5497e-06  9.1834e-41
   180  9.2721e-01  7.2791e-02  0.0000e+00  9.1834e-41
   200  9.1318e-01  8.6821e-02  0.0000e+00  9.1834e-41
   220  9.1313e-01  8.6865e-02  0.0000e+00  9.1834e-41
   240  9.1307e-01  8.6929e-02  0.0000e+00  9.1834e-41
   260  9.1303e-01  8.6971e-02  1.0729e-06  9.1834e-41
   280  9.1301e-01  8.6991e-02  1.1921e-06  9.1834e-41
   300  9.1297e-01  8.7026e-02  2.3842e-07  9.1834e-41
   320  9.1294e-01  8.7059e-02  1.1921e-07  9.1834e-41
   340  9.1286e-01  8.7141e-02  0.0000e+00  9.1834e-41
   360  9.1282e-01  8.7180e-02  0.0000e+00  9.1834e-41
   380  9.1276e-01  8.7239e-02  0.0000e+00  9.1834e-41
   400  9.0510e-01  9.4901e-02  0.0000e+00  9.1834e-41
   420  9.0505e-01  9.4952e-02  5.3644e-06  9.1834e-41
   440  9.0498e-01  9.5019e-02  6.8545e-06  9.1834e-41
   460  9.0491e-01  9.5091e-02  0.0000e+00  9.1834e-41
   480  9.0485e-01  9.5153e-02  0.0000e+00  9.1834e-41
   500  9.0483e-01  9.5175e-02  0.0000e+00  9.1834e-41
   520  9.0474e-01  9.5256e-02  0.0000e+00  9.1834e-41
   540  9.0471e-01  9.5294e-02  8.6427e-06  9.1834e-41
   560  9.0464e-01  9.5362e-02  2.1458e-06  9.1834e-41
   580  9.0458e-01  9.5418e-02  0.0000e+00  9.1834e-41
   600  8.9764e-01  1.0236e-01  0.0000e+00  9.1834e-41
   620  8.9760e-01  1.0240e-01  0.0000e+00  9.1834e-41
   640  8.9755e-01  1.0245e-01  0.0000e+00  9.1834e-41
   660  8.9751e-01  1.0249e-01  0.0000e+00  9.1834e-41
   680  8.9749e-01  1.0251e-01  2.3842e-07  9.1834e-41
   700  8.9745e-01  1.0255e-01  1.1921e-07  9.1834e-41
   720  8.9742e-01  1.0258e-01  0.0000e+00  9.1834e-41
   740  8.9740e-01  1.0260e-01  5.9605e-07  9.1834e-41
   760  8.9739e-01  1.0261e-01  0.0000e+00  9.1834e-41
   780  8.9737e-01  1.0263e-01  0.0000e+00  9.1834e-41
   800  8.9297e-01  1.0703e-01  2.9802e-07  9.1834e-41
   820  8.9294e-01  1.0706e-01  8.3447e-06  9.1834e-41
   840  8.9288e-01  1.0712e-01  0.0000e+00  9.1834e-41
   860  8.9280e-01  1.0720e-01  0.0000e+00  9.1834e-41
   880  8.9277e-01  1.0723e-01  1.1027e-05  9.1834e-41
   900  8.9273e-01  1.0727e-01  0.0000e+00  9.1834e-41
   920  8.9268e-01  1.0732e-01  4.8280e-06  9.1834e-41
   940  8.9261e-01  1.0739e-01  0.0000e+00  9.1834e-41
   960  8.9259e-01  1.0741e-01  4.0531e-06  9.1834e-41
   980  8.9254e-01  1.0746e-01  1.0729e-06  9.1834e-41
  1000  8.9196e-01  1.0804e-01  0.0000e+00  9.1834e-41
  1020  8.9189e-01  1.0811e-01  0.0000e+00  9.1834e-41
  1040  8.9186e-01  1.0814e-01  0.0000e+00  9.1834e-41
  1060  8.9181e-01  1.0819e-01  0.0000e+00  9.1834e-41
  1080  8.9179e-01  1.0821e-01  1.1384e-05  9.1834e-41
  1100  8.9174e-01  1.0826e-01  6.1989e-06  9.1834e-41
  1120  8.9171e-01  1.0829e-01  6.0797e-06  9.1834e-41
  1140  8.9165e-01  1.0835e-01  8.7023e-06  9.1834e-41
  1160  8.9161e-01  1.0839e-01  8.9407e-07  9.1834e-41
  1180  8.9158e-01  1.0842e-01  0.0000e+00  9.1834e-41
  1200  8.9156e-01  1.0844e-01  8.4043e-06  9.1834e-41
  1220  8.9151e-01  1.0849e-01  5.5432e-06  9.1834e-41
  1240  8.9148e-01  1.0852e-01  4.5300e-06  9.1834e-41
  1260  8.9144e-01  1.0856e-01  5.2452e-06  9.1834e-41
  1280  8.9140e-01  1.0860e-01  4.2319e-06  9.1834e-41
  1300  8.9136e-01  1.0864e-01  6.1393e-06  9.1834e-41
  1320  8.9132e-01  1.0868e-01  0.0000e+00  9.1834e-41
  1340  8.9130e-01  1.0870e-01  1.1325e-06  9.1834e-41
  1360  8.9126e-01  1.0874e-01  3.5763e-06  9.1834e-41
  1380  8.9124e-01  1.0876e-01  4.7684e-06  9.1834e-41
  1400  8.9120e-01  1.0880e-01  0.0000e+00  9.1834e-41
  1420  8.9116e-01  1.0884e-01  0.0000e+00  9.1834e-41
  1440  8.9112e-01  1.0888e-01  0.0000e+00  9.1834e-41
  1460  8.9108e-01  1.0892e-01  2.8610e-06  9.1834e-41
  1480  8.9106e-01  1.0894e-01  3.0398e-06  9.1834e-41
  1500  8.9104e-01  1.0896e-01  1.6093e-06  9.1834e-41
  1520  8.9102e-01  1.0898e-01  0.0000e+00  9.1834e-41
  1540  8.9099e-01  1.0901e-01  2.0266e-06  9.1834e-41
  1560  8.9098e-01  1.0902e-01  3.3379e-06  9.1834e-41
  1580  8.9095e-01  1.0905e-01  1.3113e-06  9.1834e-41
  1600  8.9095e-01  1.0905e-01  5.9605e-07  9.1834e-41
  1620  8.9093e-01  1.0907e-01  2.9206e-06  9.1834e-41
  1640  8.9091e-01  1.0909e-01  0.0000e+00  9.1834e-41
  1660  8.9089e-01  1.0911e-01  0.0000e+00  9.1834e-41
  1680  8.9088e-01  1.0912e-01  4.1723e-07  9.1834e-41
  1700  8.9087e-01  1.0913e-01  1.9073e-06  9.1834e-41
  1720  8.9085e-01  1.0915e-01  0.0000e+00  9.1834e-41
  1740  8.9084e-01  1.0916e-01  7.1526e-07  9.1834e-41
  1760  8.9083e-01  1.0917e-01  1.0729e-06  9.1834e-41
  1780  8.9082e-01  1.0918e-01  0.0000e+00  9.1834e-41
  1800  8.9081e-01  1.0919e-01  0.0000e+00  9.1834e-41
  1820  8.9080e-01  1.0920e-01  1.0729e-06  9.1834e-41
  1840  8.9079e-01  1.0921e-01  0.0000e+00  9.1834e-41
  1860  8.9079e-01  1.0921e-01  1.0133e-06  9.1834e-41
  1880  8.9078e-01  1.0922e-01  2.2054e-06  9.1834e-41
  1900  8.9077e-01  1.0923e-01  0.0000e+00  9.1834e-41
  1920  8.9077e-01  1.0923e-01  1.0133e-06  9.1834e-41
  1940  8.9076e-01  1.0924e-01  2.2054e-06  9.1834e-41
  1960  8.9076e-01  1.0924e-01  0.0000e+00  9.1834e-41
  1980  8.9075e-01  1.0925e-01  2.9802e-07  9.1834e-41
  2000  8.9074e-01  1.0926e-01  0.0000e+00  9.1834e-41
  2020  8.9074e-01  1.0926e-01  1.7881e-07  1.5219e-02
  2040  8.9073e-01  1.0927e-01  2.3842e-07  1.4529e-02
  2060  8.9073e-01  1.0927e-01  7.7486e-07  1.3839e-02
  2080  8.9072e-01  1.0928e-01  7.7486e-07  1.3147e-02
  2100  8.9071e-01  1.0929e-01  5.3644e-07  1.2456e-02
  2120  8.9071e-01  1.0929e-01  0.0000e+00  1.1763e-02
  2140  8.9070e-01  1.0930e-01  6.5565e-07  1.1070e-02
  2160  8.9070e-01  1.0930e-01  4.1723e-07  1.0375e-02
  2180  8.9069e-01  1.0931e-01  0.0000e+00  9.6804e-03
  2200  8.9068e-01  1.0932e-01  0.0000e+00  8.9854e-03
  2220  8.9068e-01  1.0932e-01  3.5763e-07  8.5697e-03
  2240  8.9067e-01  1.0933e-01  5.3644e-07  8.1546e-03
  2260  8.9067e-01  1.0933e-01  1.7881e-07  7.7386e-03
  2280  8.9066e-01  1.0934e-01  2.3842e-07  7.3212e-03
  2300  8.9066e-01  1.0934e-01  0.0000e+00  6.9028e-03
  2320  8.9065e-01  1.0935e-01  1.7881e-07  6.4843e-03
  2340  8.9065e-01  1.0935e-01  0.0000e+00  6.0655e-03
  2360  8.9065e-01  1.0935e-01  6.5565e-07  5.6465e-03
  2380  8.9064e-01  1.0936e-01  1.6093e-06  5.2275e-03
  2400  8.9064e-01  1.0936e-01  0.0000e+00  4.8089e-03
  2420  8.9063e-01  1.0937e-01  4.7684e-07  4.5419e-03
  2440  8.9063e-01  1.0937e-01  2.9802e-07  4.2754e-03
  2460  8.9062e-01  1.0938e-01  0.0000e+00  4.0080e-03
  2480  8.9061e-01  1.0939e-01  2.3842e-07  3.7404e-03
  2500  8.9061e-01  1.0939e-01  1.7881e-07  3.4734e-03
  2520  8.9060e-01  1.0940e-01  0.0000e+00  3.2066e-03
  2540  8.9060e-01  1.0940e-01  5.9605e-08  2.9408e-03
  2560  8.9060e-01  1.0940e-01  1.0133e-06  2.6745e-03
  2580  8.9059e-01  1.0941e-01  1.7881e-07  2.4086e-03
  2600  8.9059e-01  1.0941e-01  0.0000e+00  2.1436e-03
  2620  8.9058e-01  1.0942e-01  0.0000e+00  2.0172e-03
  2640  8.9058e-01  1.0942e-01  0.0000e+00  1.8911e-03
  2660  8.9057e-01  1.0943e-01  0.0000e+00  1.7649e-03
  2680  8.9057e-01  1.0943e-01  1.7881e-07  1.6385e-03
  2700  8.9057e-01  1.0943e-01  2.3842e-07  1.5122e-03
  2720  8.9057e-01  1.0943e-01  3.5763e-07  1.3868e-03
  2740  8.9056e-01  1.0944e-01  0.0000e+00  1.2616e-03
  2760  8.9056e-01  1.0944e-01  4.7684e-07  1.1364e-03
  2780  8.9055e-01  1.0945e-01  4.1723e-07  1.0107e-03
  2800  8.9055e-01  1.0945e-01  0.0000e+00  8.8429e-04
  2820  8.9055e-01  1.0945e-01  0.0000e+00  8.4615e-04
  2840  8.9054e-01  1.0946e-01  0.0000e+00  8.0854e-04
  2860  8.9054e-01  1.0946e-01  1.1921e-07  7.7218e-04
  2880  8.9054e-01  1.0946e-01  4.7684e-07  7.3671e-04
  2900  8.9054e-01  1.0946e-01  4.1723e-07  7.0214e-04
  2920  8.9053e-01  1.0947e-01  0.0000e+00  6.6787e-04
  2940  8.9053e-01  1.0947e-01  0.0000e+00  6.3509e-04
  2960  8.9053e-01  1.0947e-01  1.3709e-06  6.0290e-04
  2980  8.9052e-01  1.0948e-01  5.9605e-07  5.7137e-04
  3000  8.9052e-01  1.0948e-01  0.0000e+00  5.4115e-04
  3020  8.9051e-01  1.0949e-01  0.0000e+00  5.2214e-04
  3040  8.9051e-01  1.0949e-01  2.3842e-07  5.0426e-04
  3060  8.9051e-01  1.0949e-01  5.9605e-08  4.8667e-04
  3080  8.9050e-01  1.0950e-01  3.5763e-07  4.6998e-04
  3100  8.9050e-01  1.0950e-01  0.0000e+00  4.5353e-04
  3120  8.9050e-01  1.0950e-01  1.1921e-07  4.3720e-04
  3140  8.9050e-01  1.0950e-01  2.9802e-07  4.2117e-04
  3160  8.9049e-01  1.0951e-01  2.3842e-07  4.0627e-04
  3180  8.9049e-01  1.0951e-01  4.1723e-07  3.9196e-04
  3200  8.9049e-01  1.0951e-01  0.0000e+00  3.7766e-04
  3220  8.9048e-01  1.0952e-01  3.5763e-07  3.6418e-04
  3240  8.9048e-01  1.0952e-01  2.3842e-07  3.5107e-04
  3260  8.9048e-01  1.0952e-01  0.0000e+00  3.3909e-04
  3280  8.9048e-01  1.0952e-01  4.7684e-07  3.2783e-04
  3300  8.9047e-01  1.0953e-01  7.1526e-07  3.1710e-04
  3320  8.9047e-01  1.0953e-01  0.0000e+00  3.0673e-04
  3340  8.9047e-01  1.0953e-01  0.0000e+00  2.9719e-04
  3360  8.9047e-01  1.0953e-01  6.5565e-07  2.8819e-04
  3380  8.9046e-01  1.0954e-01  0.0000e+00  2.7984e-04
  3400  8.9046e-01  1.0954e-01  1.1921e-06  2.7168e-04
  3420  8.9046e-01  1.0954e-01  3.5763e-07  2.6453e-04
  3440  8.9045e-01  1.0955e-01  3.5763e-07  2.5749e-04
  3460  8.9045e-01  1.0955e-01  1.0729e-06  2.5153e-04
  3480  8.9045e-01  1.0955e-01  9.5367e-07  2.4623e-04
  3500  8.9045e-01  1.0955e-01  3.5763e-07  2.4146e-04
  3520  8.9044e-01  1.0956e-01  0.0000e+00  2.3669e-04
  3540  8.9044e-01  1.0956e-01  5.9605e-08  2.3192e-04
  3560  8.9043e-01  1.0957e-01  8.3447e-07  2.2799e-04
  3580  8.9043e-01  1.0957e-01  3.5763e-07  2.2441e-04
  3600  8.9043e-01  1.0957e-01  0.0000e+00  2.2084e-04
  3620  8.9043e-01  1.0957e-01  0.0000e+00  2.1726e-04
  3640  8.9042e-01  1.0958e-01  0.0000e+00  2.1368e-04
  3660  8.9042e-01  1.0958e-01  0.0000e+00  2.1118e-04
  3680  8.9042e-01  1.0958e-01  3.5763e-07  2.0880e-04
  3700  8.9041e-01  1.0959e-01  0.0000e+00  2.0641e-04
  3720  8.9041e-01  1.0959e-01  3.5763e-07  2.0403e-04
  3740  8.9041e-01  1.0959e-01  0.0000e+00  2.0164e-04
  3760  8.9041e-01  1.0959e-01  5.9605e-08  1.9926e-04
  3780  8.9040e-01  1.0960e-01  5.9605e-08  1.9747e-04
  3800  8.9040e-01  1.0960e-01  6.5565e-07  1.9628e-04
  3820  8.9040e-01  1.0960e-01  0.0000e+00  1.9509e-04
  3840  8.9040e-01  1.0960e-01  0.0000e+00  1.9342e-04
  3860  8.9039e-01  1.0961e-01  0.0000e+00  1.9103e-04
  3880  8.9039e-01  1.0961e-01  2.3842e-07  1.8865e-04
  3900  8.9039e-01  1.0961e-01  4.1723e-07  1.8626e-04
  3920  8.9039e-01  1.0961e-01  0.0000e+00  1.8388e-04
  3940  8.9038e-01  1.0962e-01  4.1723e-07  1.8150e-04
  3960  8.9038e-01  1.0962e-01  1.7881e-07  1.7911e-04
  3980  8.9038e-01  1.0962e-01  0.0000e+00  1.7673e-04
  4000  8.9038e-01  1.0962e-01  5.3644e-07  1.7434e-04
  4020  8.9038e-01  1.0962e-01  5.9605e-08  1.7196e-04
  4040  8.9037e-01  1.0963e-01  2.9802e-07  1.6958e-04
  4060  8.9037e-01  1.0963e-01  1.1921e-07  1.6719e-04
  4080  8.9037e-01  1.0963e-01  5.9605e-07  1.6481e-04
  4100  8.9037e-01  1.0963e-01  4.1723e-07  1.6242e-04
  4120  8.9037e-01  1.0963e-01  0.0000e+00  1.6087e-04
  4140  8.9036e-01  1.0964e-01  0.0000e+00  1.5968e-04
  4160  8.9036e-01  1.0964e-01  0.0000e+00  1.5849e-04
  4180  8.9035e-01  1.0965e-01  0.0000e+00  1.5730e-04
  4200  8.9035e-01  1.0965e-01  5.9605e-08  1.5610e-04
  4220  8.9035e-01  1.0965e-01  1.1921e-07  1.5491e-04
  4240  8.9035e-01  1.0965e-01  3.5763e-07  1.5372e-04
  4260  8.9034e-01  1.0966e-01  5.9605e-07  1.5253e-04
  4280  8.9034e-01  1.0966e-01  1.1921e-07  1.5134e-04
  4300  8.9034e-01  1.0966e-01  1.1921e-07  1.5014e-04
  4320  8.9034e-01  1.0966e-01  0.0000e+00  1.4895e-04
  4340  8.9034e-01  1.0966e-01  4.1723e-07  1.4776e-04
  4360  8.9034e-01  1.0966e-01  0.0000e+00  1.4657e-04
  4380  8.9033e-01  1.0967e-01  0.0000e+00  1.4538e-04
  4400  8.9033e-01  1.0967e-01  5.9605e-08  1.4418e-04
  4420  8.9033e-01  1.0967e-01  5.3644e-07  1.4299e-04
  4440  8.9033e-01  1.0967e-01  2.9802e-07  1.4180e-04
  4460  8.9033e-01  1.0967e-01  0.0000e+00  1.4061e-04
  4480  8.9032e-01  1.0968e-01  2.3842e-07  1.3942e-04
  4500  8.9032e-01  1.0968e-01  0.0000e+00  1.3822e-04
  4520  8.9032e-01  1.0968e-01  4.7684e-07  1.3703e-04
  4540  8.9031e-01  1.0969e-01  0.0000e+00  1.3584e-04
  4560  8.9031e-01  1.0969e-01  8.3447e-07  1.3465e-04
  4580  8.9031e-01  1.0969e-01  0.0000e+00  1.3345e-04
  4600  8.9031e-01  1.0969e-01  5.9605e-08  1.3226e-04
  4620  8.9031e-01  1.0969e-01  0.0000e+00  1.3107e-04
  4640  8.9030e-01  1.0970e-01  0.0000e+00  1.2988e-04
  4660  8.9030e-01  1.0970e-01  0.0000e+00  1.2869e-04
  4680  8.9030e-01  1.0970e-01  1.7881e-07  1.2749e-04
  4700  8.9030e-01  1.0970e-01  2.9802e-07  1.2630e-04
  4720  8.9030e-01  1.0970e-01  0.0000e+00  1.2511e-04
  4740  8.9029e-01  1.0971e-01  0.0000e+00  1.2392e-04
  4760  8.9029e-01  1.0971e-01  6.5565e-07  1.2273e-04
  4780  8.9029e-01  1.0971e-01  7.1526e-07  1.2153e-04
  4800  8.9029e-01  1.0971e-01  2.9802e-07  1.2034e-04
  4820  8.9029e-01  1.0971e-01  1.1921e-07  1.1915e-04
  4840  8.9028e-01  1.0972e-01  0.0000e+00  1.1843e-04
  4860  8.9028e-01  1.0972e-01  3.5763e-07  1.1843e-04
  4880  8.9028e-01  1.0972e-01  2.9802e-07  1.1843e-04
  4900  8.9027e-01  1.0973e-01  7.1526e-07  1.1843e-04
  4920  8.9027e-01  1.0973e-01  0.0000e+00  1.1843e-04
  4940  8.9027e-01  1.0973e-01  0.0000e+00  1.1843e-04
  4960  8.9027e-01  1.0973e-01  4.1723e-07  1.1843e-04
  4980  8.9026e-01  1.0974e-01  1.7881e-07  1.1843e-04
  5000  8.9026e-01  1.0974e-01  0.0000e+00  1.1843e-04
  5020  8.9026e-01  1.0974e-01  0.0000e+00  1.1843e-04
  5040  8.9025e-01  1.0975e-01  0.0000e+00  1.1843e-04
  5060  8.9025e-01  1.0975e-01  3.5763e-07  1.1843e-04
  5080  8.9025e-01  1.0975e-01  0.0000e+00  1.1843e-04
  5100  8.9025e-01  1.0975e-01  0.0000e+00  1.1843e-04
  5120  8.9024e-01  1.0976e-01  0.0000e+00  1.1843e-04
  5140  8.9024e-01  1.0976e-01  0.0000e+00  1.1843e-04
  5160  8.9024e-01  1.0976e-01  1.7881e-07  1.1843e-04
  5180  8.9024e-01  1.0976e-01  0.0000e+00  1.1843e-04
  5200  8.9023e-01  1.0977e-01  0.0000e+00  1.1843e-04
  5220  8.9023e-01  1.0977e-01  0.0000e+00  1.1843e-04
  5240  8.9023e-01  1.0977e-01  0.0000e+00  1.1843e-04
  5260  8.9023e-01  1.0977e-01  0.0000e+00  1.1843e-04
  5280  8.9023e-01  1.0977e-01  9.5367e-07  1.1843e-04
  5300  8.9022e-01  1.0978e-01  0.0000e+00  1.1843e-04
  5320  8.9022e-01  1.0978e-01  0.0000e+00  1.1843e-04
  5340  8.9022e-01  1.0978e-01  0.0000e+00  1.1843e-04
  5360  8.9021e-01  1.0979e-01  7.1526e-07  1.1843e-04
  5380  8.9021e-01  1.0979e-01  5.3644e-07  1.1843e-04
  5400  8.9021e-01  1.0979e-01  0.0000e+00  1.1843e-04
  5420  8.9020e-01  1.0980e-01  0.0000e+00  1.1843e-04
  5440  8.9020e-01  1.0980e-01  0.0000e+00  1.1843e-04
  5460  8.9020e-01  1.0980e-01  0.0000e+00  1.1843e-04
  5480  8.9019e-01  1.0981e-01  0.0000e+00  1.1843e-04
  5500  8.9019e-01  1.0981e-01  1.1921e-07  1.1843e-04
  5520  8.9018e-01  1.0982e-01  3.5763e-07  1.1843e-04
  5540  8.9018e-01  1.0982e-01  0.0000e+00  1.1843e-04
  5560  8.9018e-01  1.0982e-01  5.9605e-08  1.1843e-04
  5580  8.9018e-01  1.0982e-01  5.3644e-07  1.1843e-04
  5600  8.9017e-01  1.0983e-01  0.0000e+00  1.1843e-04
  5620  8.9017e-01  1.0983e-01  5.9605e-08  1.1843e-04
  5640  8.9017e-01  1.0983e-01  0.0000e+00  1.1843e-04
  5660  8.9016e-01  1.0984e-01  1.7881e-07  1.1843e-04
  5680  8.9016e-01  1.0984e-01  6.5565e-07  1.1843e-04
  5700  8.9016e-01  1.0984e-01  0.0000e+00  1.1843e-04
  5720  8.9016e-01  1.0984e-01  5.9605e-08  1.1843e-04
  5740  8.9015e-01  1.0985e-01  0.0000e+00  1.1843e-04
  5760  8.9015e-01  1.0985e-01  0.0000e+00  1.1843e-04
  5780  8.9015e-01  1.0985e-01  0.0000e+00  1.1843e-04
  5800  8.9015e-01  1.0985e-01  0.0000e+00  1.1843e-04
  5820  8.9014e-01  1.0986e-01  0.0000e+00  1.1843e-04
  5840  8.9014e-01  1.0986e-01  7.1526e-07  1.1843e-04
  5860  8.9014e-01  1.0986e-01  5.9605e-07  1.1843e-04
  5880  8.9014e-01  1.0986e-01  0.0000e+00  1.1843e-04
  5900  8.9013e-01  1.0987e-01  0.0000e+00  1.1843e-04
  5920  8.9013e-01  1.0987e-01  5.9605e-07  1.1843e-04
  5940  8.9013e-01  1.0987e-01  0.0000e+00  1.1843e-04
  5960  8.9012e-01  1.0988e-01  5.9605e-08  1.1843e-04
  5980  8.9012e-01  1.0988e-01  1.7881e-07  1.1843e-04
  6000  8.9012e-01  1.0988e-01  0.0000e+00  1.1843e-04
  6020  8.9012e-01  1.0988e-01  0.0000e+00  1.1843e-04
  6040  8.9011e-01  1.0989e-01  5.9605e-08  1.1843e-04
  6060  8.9011e-01  1.0989e-01  2.9802e-07  1.1843e-04
  6080  8.9011e-01  1.0989e-01  3.5763e-07  1.1843e-04
  6100  8.9010e-01  1.0990e-01  0.0000e+00  1.1843e-04
  6120  8.9010e-01  1.0990e-01  8.3447e-07  1.1843e-04
  6140  8.9010e-01  1.0990e-01  1.7881e-07  1.1843e-04
  6160  8.9010e-01  1.0990e-01  3.5763e-07  1.1843e-04
  6180  8.9009e-01  1.0991e-01  2.9802e-07  1.1843e-04
  6200  8.9009e-01  1.0991e-01  0.0000e+00  1.1843e-04
  6220  8.9009e-01  1.0991e-01  0.0000e+00  1.1843e-04
  6240  8.9008e-01  1.0992e-01  0.0000e+00  1.1843e-04
  6260  8.9008e-01  1.0992e-01  0.0000e+00  1.1933e-04
  6280  8.9008e-01  1.0992e-01  5.3644e-07  1.2028e-04
  6300  8.9007e-01  1.0993e-01  0.0000e+00  1.2136e-04
  6320  8.9007e-01  1.0993e-01  4.1723e-07  1.2255e-04
  6340  8.9007e-01  1.0993e-01  4.1723e-07  1.2374e-04
  6360  8.9007e-01  1.0993e-01  5.9605e-08  1.2374e-04
  6380  8.9006e-01  1.0994e-01  0.0000e+00  1.2374e-04
  6400  8.9006e-01  1.0994e-01  3.5763e-07  1.2374e-04
  6420  8.9006e-01  1.0994e-01  0.0000e+00  1.2374e-04
  6440  8.9005e-01  1.0995e-01  8.3447e-07  1.2374e-04
  6460  8.9005e-01  1.0995e-01  3.5763e-07  1.2374e-04
  6480  8.9005e-01  1.0995e-01  0.0000e+00  1.2374e-04
  6500  8.9004e-01  1.0996e-01  1.7881e-07  1.2374e-04
  6520  8.9004e-01  1.0996e-01  2.3842e-07  1.2374e-04
  6540  8.9004e-01  1.0996e-01  2.3842e-07  1.2374e-04
  6560  8.9004e-01  1.0996e-01  1.1325e-06  1.2374e-04
  6580  8.9003e-01  1.0997e-01  1.1921e-07  1.2374e-04
  6600  8.9003e-01  1.0997e-01  2.9802e-07  1.2374e-04
  6620  8.9003e-01  1.0997e-01  0.0000e+00  1.2374e-04
  6640  8.9002e-01  1.0998e-01  0.0000e+00  1.2374e-04
  6660  8.9002e-01  1.0998e-01  2.9802e-07  1.2374e-04
  6680  8.9002e-01  1.0998e-01  2.3842e-07  1.2374e-04
  6700  8.9002e-01  1.0998e-01  2.9802e-07  1.2374e-04
  6720  8.9002e-01  1.0998e-01  0.0000e+00  1.2374e-04
  6740  8.9001e-01  1.0999e-01  0.0000e+00  1.2374e-04
  6760  8.9001e-01  1.0999e-01  1.7881e-07  1.2374e-04
  6780  8.9001e-01  1.0999e-01  0.0000e+00  1.2374e-04
  6800  8.9001e-01  1.0999e-01  4.7684e-07  1.2374e-04
  6820  8.9000e-01  1.1000e-01  0.0000e+00  1.2374e-04
  6840  8.9000e-01  1.1000e-01  0.0000e+00  1.2374e-04
  6860  8.8999e-01  1.1001e-01  2.3842e-07  1.2374e-04
  6880  8.8999e-01  1.1001e-01  9.5367e-07  1.2374e-04
  6900  8.8999e-01  1.1001e-01  0.0000e+00  1.2374e-04
  6920  8.8998e-01  1.1002e-01  3.5763e-07  1.2374e-04
  6940  8.8998e-01  1.1002e-01  2.3842e-07  1.2374e-04
  6960  8.8998e-01  1.1002e-01  0.0000e+00  1.2374e-04
  6980  8.8998e-01  1.1002e-01  5.9605e-08  1.2374e-04
  7000  8.8998e-01  1.1002e-01  0.0000e+00  1.2374e-04
  7020  8.8997e-01  1.1003e-01  8.3447e-07  1.2374e-04
  7040  8.8997e-01  1.1003e-01  5.9605e-07  1.2374e-04
  7060  8.8997e-01  1.1003e-01  0.0000e+00  1.2374e-04
  7080  8.8997e-01  1.1003e-01  1.7881e-07  1.2374e-04
  7100  8.8996e-01  1.1004e-01  2.3842e-07  1.2374e-04
  7120  8.8996e-01  1.1004e-01  0.0000e+00  1.2374e-04
  7140  8.8996e-01  1.1004e-01  3.5763e-07  1.2374e-04
  7160  8.8996e-01  1.1004e-01  0.0000e+00  1.2374e-04
  7180  8.8995e-01  1.1005e-01  2.9802e-07  1.2374e-04
  7200  8.8995e-01  1.1005e-01  4.7684e-07  1.2374e-04
  7220  8.8994e-01  1.1006e-01  2.9802e-07  1.2374e-04
  7240  8.8994e-01  1.1006e-01  0.0000e+00  1.2374e-04
  7260  8.8994e-01  1.1006e-01  0.0000e+00  1.2285e-04
  7280  8.8993e-01  1.1007e-01  2.3842e-07  1.2195e-04
  7300  8.8993e-01  1.1007e-01  0.0000e+00  1.2088e-04
  7320  8.8993e-01  1.1007e-01  0.0000e+00  1.1969e-04
  7340  8.8992e-01  1.1008e-01  0.0000e+00  1.1849e-04
  7360  8.8992e-01  1.1008e-01  8.3447e-07  1.1849e-04
  7380  8.8992e-01  1.1008e-01  7.7486e-07  1.1849e-04
  7400  8.8992e-01  1.1008e-01  1.7881e-07  1.1849e-04
  7420  8.8991e-01  1.1009e-01  1.3709e-06  1.1849e-04
  7440  8.8991e-01  1.1009e-01  1.1921e-06  1.1849e-04
  7460  8.8991e-01  1.1009e-01  9.5367e-07  1.1849e-04
  7480  8.8991e-01  1.1009e-01  1.7881e-07  1.1849e-04
  7500  8.8990e-01  1.1010e-01  5.3644e-07  1.1849e-04
  7520  8.8990e-01  1.1010e-01  0.0000e+00  1.1849e-04
  7540  8.8990e-01  1.1010e-01  3.5763e-07  1.1849e-04
  7560  8.8989e-01  1.1011e-01  0.0000e+00  1.1849e-04
  7580  8.8989e-01  1.1011e-01  0.0000e+00  1.1849e-04
  7600  8.8989e-01  1.1011e-01  1.7881e-07  1.1849e-04
  7620  8.8989e-01  1.1011e-01  1.7881e-07  1.1849e-04
  7640  8.8989e-01  1.1011e-01  1.1921e-07  1.1849e-04
  7660  8.8988e-01  1.1012e-01  0.0000e+00  1.1849e-04
  7680  8.8988e-01  1.1012e-01  8.3447e-07  1.1849e-04
  7700  8.8988e-01  1.1012e-01  0.0000e+00  1.1849e-04
  7720  8.8987e-01  1.1013e-01  0.0000e+00  1.1849e-04
  7740  8.8987e-01  1.1013e-01  5.9605e-08  1.1849e-04
  7760  8.8987e-01  1.1013e-01  2.9802e-07  1.1849e-04
  7780  8.8986e-01  1.1014e-01  0.0000e+00  1.1849e-04
  7800  8.8986e-01  1.1014e-01  0.0000e+00  1.1849e-04
  7820  8.8986e-01  1.1014e-01  0.0000e+00  1.1849e-04
  7840  8.8985e-01  1.1015e-01  0.0000e+00  1.1849e-04
  7860  8.8985e-01  1.1015e-01  4.1723e-07  1.1849e-04
  7880  8.8985e-01  1.1015e-01  5.3644e-07  1.1849e-04
  7900  8.8984e-01  1.1016e-01  0.0000e+00  1.1849e-04
  7920  8.8984e-01  1.1016e-01  5.3644e-07  1.1849e-04
  7940  8.8984e-01  1.1016e-01  5.9605e-08  1.1849e-04
  7960  8.8983e-01  1.1017e-01  9.5367e-07  1.1861e-04
  7980  8.8983e-01  1.1017e-01  1.7881e-07  1.1933e-04
  8000  8.8982e-01  1.1018e-01  0.0000e+00  1.2052e-04
  8020  8.8982e-01  1.1018e-01  2.9802e-07  1.2171e-04
  8040  8.8982e-01  1.1018e-01  2.9802e-07  1.2290e-04
  8060  8.8982e-01  1.1018e-01  3.5763e-07  1.2410e-04
  8080  8.8981e-01  1.1019e-01  0.0000e+00  1.2529e-04
  8100  8.8981e-01  1.1019e-01  0.0000e+00  1.2648e-04
  8120  8.8980e-01  1.1020e-01  0.0000e+00  1.2767e-04
  8140  8.8980e-01  1.1020e-01  0.0000e+00  1.2887e-04
  8160  8.8980e-01  1.1020e-01  2.3842e-07  1.3006e-04
  8180  8.8980e-01  1.1020e-01  0.0000e+00  1.3125e-04
  8200  8.8972e-01  1.1028e-01  0.0000e+00  1.3244e-04
  8220  8.8971e-01  1.1029e-01  2.9802e-07  1.3483e-04
  8240  8.8971e-01  1.1029e-01  3.5763e-07  1.3721e-04
  8260  8.8971e-01  1.1029e-01  2.3842e-07  1.3959e-04
  8280  8.8970e-01  1.1030e-01  5.3644e-07  1.4198e-04
  8300  8.8970e-01  1.1030e-01  3.5763e-07  1.4436e-04
  8320  8.8970e-01  1.1030e-01  0.0000e+00  1.4675e-04
  8340  8.8969e-01  1.1031e-01  0.0000e+00  1.4913e-04
  8360  8.8969e-01  1.1031e-01  0.0000e+00  1.5152e-04
  8380  8.8968e-01  1.1032e-01  0.0000e+00  1.5390e-04
  8400  8.8968e-01  1.1032e-01  1.1921e-07  1.5628e-04
  8420  8.8968e-01  1.1032e-01  1.7881e-07  1.5867e-04
  8440  8.8967e-01  1.1033e-01  8.3447e-07  1.6105e-04
  8460  8.8967e-01  1.1033e-01  1.7881e-07  1.6344e-04
  8480  8.8967e-01  1.1033e-01  7.1526e-07  1.6582e-04
  8500  8.8966e-01  1.1034e-01  1.1325e-06  1.6820e-04
  8520  8.8966e-01  1.1034e-01  5.3644e-07  1.7059e-04
  8540  8.8965e-01  1.1035e-01  0.0000e+00  1.7297e-04
  8560  8.8965e-01  1.1035e-01  3.5763e-07  1.7536e-04
  8580  8.8965e-01  1.1035e-01  0.0000e+00  1.7774e-04
  8600  8.8964e-01  1.1036e-01  0.0000e+00  1.8013e-04
  8620  8.8964e-01  1.1036e-01  0.0000e+00  1.8251e-04
  8640  8.8963e-01  1.1037e-01  5.9605e-08  1.8489e-04
  8660  8.8963e-01  1.1037e-01  1.7881e-07  1.8728e-04
  8680  8.8963e-01  1.1037e-01  5.9605e-08  1.8966e-04
  8700  8.8962e-01  1.1038e-01  0.0000e+00  1.9205e-04
  8720  8.8962e-01  1.1038e-01  0.0000e+00  1.9443e-04
  8740  8.8961e-01  1.1039e-01  0.0000e+00  1.9681e-04
  8760  8.8961e-01  1.1039e-01  4.7684e-07  1.9920e-04
  8780  8.8960e-01  1.1040e-01  5.9605e-07  2.0158e-04
  8800  8.8960e-01  1.1040e-01  5.9605e-08  2.0397e-04
  8820  8.8959e-01  1.1041e-01  2.3842e-07  2.0635e-04
  8840  8.8959e-01  1.1041e-01  2.3842e-07  2.0874e-04
  8860  8.8959e-01  1.1041e-01  0.0000e+00  2.1112e-04
  8880  8.8958e-01  1.1042e-01  0.0000e+00  2.1350e-04
  8900  8.8958e-01  1.1042e-01  5.9605e-08  2.1589e-04
  8920  8.8958e-01  1.1042e-01  4.1723e-07  2.1827e-04
  8940  8.8957e-01  1.1043e-01  2.3842e-07  2.2066e-04
  8960  8.8957e-01  1.1043e-01  0.0000e+00  2.2292e-04
  8980  8.8957e-01  1.1043e-01  5.9605e-08  2.2459e-04
  9000  8.8956e-01  1.1044e-01  8.3447e-07  2.2578e-04
  9020  8.8955e-01  1.1045e-01  0.0000e+00  2.2697e-04
  9040  8.8955e-01  1.1045e-01  1.6093e-06  2.2835e-04
  9060  8.8955e-01  1.1045e-01  0.0000e+00  2.2954e-04
  9080  8.8955e-01  1.1045e-01  0.0000e+00  2.3073e-04
  9100  8.8954e-01  1.1046e-01  1.7881e-07  2.3192e-04
  9120  8.8954e-01  1.1046e-01  7.1526e-07  2.3317e-04
  9140  8.8953e-01  1.1047e-01  2.3842e-07  2.3550e-04
  9160  8.8953e-01  1.1047e-01  5.3644e-07  2.3776e-04
  9180  8.8952e-01  1.1048e-01  5.9605e-08  2.4015e-04
  9200  8.8952e-01  1.1048e-01  7.1526e-07  2.4253e-04
  9220  8.8951e-01  1.1049e-01  0.0000e+00  2.4134e-04
  9240  8.8951e-01  1.1049e-01  1.4901e-06  2.4015e-04
  9260  8.8950e-01  1.1050e-01  5.9605e-08  2.3896e-04
  9280  8.8950e-01  1.1050e-01  0.0000e+00  2.3776e-04
  9300  8.8950e-01  1.1050e-01  0.0000e+00  2.3657e-04
  9320  8.8949e-01  1.1051e-01  0.0000e+00  2.3538e-04
  9340  8.8949e-01  1.1051e-01  0.0000e+00  2.3419e-04
  9360  8.8948e-01  1.1052e-01  1.7881e-07  2.3299e-04
  9380  8.8948e-01  1.1052e-01  2.9802e-07  2.3180e-04
  9400  8.8947e-01  1.1053e-01  9.5367e-07  2.3150e-04
  9420  8.8947e-01  1.1053e-01  7.7486e-07  2.3150e-04
  9440  8.8946e-01  1.1054e-01  0.0000e+00  2.3150e-04
  9460  8.8946e-01  1.1054e-01  0.0000e+00  2.3150e-04
  9480  8.8945e-01  1.1055e-01  3.5763e-07  2.3150e-04
  9500  8.8945e-01  1.1055e-01  0.0000e+00  2.3150e-04
  9520  8.8944e-01  1.1056e-01  7.1526e-07  2.3150e-04
  9540  8.8944e-01  1.1056e-01  4.7684e-07  2.3150e-04
  9560  8.8943e-01  1.1057e-01  2.3842e-07  2.3150e-04
  9580  8.8943e-01  1.1057e-01  0.0000e+00  2.3150e-04
  9600  8.8943e-01  1.1057e-01  0.0000e+00  2.3150e-04
  9620  8.8942e-01  1.1058e-01  0.0000e+00  2.3150e-04
  9640  8.8942e-01  1.1058e-01  6.5565e-07  2.3150e-04
  9660  8.8941e-01  1.1059e-01  0.0000e+00  2.3150e-04
  9680  8.8941e-01  1.1059e-01  0.0000e+00  2.3150e-04
  9700  8.8940e-01  1.1060e-01  1.1921e-07  2.3150e-04
  9720  8.8940e-01  1.1060e-01  1.3113e-06  2.3150e-04
  9740  8.8939e-01  1.1061e-01  0.0000e+00  2.3150e-04
  9760  8.8939e-01  1.1061e-01  0.0000e+00  2.3150e-04
  9780  8.8938e-01  1.1062e-01  8.3447e-07  2.3150e-04
  9800  8.8938e-01  1.1062e-01  0.0000e+00  2.3150e-04
  9820  8.8937e-01  1.1063e-01  0.0000e+00  2.3150e-04
  9840  8.8937e-01  1.1063e-01  8.3447e-07  2.3150e-04
  9860  8.8936e-01  1.1064e-01  0.0000e+00  2.3150e-04
  9880  8.8935e-01  1.1065e-01  0.0000e+00  2.3150e-04
  9900  8.8935e-01  1.1065e-01  0.0000e+00  2.3150e-04
  9920  8.8934e-01  1.1066e-01  5.9605e-07  2.3150e-04
  9940  8.8933e-01  1.1067e-01  4.7684e-07  2.3150e-04
  9960  8.8933e-01  1.1067e-01  5.9605e-07  2.3150e-04
  9980  8.8933e-01  1.1067e-01  8.9407e-07  2.3150e-04
 10000  8.8933e-01  1.1067e-01  2.3842e-07  2.3150e-04
 10020  8.8932e-01  1.1068e-01  6.5565e-07  2.3150e-04
 10040  8.8932e-01  1.1068e-01  6.5565e-07  2.3133e-04
 10060  8.8931e-01  1.1069e-01  0.0000e+00  2.3133e-04
 10080  8.8931e-01  1.1069e-01  0.0000e+00  2.3133e-04
 10100  8.8931e-01  1.1069e-01  0.0000e+00  2.3133e-04
 10120  8.8930e-01  1.1070e-01  0.0000e+00  2.3127e-04
 10140  8.8930e-01  1.1070e-01  0.0000e+00  2.3013e-04
 10160  8.8929e-01  1.1071e-01  7.7486e-07  2.2906e-04
 10180  8.8928e-01  1.1072e-01  1.1921e-06  2.2787e-04
 10200  8.8928e-01  1.1072e-01  3.5763e-07  2.2668e-04
 10220  8.8927e-01  1.1073e-01  4.1723e-07  2.2787e-04
 10240  8.8927e-01  1.1073e-01  2.3842e-07  2.2906e-04
 10260  8.8927e-01  1.1073e-01  9.5367e-07  2.3025e-04
 10280  8.8926e-01  1.1074e-01  0.0000e+00  2.3144e-04
 10300  8.8925e-01  1.1075e-01  8.9407e-07  2.3264e-04
 10320  8.8925e-01  1.1075e-01  0.0000e+00  2.3383e-04
 10340  8.8924e-01  1.1076e-01  0.0000e+00  2.3502e-04
 10360  8.8924e-01  1.1076e-01  1.6689e-06  2.3621e-04
 10380  8.8923e-01  1.1077e-01  8.9407e-07  2.3741e-04
 10400  8.8922e-01  1.1078e-01  5.9605e-07  2.3770e-04
 10420  8.8922e-01  1.1078e-01  4.1723e-07  2.3770e-04
 10440  8.8921e-01  1.1079e-01  5.9605e-07  2.3770e-04
 10460  8.8920e-01  1.1080e-01  0.0000e+00  2.3770e-04
 10480  8.8920e-01  1.1080e-01  9.5367e-07  2.3770e-04
 10500  8.8919e-01  1.1081e-01  0.0000e+00  2.3770e-04
 10520  8.8919e-01  1.1081e-01  0.0000e+00  2.3770e-04
 10540  8.8918e-01  1.1082e-01  0.0000e+00  2.3770e-04
 10560  8.8918e-01  1.1082e-01  0.0000e+00  2.3770e-04
 10580  8.8917e-01  1.1083e-01  1.0133e-06  2.3770e-04
 10600  8.8916e-01  1.1084e-01  0.0000e+00  2.3770e-04
 10620  8.8916e-01  1.1084e-01  0.0000e+00  2.3770e-04
 10640  8.8915e-01  1.1085e-01  0.0000e+00  2.3770e-04
 10660  8.8915e-01  1.1085e-01  0.0000e+00  2.3770e-04
 10680  8.8914e-01  1.1086e-01  1.0729e-06  2.3770e-04
 10700  8.8914e-01  1.1086e-01  5.3644e-07  2.3770e-04
 10720  8.8913e-01  1.1087e-01  0.0000e+00  2.3782e-04
 10740  8.8912e-01  1.1088e-01  0.0000e+00  2.3890e-04
 10760  8.8911e-01  1.1089e-01  0.0000e+00  2.4009e-04
 10780  8.8911e-01  1.1089e-01  0.0000e+00  2.4128e-04
 10800  8.8910e-01  1.1090e-01  5.9605e-08  2.4247e-04
 10820  8.8910e-01  1.1090e-01  7.1526e-07  2.4366e-04
 10840  8.8909e-01  1.1091e-01  1.7881e-07  2.4486e-04
 10860  8.8909e-01  1.1091e-01  1.6689e-06  2.4605e-04
 10880  8.8909e-01  1.1091e-01  2.3842e-07  2.4724e-04
 10900  8.8908e-01  1.1092e-01  1.1325e-06  2.4754e-04
 10920  8.8907e-01  1.1093e-01  0.0000e+00  2.4843e-04
 10940  8.8907e-01  1.1093e-01  4.1723e-07  2.4921e-04
 10960  8.8906e-01  1.1094e-01  4.1723e-07  2.5022e-04
 10980  8.8906e-01  1.1094e-01  1.0133e-06  2.5076e-04
 11000  8.8905e-01  1.1095e-01  0.0000e+00  2.5183e-04
 11020  8.8905e-01  1.1095e-01  3.5763e-07  2.5302e-04
 11040  8.8904e-01  1.1096e-01  1.0133e-06  2.5421e-04
 11060  8.8904e-01  1.1096e-01  1.9073e-06  2.5541e-04
 11080  8.8903e-01  1.1097e-01  0.0000e+00  2.5660e-04
 11100  8.8903e-01  1.1097e-01  1.5497e-06  2.5779e-04
 11120  8.8902e-01  1.1098e-01  0.0000e+00  2.5898e-04
 11140  8.8902e-01  1.1098e-01  1.0729e-06  2.6017e-04
 11160  8.8902e-01  1.1098e-01  9.5367e-07  2.6137e-04
 11180  8.8901e-01  1.1099e-01  0.0000e+00  2.6256e-04
 11200  8.8901e-01  1.1099e-01  0.0000e+00  2.6375e-04
 11220  8.8900e-01  1.1100e-01  0.0000e+00  2.6411e-04
 11240  8.8900e-01  1.1100e-01  1.0133e-06  2.6530e-04
 11260  8.8899e-01  1.1101e-01  2.3842e-07  2.6649e-04
 11280  8.8898e-01  1.1102e-01  1.1921e-07  2.6768e-04
 11300  8.8898e-01  1.1102e-01  0.0000e+00  2.6888e-04
 11320  8.8897e-01  1.1103e-01  1.1325e-06  2.7007e-04
 11340  8.8897e-01  1.1103e-01  0.0000e+00  2.7126e-04
 11360  8.8896e-01  1.1104e-01  1.1325e-06  2.7245e-04
 11380  8.8895e-01  1.1105e-01  1.7881e-07  2.7364e-04
 11400  8.8895e-01  1.1105e-01  3.5763e-07  2.7484e-04
 11420  8.8895e-01  1.1105e-01  4.7684e-07  2.7531e-04
 11440  8.8895e-01  1.1105e-01  1.7881e-07  2.7531e-04
 11460  8.8894e-01  1.1106e-01  8.3447e-07  2.7531e-04
 11480  8.8893e-01  1.1107e-01  4.7684e-07  2.7597e-04
 11500  8.8892e-01  1.1108e-01  1.2517e-06  2.7716e-04
 11520  8.8892e-01  1.1108e-01  0.0000e+00  2.7758e-04
 11540  8.8891e-01  1.1109e-01  1.1921e-07  2.7877e-04
 11560  8.8891e-01  1.1109e-01  8.9407e-07  2.7996e-04
 11580  8.8890e-01  1.1110e-01  1.7881e-07  2.8014e-04
 11600  8.8890e-01  1.1110e-01  0.0000e+00  2.8014e-04
 11620  8.8889e-01  1.1111e-01  2.9802e-07  2.8050e-04
 11640  8.8888e-01  1.1112e-01  5.3644e-07  2.8169e-04
 11660  8.8887e-01  1.1113e-01  1.0729e-06  2.8288e-04
 11680  8.8887e-01  1.1113e-01  0.0000e+00  2.8408e-04
 11700  8.8886e-01  1.1114e-01  0.0000e+00  2.8527e-04
 11720  8.8886e-01  1.1114e-01  0.0000e+00  2.8634e-04
 11740  8.8885e-01  1.1115e-01  2.3842e-07  2.8628e-04
 11760  8.8885e-01  1.1115e-01  0.0000e+00  2.8610e-04
 11780  8.8884e-01  1.1116e-01  1.6689e-06  2.8551e-04
 11800  8.8883e-01  1.1117e-01  0.0000e+00  2.8455e-04
 11820  8.8883e-01  1.1117e-01  0.0000e+00  2.8390e-04
 11840  8.8882e-01  1.1118e-01  0.0000e+00  2.8306e-04
 11860  8.8882e-01  1.1118e-01  1.6093e-06  2.8187e-04
 11880  8.8882e-01  1.1118e-01  0.0000e+00  2.8068e-04
 11900  8.8881e-01  1.1119e-01  0.0000e+00  2.8038e-04
 11920  8.8881e-01  1.1119e-01  1.9670e-06  2.7949e-04
 11940  8.8880e-01  1.1120e-01  0.0000e+00  2.7871e-04
 11960  8.8879e-01  1.1121e-01  5.3644e-07  2.7835e-04
 11980  8.8879e-01  1.1121e-01  0.0000e+00  2.7901e-04
 12000  8.8878e-01  1.1122e-01  0.0000e+00  2.7913e-04
 12020  8.8878e-01  1.1122e-01  0.0000e+00  2.7913e-04
 12040  8.8877e-01  1.1123e-01  7.1526e-07  2.7913e-04
 12060  8.8877e-01  1.1123e-01  0.0000e+00  2.7913e-04
 12080  8.8876e-01  1.1124e-01  0.0000e+00  2.7907e-04
 12100  8.8875e-01  1.1125e-01  0.0000e+00  2.7907e-04
 12120  8.8875e-01  1.1125e-01  1.7881e-07  2.7907e-04
 12140  8.8874e-01  1.1126e-01  0.0000e+00  2.7907e-04
 12160  8.8874e-01  1.1126e-01  6.5565e-07  2.7907e-04
 12180  8.8874e-01  1.1126e-01  0.0000e+00  2.7907e-04
 12200  8.8873e-01  1.1127e-01  0.0000e+00  2.7907e-04
 12220  8.8872e-01  1.1128e-01  0.0000e+00  2.7990e-04
 12240  8.8871e-01  1.1129e-01  9.5367e-07  2.7990e-04
 12260  8.8871e-01  1.1129e-01  0.0000e+00  2.7990e-04
 12280  8.8870e-01  1.1130e-01  7.7486e-07  2.7990e-04
 12300  8.8870e-01  1.1130e-01  1.7285e-06  2.7990e-04
 12320  8.8869e-01  1.1131e-01  1.3709e-06  2.7990e-04
 12340  8.8869e-01  1.1131e-01  2.9802e-07  2.7990e-04
 12360  8.8868e-01  1.1132e-01  1.1325e-06  2.7990e-04
 12380  8.8868e-01  1.1132e-01  1.2517e-06  2.7990e-04
 12400  8.8856e-01  1.1144e-01  0.0000e+00  2.7990e-04
 12420  8.8855e-01  1.1145e-01  0.0000e+00  2.8300e-04
 12440  8.8854e-01  1.1146e-01  0.0000e+00  2.8658e-04
 12460  8.8853e-01  1.1147e-01  0.0000e+00  2.9016e-04
 12480  8.8853e-01  1.1147e-01  0.0000e+00  2.9308e-04
 12500  8.8852e-01  1.1148e-01  1.7881e-07  2.9546e-04
 12520  8.8851e-01  1.1149e-01  7.7486e-07  2.9862e-04
 12540  8.8851e-01  1.1149e-01  0.0000e+00  3.0100e-04
 12560  8.8850e-01  1.1150e-01  7.1526e-07  3.0339e-04
 12580  8.8850e-01  1.1150e-01  0.0000e+00  3.0679e-04
 12600  8.8849e-01  1.1151e-01  0.0000e+00  3.1036e-04
 12620  8.8848e-01  1.1152e-01  0.0000e+00  3.1358e-04
 12640  8.8848e-01  1.1152e-01  1.1921e-07  3.1596e-04
 12660  8.8847e-01  1.1153e-01  0.0000e+00  3.1835e-04
 12680  8.8846e-01  1.1154e-01  1.6093e-06  3.2073e-04
 12700  8.8846e-01  1.1154e-01  0.0000e+00  3.2312e-04
 12720  8.8845e-01  1.1155e-01  0.0000e+00  3.2550e-04
 12740  8.8844e-01  1.1156e-01  9.5367e-07  3.2806e-04
 12760  8.8844e-01  1.1156e-01  0.0000e+00  3.3063e-04
 12780  8.8843e-01  1.1157e-01  1.8477e-06  3.3361e-04
 12800  8.8842e-01  1.1158e-01  0.0000e+00  3.3695e-04
 12820  8.8841e-01  1.1159e-01  3.5763e-07  3.3998e-04
 12840  8.8841e-01  1.1159e-01  0.0000e+00  3.4320e-04
 12860  8.8840e-01  1.1160e-01  1.0729e-06  3.4678e-04
 12880  8.8839e-01  1.1161e-01  0.0000e+00  3.5036e-04
 12900  8.8838e-01  1.1162e-01  0.0000e+00  3.5393e-04
 12920  8.8837e-01  1.1163e-01  1.1921e-07  3.5751e-04
 12940  8.8836e-01  1.1164e-01  1.0133e-06  3.6108e-04
 12960  8.8836e-01  1.1164e-01  0.0000e+00  3.6401e-04
 12980  8.8835e-01  1.1165e-01  0.0000e+00  3.6639e-04
 13000  8.8835e-01  1.1165e-01  0.0000e+00  3.6877e-04
 13020  8.8834e-01  1.1166e-01  8.3447e-07  3.7116e-04
 13040  8.8833e-01  1.1167e-01  0.0000e+00  3.7354e-04
 13060  8.8833e-01  1.1167e-01  1.7881e-07  3.7593e-04
 13080  8.8832e-01  1.1168e-01  1.7881e-07  3.7837e-04
 13100  8.8831e-01  1.1169e-01  1.0729e-06  3.8075e-04
 13120  8.8831e-01  1.1169e-01  0.0000e+00  3.8314e-04
 13140  8.8830e-01  1.1170e-01  1.2517e-06  3.8552e-04
 13160  8.8830e-01  1.1170e-01  1.4305e-06  3.8791e-04
 13180  8.8829e-01  1.1171e-01  0.0000e+00  3.9029e-04
 13200  8.8828e-01  1.1172e-01  5.9605e-08  3.9303e-04
 13220  8.8828e-01  1.1172e-01  4.7684e-07  3.9542e-04
 13240  8.8828e-01  1.1172e-01  5.9605e-07  3.9780e-04
 13260  8.8827e-01  1.1173e-01  0.0000e+00  4.0019e-04
 13280  8.8826e-01  1.1174e-01  0.0000e+00  4.0257e-04
 13300  8.8825e-01  1.1175e-01  0.0000e+00  4.0495e-04
 13320  8.8824e-01  1.1176e-01  0.0000e+00  4.0764e-04
 13340  8.8824e-01  1.1176e-01  1.6689e-06  4.1121e-04
 13360  8.8823e-01  1.1177e-01  5.9605e-07  4.1479e-04
 13380  8.8822e-01  1.1178e-01  7.1526e-07  4.1837e-04
 13400  8.8822e-01  1.1178e-01  6.5565e-07  4.2194e-04
 13420  8.8821e-01  1.1179e-01  0.0000e+00  4.2075e-04
 13440  8.8821e-01  1.1179e-01  1.7881e-07  4.1956e-04
 13460  8.8820e-01  1.1180e-01  0.0000e+00  4.1837e-04
 13480  8.8819e-01  1.1181e-01  5.9605e-08  4.1717e-04
 13500  8.8819e-01  1.1181e-01  0.0000e+00  4.1580e-04
 13520  8.8818e-01  1.1182e-01  7.7486e-07  4.1461e-04
 13540  8.8818e-01  1.1182e-01  0.0000e+00  4.1240e-04
 13560  8.8818e-01  1.1182e-01  1.6093e-06  4.1038e-04
 13580  8.8817e-01  1.1183e-01  0.0000e+00  4.0865e-04
 13600  8.8817e-01  1.1183e-01  0.0000e+00  4.0627e-04
 13620  8.8816e-01  1.1184e-01  1.0133e-06  4.0388e-04
 13640  8.8816e-01  1.1184e-01  0.0000e+00  4.0150e-04
 13660  8.8815e-01  1.1185e-01  5.3644e-07  3.9911e-04
 13680  8.8814e-01  1.1186e-01  0.0000e+00  3.9673e-04
 13700  8.8814e-01  1.1186e-01  1.1921e-07  3.9434e-04
 13720  8.8813e-01  1.1187e-01  1.3709e-06  3.9196e-04
 13740  8.8813e-01  1.1187e-01  4.7684e-07  3.8958e-04
 13760  8.8812e-01  1.1188e-01  0.0000e+00  3.8719e-04
 13780  8.8811e-01  1.1189e-01  5.3644e-07  3.8481e-04
 13800  8.8810e-01  1.1190e-01  2.9802e-07  3.8242e-04
 13820  8.8810e-01  1.1190e-01  3.5763e-07  3.8004e-04
 13840  8.8809e-01  1.1191e-01  2.3842e-07  3.7766e-04
 13860  8.8809e-01  1.1191e-01  0.0000e+00  3.7527e-04
 13880  8.8808e-01  1.1192e-01  7.1526e-07  3.7289e-04
 13900  8.8807e-01  1.1193e-01  0.0000e+00  3.7050e-04
 13920  8.8806e-01  1.1194e-01  2.3842e-07  3.6812e-04
 13940  8.8806e-01  1.1194e-01  0.0000e+00  3.6573e-04
 13960  8.8805e-01  1.1195e-01  1.5497e-06  3.6335e-04
 13980  8.8805e-01  1.1195e-01  7.1526e-07  3.6097e-04
 14000  8.8804e-01  1.1196e-01  0.0000e+00  3.5858e-04
 14020  8.8803e-01  1.1197e-01  0.0000e+00  3.5620e-04
 14040  8.8803e-01  1.1197e-01  1.7881e-07  3.5381e-04
 14060  8.8802e-01  1.1198e-01  0.0000e+00  3.5143e-04
 14080  8.8801e-01  1.1199e-01  0.0000e+00  3.4904e-04
 14100  8.8800e-01  1.1200e-01  0.0000e+00  3.4666e-04
 14120  8.8800e-01  1.1200e-01  0.0000e+00  3.4428e-04
 14140  8.8799e-01  1.1201e-01  0.0000e+00  3.4189e-04
 14160  8.8799e-01  1.1201e-01  0.0000e+00  3.3951e-04
 14180  8.8798e-01  1.1202e-01  1.7285e-06  3.3712e-04
 14200  8.8798e-01  1.1202e-01  1.1921e-07  3.3438e-04
 14220  8.8797e-01  1.1203e-01  0.0000e+00  3.3200e-04
 14240  8.8797e-01  1.1203e-01  0.0000e+00  3.2961e-04
 14260  8.8796e-01  1.1204e-01  5.9605e-08  3.2723e-04
 14280  8.8796e-01  1.1204e-01  0.0000e+00  3.2485e-04
 14300  8.8795e-01  1.1205e-01  1.1325e-06  3.2246e-04
 14320  8.8794e-01  1.1206e-01  1.1921e-07  3.1978e-04
 14340  8.8793e-01  1.1207e-01  0.0000e+00  3.1620e-04
 14360  8.8792e-01  1.1208e-01  0.0000e+00  3.1263e-04
 14380  8.8792e-01  1.1208e-01  1.9073e-06  3.0905e-04
 14400  8.8791e-01  1.1209e-01  0.0000e+00  3.0547e-04
 14420  8.8791e-01  1.1209e-01  0.0000e+00  3.0428e-04
 14440  8.8790e-01  1.1210e-01  0.0000e+00  3.0309e-04
 14460  8.8790e-01  1.1210e-01  8.9407e-07  3.0190e-04
 14480  8.8789e-01  1.1211e-01  5.3644e-07  3.0071e-04
 14500  8.8789e-01  1.1211e-01  8.9407e-07  2.9969e-04
 14520  8.8788e-01  1.1212e-01  1.1325e-06  2.9850e-04
 14540  8.8787e-01  1.1213e-01  0.0000e+00  2.9832e-04
 14560  8.8787e-01  1.1213e-01  9.5367e-07  2.9796e-04
 14580  8.8786e-01  1.1214e-01  4.1723e-07  2.9731e-04
 14600  8.8786e-01  1.1214e-01  0.0000e+00  2.9731e-04
 14620  8.8785e-01  1.1215e-01  5.9605e-07  2.9731e-04
 14640  8.8785e-01  1.1215e-01  1.0133e-06  2.9731e-04
 14660  8.8784e-01  1.1216e-01  0.0000e+00  2.9731e-04
 14680  8.8783e-01  1.1217e-01  1.7881e-07  2.9731e-04
 14700  8.8782e-01  1.1218e-01  7.7486e-07  2.9731e-04
 14720  8.8782e-01  1.1218e-01  5.9605e-07  2.9731e-04
 14740  8.8782e-01  1.1218e-01  5.9605e-08  2.9731e-04
 14760  8.8781e-01  1.1219e-01  1.1921e-07  2.9731e-04
 14780  8.8781e-01  1.1219e-01  0.0000e+00  2.9731e-04
 14800  8.8780e-01  1.1220e-01  2.3842e-07  2.9731e-04
 14820  8.8780e-01  1.1220e-01  2.3842e-07  2.9731e-04
 14840  8.8779e-01  1.1221e-01  0.0000e+00  2.9731e-04
 14860  8.8779e-01  1.1221e-01  0.0000e+00  2.9731e-04
 14880  8.8779e-01  1.1221e-01  5.9605e-07  2.9731e-04
 14900  8.8778e-01  1.1222e-01  1.5497e-06  2.9731e-04
 14920  8.8777e-01  1.1223e-01  8.9407e-07  2.9731e-04
 14940  8.8777e-01  1.1223e-01  0.0000e+00  2.9731e-04
 14960  8.8776e-01  1.1224e-01  1.7881e-07  2.9731e-04
 14980  8.8776e-01  1.1224e-01  0.0000e+00  2.9731e-04
 15000  8.8775e-01  1.1225e-01  4.7684e-07  2.9731e-04
 15020  8.8774e-01  1.1226e-01  1.7881e-07  2.9731e-04
 15040  8.8774e-01  1.1226e-01  5.9605e-08  2.9731e-04
 15060  8.8773e-01  1.1227e-01  0.0000e+00  2.9731e-04
 15080  8.8773e-01  1.1227e-01  1.0133e-06  2.9731e-04
 15100  8.8772e-01  1.1228e-01  0.0000e+00  2.9731e-04
 15120  8.8772e-01  1.1228e-01  0.0000e+00  2.9731e-04
 15140  8.8771e-01  1.1229e-01  0.0000e+00  2.9731e-04
 15160  8.8771e-01  1.1229e-01  5.9605e-08  2.9731e-04
 15180  8.8770e-01  1.1230e-01  0.0000e+00  2.9731e-04
 15200  8.8769e-01  1.1231e-01  0.0000e+00  2.9731e-04
 15220  8.8769e-01  1.1231e-01  1.1921e-06  2.9731e-04
 15240  8.8768e-01  1.1232e-01  7.1526e-07  2.9731e-04
 15260  8.8768e-01  1.1232e-01  0.0000e+00  2.9731e-04
 15280  8.8767e-01  1.1233e-01  7.1526e-07  2.9731e-04
 15300  8.8766e-01  1.1234e-01  4.1723e-07  2.9731e-04
 15320  8.8766e-01  1.1234e-01  0.0000e+00  2.9731e-04
 15340  8.8765e-01  1.1235e-01  4.1723e-07  2.9731e-04
 15360  8.8764e-01  1.1236e-01  9.5367e-07  2.9731e-04
 15380  8.8764e-01  1.1236e-01  5.9605e-08  2.9731e-04
 15400  8.8763e-01  1.1237e-01  0.0000e+00  2.9731e-04
 15420  8.8763e-01  1.1237e-01  0.0000e+00  2.9731e-04
 15440  8.8762e-01  1.1238e-01  5.9605e-07  2.9731e-04
 15460  8.8762e-01  1.1238e-01  1.1921e-06  2.9731e-04
 15480  8.8761e-01  1.1239e-01  1.3709e-06  2.9731e-04
 15500  8.8761e-01  1.1239e-01  0.0000e+00  2.9731e-04
 15520  8.8760e-01  1.1240e-01  2.3842e-07  2.9731e-04
 15540  8.8760e-01  1.1240e-01  0.0000e+00  2.9731e-04
 15560  8.8759e-01  1.1241e-01  0.0000e+00  2.9731e-04
 15580  8.8758e-01  1.1242e-01  5.9605e-07  2.9731e-04
 15600  8.8758e-01  1.1242e-01  4.7684e-07  2.9731e-04
 15620  8.8758e-01  1.1242e-01  5.9605e-08  2.9731e-04
 15640  8.8757e-01  1.1243e-01  0.0000e+00  2.9731e-04
 15660  8.8757e-01  1.1243e-01  0.0000e+00  2.9731e-04
 15680  8.8757e-01  1.1243e-01  0.0000e+00  2.9719e-04
 15700  8.8756e-01  1.1244e-01  5.9605e-07  2.9600e-04
 15720  8.8756e-01  1.1244e-01  0.0000e+00  2.9480e-04
 15740  8.8755e-01  1.1245e-01  0.0000e+00  2.9361e-04
 15760  8.8754e-01  1.1246e-01  2.3842e-07  2.9302e-04
 15780  8.8754e-01  1.1246e-01  0.0000e+00  2.9302e-04
 15800  8.8753e-01  1.1247e-01  0.0000e+00  2.9278e-04
 15820  8.8753e-01  1.1247e-01  6.5565e-07  2.9188e-04
 15840  8.8752e-01  1.1248e-01  0.0000e+00  2.9123e-04
 15860  8.8752e-01  1.1248e-01  0.0000e+00  2.9075e-04
 15880  8.8751e-01  1.1249e-01  0.0000e+00  2.9075e-04
 15900  8.8751e-01  1.1249e-01  1.0133e-06  2.9075e-04
 15920  8.8750e-01  1.1250e-01  0.0000e+00  2.9075e-04
 15940  8.8749e-01  1.1251e-01  0.0000e+00  2.9075e-04
 15960  8.8749e-01  1.1251e-01  0.0000e+00  2.9075e-04
 15980  8.8748e-01  1.1252e-01  1.7881e-07  2.9075e-04
 16000  8.8737e-01  1.1263e-01  0.0000e+00  2.9075e-04
 16020  8.8736e-01  1.1264e-01  0.0000e+00  2.9230e-04
 16040  8.8735e-01  1.1265e-01  0.0000e+00  2.9463e-04
 16060  8.8734e-01  1.1266e-01  0.0000e+00  2.9653e-04
 16080  8.8733e-01  1.1267e-01  1.3709e-06  2.9892e-04
 16100  8.8733e-01  1.1267e-01  8.3447e-07  3.0130e-04
 16120  8.8732e-01  1.1268e-01  0.0000e+00  3.0369e-04
 16140  8.8732e-01  1.1268e-01  5.9605e-08  3.0607e-04
 16160  8.8731e-01  1.1269e-01  1.4901e-06  3.0845e-04
 16180  8.8731e-01  1.1269e-01  4.1723e-07  3.1084e-04
 16200  8.8730e-01  1.1270e-01  0.0000e+00  3.1322e-04
 16220  8.8729e-01  1.1271e-01  0.0000e+00  3.1561e-04
 16240  8.8729e-01  1.1271e-01  5.9605e-08  3.1799e-04
 16260  8.8728e-01  1.1272e-01  7.1526e-07  3.2037e-04
 16280  8.8728e-01  1.1272e-01  0.0000e+00  3.2276e-04
 16300  8.8727e-01  1.1273e-01  1.0729e-06  3.2496e-04
 16320  8.8726e-01  1.1274e-01  0.0000e+00  3.2735e-04
 16340  8.8726e-01  1.1274e-01  0.0000e+00  3.2973e-04
 16360  8.8725e-01  1.1275e-01  0.0000e+00  3.3212e-04
 16380  8.8725e-01  1.1275e-01  4.1723e-07  3.3450e-04
 16400  8.8724e-01  1.1276e-01  4.1723e-07  3.3689e-04
 16420  8.8723e-01  1.1277e-01  0.0000e+00  3.3927e-04
 16440  8.8723e-01  1.1277e-01  0.0000e+00  3.4165e-04
 16460  8.8722e-01  1.1278e-01  5.9605e-07  3.4404e-04
 16480  8.8722e-01  1.1278e-01  6.5565e-07  3.4642e-04
 16500  8.8721e-01  1.1279e-01  0.0000e+00  3.4881e-04
 16520  8.8721e-01  1.1279e-01  0.0000e+00  3.5119e-04
 16540  8.8720e-01  1.1280e-01  0.0000e+00  3.5357e-04
 16560  8.8720e-01  1.1280e-01  1.7881e-07  3.5596e-04
 16580  8.8719e-01  1.1281e-01  1.1325e-06  3.5834e-04
 16600  8.8719e-01  1.1281e-01  7.1526e-07  3.6073e-04
 16620  8.8718e-01  1.1282e-01  5.9605e-08  3.6311e-04
 16640  8.8717e-01  1.1283e-01  4.7684e-07  3.6550e-04
 16660  8.8717e-01  1.1283e-01  1.1325e-06  3.6788e-04
 16680  8.8716e-01  1.1284e-01  2.3842e-07  3.7038e-04
 16700  8.8715e-01  1.1285e-01  1.3709e-06  3.7396e-04
 16720  8.8715e-01  1.1285e-01  0.0000e+00  3.7754e-04
 16740  8.8714e-01  1.1286e-01  5.9605e-08  3.8111e-04
 16760  8.8714e-01  1.1286e-01  0.0000e+00  3.8409e-04
 16780  8.8714e-01  1.1286e-01  1.1921e-07  3.8648e-04
 16800  8.8713e-01  1.1287e-01  0.0000e+00  3.8910e-04
 16820  8.8712e-01  1.1288e-01  5.3644e-07  3.9238e-04
 16840  8.8712e-01  1.1288e-01  1.1325e-06  3.9542e-04
 16860  8.8711e-01  1.1289e-01  0.0000e+00  3.9828e-04
 16880  8.8711e-01  1.1289e-01  1.0133e-06  4.0066e-04
 16900  8.8711e-01  1.1289e-01  5.9605e-07  4.0305e-04
 16920  8.8710e-01  1.1290e-01  0.0000e+00  4.0543e-04
 16940  8.8709e-01  1.1291e-01  0.0000e+00  4.0781e-04
 16960  8.8709e-01  1.1291e-01  0.0000e+00  4.1020e-04
 16980  8.8709e-01  1.1291e-01  0.0000e+00  4.1258e-04
 17000  8.8708e-01  1.1292e-01  8.9407e-07  4.1497e-04
 17020  8.8708e-01  1.1292e-01  0.0000e+00  4.1342e-04
 17040  8.8707e-01  1.1293e-01  0.0000e+00  4.1109e-04
 17060  8.8707e-01  1.1293e-01  0.0000e+00  4.0919e-04
 17080  8.8706e-01  1.1294e-01  2.3842e-07  4.0680e-04
 17100  8.8706e-01  1.1294e-01  1.6093e-06  4.0442e-04
 17120  8.8705e-01  1.1295e-01  5.3644e-07  4.0203e-04
 17140  8.8705e-01  1.1295e-01  0.0000e+00  3.9965e-04
 17160  8.8704e-01  1.1296e-01  5.3644e-07  3.9726e-04
 17180  8.8703e-01  1.1297e-01  0.0000e+00  3.9488e-04
 17200  8.8703e-01  1.1297e-01  1.9073e-06  3.9250e-04
 17220  8.8703e-01  1.1297e-01  0.0000e+00  3.8946e-04
 17240  8.8702e-01  1.1298e-01  0.0000e+00  3.8612e-04
 17260  8.8701e-01  1.1299e-01  2.3842e-07  3.8338e-04
 17280  8.8701e-01  1.1299e-01  0.0000e+00  3.8099e-04
 17300  8.8700e-01  1.1300e-01  2.9802e-07  3.7867e-04
 17320  8.8700e-01  1.1300e-01  5.3644e-07  3.7545e-04
 17340  8.8700e-01  1.1300e-01  4.1723e-07  3.7187e-04
 17360  8.8699e-01  1.1301e-01  5.9605e-08  3.6830e-04
 17380  8.8699e-01  1.1301e-01  2.9802e-07  3.6472e-04
 17400  8.8699e-01  1.1301e-01  0.0000e+00  3.6114e-04
 17420  8.8698e-01  1.1302e-01  4.7684e-07  3.5757e-04
 17440  8.8698e-01  1.1302e-01  0.0000e+00  3.5399e-04
 17460  8.8697e-01  1.1303e-01  0.0000e+00  3.5042e-04
 17480  8.8697e-01  1.1303e-01  8.3447e-07  3.4684e-04
 17500  8.8696e-01  1.1304e-01  1.1921e-07  3.4326e-04
 17520  8.8696e-01  1.1304e-01  0.0000e+00  3.3969e-04
 17540  8.8696e-01  1.1304e-01  0.0000e+00  3.3611e-04
 17560  8.8695e-01  1.1305e-01  0.0000e+00  3.3253e-04
 17580  8.8694e-01  1.1306e-01  2.3842e-07  3.2896e-04
 17600  8.8694e-01  1.1306e-01  7.7486e-07  3.2538e-04
 17620  8.8693e-01  1.1307e-01  0.0000e+00  3.2181e-04
 17640  8.8693e-01  1.1307e-01  4.1723e-07  3.1823e-04
 17660  8.8692e-01  1.1308e-01  1.3113e-06  3.1465e-04
 17680  8.8692e-01  1.1308e-01  0.0000e+00  3.1108e-04
 17700  8.8691e-01  1.1309e-01  0.0000e+00  3.0750e-04
 17720  8.8691e-01  1.1309e-01  0.0000e+00  3.0392e-04
 17740  8.8691e-01  1.1309e-01  1.1921e-07  3.0035e-04
 17760  8.8690e-01  1.1310e-01  0.0000e+00  2.9677e-04
 17780  8.8690e-01  1.1310e-01  1.4901e-06  2.9320e-04
 17800  8.8690e-01  1.1310e-01  0.0000e+00  2.8962e-04
 17820  8.8689e-01  1.1311e-01  0.0000e+00  2.8604e-04
 17840  8.8688e-01  1.1312e-01  4.7684e-07  2.8247e-04
 17860  8.8688e-01  1.1312e-01  4.1723e-07  2.7889e-04
 17880  8.8687e-01  1.1313e-01  3.5763e-07  2.7531e-04
 17900  8.8687e-01  1.1313e-01  0.0000e+00  2.7174e-04
 17920  8.8687e-01  1.1313e-01  2.9802e-07  2.6816e-04
 17940  8.8686e-01  1.1314e-01  4.1723e-07  2.6459e-04
 17960  8.8686e-01  1.1314e-01  0.0000e+00  2.6101e-04
 17980  8.8685e-01  1.1315e-01  0.0000e+00  2.5743e-04
 18000  8.8685e-01  1.1315e-01  0.0000e+00  2.5386e-04
 18020  8.8685e-01  1.1315e-01  0.0000e+00  2.5266e-04
 18040  8.8684e-01  1.1316e-01  8.9407e-07  2.5147e-04
 18060  8.8684e-01  1.1316e-01  0.0000e+00  2.5028e-04
 18080  8.8683e-01  1.1317e-01  0.0000e+00  2.4909e-04
 18100  8.8683e-01  1.1317e-01  0.0000e+00  2.4790e-04
 18120  8.8682e-01  1.1318e-01  3.5763e-07  2.4670e-04
 18140  8.8682e-01  1.1318e-01  0.0000e+00  2.4551e-04
 18160  8.8682e-01  1.1318e-01  1.7881e-07  2.4432e-04
 18180  8.8682e-01  1.1318e-01  1.0133e-06  2.4313e-04
 18200  8.8681e-01  1.1319e-01  0.0000e+00  2.4194e-04
 18220  8.8681e-01  1.1319e-01  1.1921e-07  2.4140e-04
 18240  8.8680e-01  1.1320e-01  0.0000e+00  2.4116e-04
 18260  8.8680e-01  1.1320e-01  0.0000e+00  2.4033e-04
 18280  8.8680e-01  1.1320e-01  2.3842e-07  2.3913e-04
 18300  8.8679e-01  1.1321e-01  0.0000e+00  2.3806e-04
 18320  8.8679e-01  1.1321e-01  8.3447e-07  2.3770e-04
 18340  8.8678e-01  1.1322e-01  5.3644e-07  2.3770e-04
 18360  8.8678e-01  1.1322e-01  5.3644e-07  2.3770e-04
 18380  8.8678e-01  1.1322e-01  0.0000e+00  2.3770e-04
 18400  8.8677e-01  1.1323e-01  5.3644e-07  2.3770e-04
 18420  8.8677e-01  1.1323e-01  2.3842e-07  2.3770e-04
 18440  8.8676e-01  1.1324e-01  0.0000e+00  2.3770e-04
 18460  8.8676e-01  1.1324e-01  0.0000e+00  2.3770e-04
 18480  8.8676e-01  1.1324e-01  1.0133e-06  2.3770e-04
 18500  8.8675e-01  1.1325e-01  5.3644e-07  2.3770e-04
 18520  8.8675e-01  1.1325e-01  1.1921e-07  2.3770e-04
 18540  8.8675e-01  1.1325e-01  8.3447e-07  2.3770e-04
 18560  8.8674e-01  1.1326e-01  3.5763e-07  2.3711e-04
 18580  8.8674e-01  1.1326e-01  0.0000e+00  2.3592e-04
 18600  8.8674e-01  1.1326e-01  1.2517e-06  2.3472e-04
 18620  8.8673e-01  1.1327e-01  0.0000e+00  2.3353e-04
 18640  8.8673e-01  1.1327e-01  8.3447e-07  2.3234e-04
 18660  8.8673e-01  1.1327e-01  8.9407e-07  2.3115e-04
 18680  8.8673e-01  1.1327e-01  4.1723e-07  2.2995e-04
 18700  8.8672e-01  1.1328e-01  0.0000e+00  2.2876e-04
 18720  8.8672e-01  1.1328e-01  4.7684e-07  2.2757e-04
 18740  8.8671e-01  1.1329e-01  0.0000e+00  2.2638e-04
 18760  8.8671e-01  1.1329e-01  0.0000e+00  2.2519e-04
 18780  8.8671e-01  1.1329e-01  1.0729e-06  2.2399e-04
 18800  8.8670e-01  1.1330e-01  0.0000e+00  2.2280e-04
 18820  8.8670e-01  1.1330e-01  0.0000e+00  2.2161e-04
 18840  8.8669e-01  1.1331e-01  1.1921e-07  2.2042e-04
 18860  8.8669e-01  1.1331e-01  3.5763e-07  2.1923e-04
 18880  8.8669e-01  1.1331e-01  0.0000e+00  2.1803e-04
 18900  8.8668e-01  1.1332e-01  4.1723e-07  2.1684e-04
 18920  8.8668e-01  1.1332e-01  0.0000e+00  2.1565e-04
 18940  8.8667e-01  1.1333e-01  3.5763e-07  2.1446e-04
 18960  8.8667e-01  1.1333e-01  8.9407e-07  2.1327e-04
 18980  8.8667e-01  1.1333e-01  0.0000e+00  2.1207e-04
 19000  8.8666e-01  1.1334e-01  0.0000e+00  2.1088e-04
 19020  8.8666e-01  1.1334e-01  8.3447e-07  2.0969e-04
 19040  8.8665e-01  1.1335e-01  1.0133e-06  2.0850e-04
 19060  8.8665e-01  1.1335e-01  5.9605e-08  2.0730e-04
 19080  8.8665e-01  1.1335e-01  2.9802e-07  2.0611e-04
 19100  8.8664e-01  1.1336e-01  0.0000e+00  2.0492e-04
 19120  8.8664e-01  1.1336e-01  1.5497e-06  2.0373e-04
 19140  8.8664e-01  1.1336e-01  4.7684e-07  2.0254e-04
 19160  8.8664e-01  1.1336e-01  0.0000e+00  2.0134e-04
 19180  8.8663e-01  1.1337e-01  1.3113e-06  2.0015e-04
 19200  8.8663e-01  1.1337e-01  2.3842e-07  1.9896e-04
 19220  8.8663e-01  1.1337e-01  4.1723e-07  1.9777e-04
 19240  8.8663e-01  1.1337e-01  2.9802e-07  1.9658e-04
 19260  8.8662e-01  1.1338e-01  8.9407e-07  1.9538e-04
 19280  8.8662e-01  1.1338e-01  5.9605e-08  1.9419e-04
 19300  8.8662e-01  1.1338e-01  7.1526e-07  1.9300e-04
 19320  8.8662e-01  1.1338e-01  1.7881e-07  1.9181e-04
 19340  8.8661e-01  1.1339e-01  0.0000e+00  1.9062e-04
 19360  8.8661e-01  1.1339e-01  8.9407e-07  1.8942e-04
 19380  8.8661e-01  1.1339e-01  2.9802e-07  1.8823e-04
 19400  8.8660e-01  1.1340e-01  0.0000e+00  1.8704e-04
 19420  8.8660e-01  1.1340e-01  4.1723e-07  1.8585e-04
 19440  8.8660e-01  1.1340e-01  6.5565e-07  1.8466e-04
 19460  8.8659e-01  1.1341e-01  0.0000e+00  1.8346e-04
 19480  8.8659e-01  1.1341e-01  0.0000e+00  1.8227e-04
 19500  8.8659e-01  1.1341e-01  2.9802e-07  1.8108e-04
 19520  8.8658e-01  1.1342e-01  1.1325e-06  1.7989e-04
 19540  8.8658e-01  1.1342e-01  0.0000e+00  1.7869e-04
 19560  8.8658e-01  1.1342e-01  0.0000e+00  1.7810e-04
 19580  8.8657e-01  1.1343e-01  4.1723e-07  1.7810e-04
 19600  8.8657e-01  1.1343e-01  5.9605e-07  1.7810e-04
 19620  8.8657e-01  1.1343e-01  5.3644e-07  1.7810e-04
 19640  8.8656e-01  1.1344e-01  0.0000e+00  1.7810e-04
 19660  8.8656e-01  1.1344e-01  1.0729e-06  1.7810e-04
 19680  8.8656e-01  1.1344e-01  0.0000e+00  1.7810e-04
 19700  8.8655e-01  1.1345e-01  0.0000e+00  1.7810e-04
 19720  8.8655e-01  1.1345e-01  0.0000e+00  1.7810e-04
 19740  8.8655e-01  1.1345e-01  1.7881e-07  1.7810e-04
 19760  8.8655e-01  1.1345e-01  4.7684e-07  1.7810e-04
 19780  8.8655e-01  1.1345e-01  1.1921e-07  1.7810e-04
 19800  8.8654e-01  1.1346e-01  0.0000e+00  1.7810e-04
 19820  8.8654e-01  1.1346e-01  0.0000e+00  1.7810e-04
 19840  8.8653e-01  1.1347e-01  3.5763e-07  1.7810e-04
 19860  8.8653e-01  1.1347e-01  9.5367e-07  1.7810e-04
 19880  8.8653e-01  1.1347e-01  7.1526e-07  1.7810e-04
 19900  8.8653e-01  1.1347e-01  0.0000e+00  1.7810e-04
 19920  8.8652e-01  1.1348e-01  1.7881e-07  1.7810e-04
 19940  8.8652e-01  1.1348e-01  2.3842e-07  1.7810e-04
 19960  8.8652e-01  1.1348e-01  5.9605e-07  1.7810e-04
 19980  8.8651e-01  1.1349e-01  0.0000e+00  1.7810e-04
 20000  8.8651e-01  1.1349e-01  5.9605e-08  1.7810e-04
 20020  8.8651e-01  1.1349e-01  2.3842e-07  1.7810e-04
 20040  8.8650e-01  1.1350e-01  0.0000e+00  1.7762e-04
 20060  8.8650e-01  1.1350e-01  2.9802e-07  1.7661e-04
 20080  8.8650e-01  1.1350e-01  2.9802e-07  1.7542e-04
 20100  8.8650e-01  1.1350e-01  8.9407e-07  1.7422e-04
 20120  8.8649e-01  1.1351e-01  8.9407e-07  1.7303e-04
 20140  8.8649e-01  1.1351e-01  1.1921e-07  1.7184e-04
 20160  8.8649e-01  1.1351e-01  0.0000e+00  1.7065e-04
 20180  8.8649e-01  1.1351e-01  5.9605e-08  1.6946e-04
 20200  8.8648e-01  1.1352e-01  5.9605e-08  1.6844e-04
 20220  8.8648e-01  1.1352e-01  0.0000e+00  1.6844e-04
 20240  8.8648e-01  1.1352e-01  5.9605e-07  1.6844e-04
 20260  8.8647e-01  1.1353e-01  6.5565e-07  1.6844e-04
 20280  8.8647e-01  1.1353e-01  7.7486e-07  1.6844e-04
 20300  8.8647e-01  1.1353e-01  0.0000e+00  1.6844e-04
 20320  8.8646e-01  1.1354e-01  0.0000e+00  1.6844e-04
 20340  8.8646e-01  1.1354e-01  4.7684e-07  1.6844e-04
 20360  8.8646e-01  1.1354e-01  5.9605e-08  1.6803e-04
 20380  8.8646e-01  1.1354e-01  5.9605e-08  1.6803e-04
 20400  8.8645e-01  1.1355e-01  2.3842e-07  1.6713e-04
 20420  8.8645e-01  1.1355e-01  0.0000e+00  1.6630e-04
 20440  8.8645e-01  1.1355e-01  0.0000e+00  1.6630e-04
 20460  8.8645e-01  1.1355e-01  6.5565e-07  1.6618e-04
 20480  8.8644e-01  1.1356e-01  8.3447e-07  1.6594e-04
 20500  8.8644e-01  1.1356e-01  2.9802e-07  1.6516e-04
 20520  8.8644e-01  1.1356e-01  0.0000e+00  1.6397e-04
 20540  8.8643e-01  1.1357e-01  0.0000e+00  1.6314e-04
 20560  8.8643e-01  1.1357e-01  0.0000e+00  1.6230e-04
 20580  8.8643e-01  1.1357e-01  0.0000e+00  1.6111e-04
 20600  8.8642e-01  1.1358e-01  0.0000e+00  1.5992e-04
 20620  8.8642e-01  1.1358e-01  4.1723e-07  1.5873e-04
 20640  8.8642e-01  1.1358e-01  2.9802e-07  1.5759e-04
 20660  8.8641e-01  1.1359e-01  4.1723e-07  1.5640e-04
 20680  8.8641e-01  1.1359e-01  1.1921e-07  1.5521e-04
 20700  8.8641e-01  1.1359e-01  7.7486e-07  1.5402e-04
 20720  8.8641e-01  1.1359e-01  0.0000e+00  1.5283e-04
 20740  8.8640e-01  1.1360e-01  0.0000e+00  1.5163e-04
 20760  8.8640e-01  1.1360e-01  5.3644e-07  1.5044e-04
 20780  8.8640e-01  1.1360e-01  5.9605e-08  1.4925e-04
 20800  8.8640e-01  1.1360e-01  1.7881e-07  1.4848e-04
 20820  8.8639e-01  1.1361e-01  0.0000e+00  1.4788e-04
 20840  8.8639e-01  1.1361e-01  6.5565e-07  1.4669e-04
 20860  8.8638e-01  1.1362e-01  4.7684e-07  1.4549e-04
 20880  8.8638e-01  1.1362e-01  0.0000e+00  1.4430e-04
 20900  8.8638e-01  1.1362e-01  0.0000e+00  1.4311e-04
 20920  8.8638e-01  1.1362e-01  4.7684e-07  1.4192e-04
 20940  8.8638e-01  1.1362e-01  4.1723e-07  1.4073e-04
 20960  8.8637e-01  1.1363e-01  0.0000e+00  1.3953e-04
 20980  8.8637e-01  1.1363e-01  2.9802e-07  1.3834e-04
 21000  8.8637e-01  1.1363e-01  0.0000e+00  1.3715e-04
 21020  8.8637e-01  1.1363e-01  2.9802e-07  1.3596e-04
 21040  8.8636e-01  1.1364e-01  0.0000e+00  1.3524e-04
 21060  8.8636e-01  1.1364e-01  4.1723e-07  1.3506e-04
 21080  8.8636e-01  1.1364e-01  0.0000e+00  1.3506e-04
 21100  8.8636e-01  1.1364e-01  4.7684e-07  1.3506e-04
 21120  8.8635e-01  1.1365e-01  0.0000e+00  1.3506e-04
 21140  8.8635e-01  1.1365e-01  0.0000e+00  1.3506e-04
 21160  8.8635e-01  1.1365e-01  0.0000e+00  1.3506e-04
 21180  8.8634e-01  1.1366e-01  0.0000e+00  1.3506e-04
 21200  8.8634e-01  1.1366e-01  0.0000e+00  1.3489e-04
 21220  8.8634e-01  1.1366e-01  3.5763e-07  1.3369e-04
 21240  8.8634e-01  1.1366e-01  5.9605e-07  1.3250e-04
 21260  8.8634e-01  1.1366e-01  2.9802e-07  1.3131e-04
 21280  8.8633e-01  1.1367e-01  1.1921e-07  1.3012e-04
 21300  8.8633e-01  1.1367e-01  2.9802e-07  1.2892e-04
 21320  8.8633e-01  1.1367e-01  0.0000e+00  1.2773e-04
 21340  8.8633e-01  1.1367e-01  1.7881e-07  1.2654e-04
 21360  8.8633e-01  1.1367e-01  0.0000e+00  1.2577e-04
 21380  8.8632e-01  1.1368e-01  0.0000e+00  1.2457e-04
 21400  8.8632e-01  1.1368e-01  0.0000e+00  1.2428e-04
 21420  8.8632e-01  1.1368e-01  0.0000e+00  1.2392e-04
 21440  8.8631e-01  1.1369e-01  0.0000e+00  1.2273e-04
 21460  8.8631e-01  1.1369e-01  0.0000e+00  1.2165e-04
 21480  8.8631e-01  1.1369e-01  0.0000e+00  1.2070e-04
 21500  8.8631e-01  1.1369e-01  1.1921e-07  1.2028e-04
 21520  8.8630e-01  1.1370e-01  7.1526e-07  1.2028e-04
 21540  8.8630e-01  1.1370e-01  2.9802e-07  1.1992e-04
 21560  8.8630e-01  1.1370e-01  0.0000e+00  1.1957e-04
 21580  8.8630e-01  1.1370e-01  0.0000e+00  1.1957e-04
 21600  8.8629e-01  1.1371e-01  5.9605e-08  1.1957e-04
 21620  8.8629e-01  1.1371e-01  0.0000e+00  1.1957e-04
 21640  8.8629e-01  1.1371e-01  7.7486e-07  1.1951e-04
 21660  8.8629e-01  1.1371e-01  0.0000e+00  1.1951e-04
 21680  8.8628e-01  1.1372e-01  0.0000e+00  1.1951e-04
 21700  8.8628e-01  1.1372e-01  0.0000e+00  1.1951e-04
 21720  8.8628e-01  1.1372e-01  1.1921e-07  1.1951e-04
 21740  8.8628e-01  1.1372e-01  0.0000e+00  1.1951e-04
 21760  8.8627e-01  1.1373e-01  2.3842e-07  1.1951e-04
 21780  8.8627e-01  1.1373e-01  1.7881e-07  1.1951e-04
 21800  8.8616e-01  1.1384e-01  0.0000e+00  1.1909e-04
 21820  8.8616e-01  1.1384e-01  0.0000e+00  1.2088e-04
 21840  8.8615e-01  1.1385e-01  0.0000e+00  1.2326e-04
 21860  8.8615e-01  1.1385e-01  0.0000e+00  1.2565e-04
 21880  8.8614e-01  1.1386e-01  5.9605e-08  1.2803e-04
 21900  8.8614e-01  1.1386e-01  1.1921e-07  1.3041e-04
 21920  8.8614e-01  1.1386e-01  0.0000e+00  1.3280e-04
 21940  8.8613e-01  1.1387e-01  4.7684e-07  1.3518e-04
 21960  8.8613e-01  1.1387e-01  1.1921e-07  1.3757e-04
 21980  8.8613e-01  1.1387e-01  1.1921e-07  1.3995e-04
 22000  8.8612e-01  1.1388e-01  1.1921e-07  1.4234e-04
 22020  8.8612e-01  1.1388e-01  4.7684e-07  1.4472e-04
 22040  8.8612e-01  1.1388e-01  3.5763e-07  1.4710e-04
 22060  8.8611e-01  1.1389e-01  0.0000e+00  1.4949e-04
 22080  8.8611e-01  1.1389e-01  0.0000e+00  1.5187e-04
 22100  8.8611e-01  1.1389e-01  1.1921e-07  1.5426e-04
 22120  8.8610e-01  1.1390e-01  7.7486e-07  1.5664e-04
 22140  8.8610e-01  1.1390e-01  0.0000e+00  1.5903e-04
 22160  8.8610e-01  1.1390e-01  0.0000e+00  1.6141e-04
 22180  8.8610e-01  1.1390e-01  0.0000e+00  1.6379e-04
 22200  8.8610e-01  1.1390e-01  6.5565e-07  1.6618e-04
 22220  8.8609e-01  1.1391e-01  4.7684e-07  1.6856e-04
 22240  8.8609e-01  1.1391e-01  0.0000e+00  1.7095e-04
 22260  8.8609e-01  1.1391e-01  0.0000e+00  1.7333e-04
 22280  8.8609e-01  1.1391e-01  0.0000e+00  1.7571e-04
 22300  8.8608e-01  1.1392e-01  3.5763e-07  1.7810e-04
 22320  8.8608e-01  1.1392e-01  7.7486e-07  1.8048e-04
 22340  8.8608e-01  1.1392e-01  0.0000e+00  1.8287e-04
 22360  8.8608e-01  1.1392e-01  0.0000e+00  1.8525e-04
 22380  8.8607e-01  1.1393e-01  2.3842e-07  1.8764e-04
 22400  8.8607e-01  1.1393e-01  0.0000e+00  1.9002e-04
 22420  8.8607e-01  1.1393e-01  1.1921e-07  1.9240e-04
 22440  8.8606e-01  1.1394e-01  0.0000e+00  1.9479e-04
 22460  8.8606e-01  1.1394e-01  1.1325e-06  1.9717e-04
 22480  8.8606e-01  1.1394e-01  0.0000e+00  1.9956e-04
 22500  8.8606e-01  1.1394e-01  1.7881e-07  2.0194e-04
 22520  8.8605e-01  1.1395e-01  0.0000e+00  2.0432e-04
 22540  8.8605e-01  1.1395e-01  1.1921e-07  2.0671e-04
 22560  8.8605e-01  1.1395e-01  0.0000e+00  2.0909e-04
 22580  8.8605e-01  1.1395e-01  0.0000e+00  2.1148e-04
 22600  8.8605e-01  1.1395e-01  3.5763e-07  2.1386e-04
 22620  8.8604e-01  1.1396e-01  5.3644e-07  2.1625e-04
 22640  8.8604e-01  1.1396e-01  4.1723e-07  2.1863e-04
 22660  8.8604e-01  1.1396e-01  5.9605e-07  2.2101e-04
 22680  8.8603e-01  1.1397e-01  1.7881e-07  2.2340e-04
 22700  8.8603e-01  1.1397e-01  0.0000e+00  2.2578e-04
 22720  8.8603e-01  1.1397e-01  0.0000e+00  2.2817e-04
 22740  8.8603e-01  1.1397e-01  0.0000e+00  2.3055e-04
 22760  8.8603e-01  1.1397e-01  1.1921e-07  2.3293e-04
 22780  8.8602e-01  1.1398e-01  1.7881e-07  2.3532e-04
 22800  8.8602e-01  1.1398e-01  5.9605e-07  2.3770e-04
 22820  8.8602e-01  1.1398e-01  4.1723e-07  2.3532e-04
 22840  8.8602e-01  1.1398e-01  7.1526e-07  2.3293e-04
 22860  8.8602e-01  1.1398e-01  2.9802e-07  2.3055e-04
 22880  8.8602e-01  1.1398e-01  2.9802e-07  2.2817e-04
 22900  8.8601e-01  1.1399e-01  0.0000e+00  2.2578e-04
 22920  8.8601e-01  1.1399e-01  0.0000e+00  2.2340e-04
 22940  8.8601e-01  1.1399e-01  0.0000e+00  2.2101e-04
 22960  8.8600e-01  1.1400e-01  0.0000e+00  2.1863e-04
 22980  8.8600e-01  1.1400e-01  5.3644e-07  2.1625e-04
 23000  8.8600e-01  1.1400e-01  0.0000e+00  2.1386e-04
 23020  8.8600e-01  1.1400e-01  0.0000e+00  2.1148e-04
 23040  8.8600e-01  1.1400e-01  0.0000e+00  2.0909e-04
 23060  8.8599e-01  1.1401e-01  6.5565e-07  2.0671e-04
 23080  8.8599e-01  1.1401e-01  1.7881e-07  2.0432e-04
 23100  8.8599e-01  1.1401e-01  0.0000e+00  2.0194e-04
 23120  8.8599e-01  1.1401e-01  1.1921e-07  1.9956e-04
 23140  8.8599e-01  1.1401e-01  3.5763e-07  1.9717e-04
 23160  8.8598e-01  1.1402e-01  5.3644e-07  1.9479e-04
 23180  8.8598e-01  1.1402e-01  5.9605e-07  1.9240e-04
 23200  8.8598e-01  1.1402e-01  2.9802e-07  1.9002e-04
 23220  8.8598e-01  1.1402e-01  0.0000e+00  1.8764e-04
 23240  8.8597e-01  1.1403e-01  2.9802e-07  1.8525e-04
 23260  8.8597e-01  1.1403e-01  3.5763e-07  1.8287e-04
 23280  8.8597e-01  1.1403e-01  0.0000e+00  1.8048e-04
 23300  8.8597e-01  1.1403e-01  5.3644e-07  1.7810e-04
 23320  8.8597e-01  1.1403e-01  0.0000e+00  1.7571e-04
 23340  8.8596e-01  1.1404e-01  0.0000e+00  1.7333e-04
 23360  8.8596e-01  1.1404e-01  1.1921e-07  1.7095e-04
 23380  8.8596e-01  1.1404e-01  0.0000e+00  1.6856e-04
 23400  8.8596e-01  1.1404e-01  4.7684e-07  1.6618e-04
 23420  8.8596e-01  1.1404e-01  6.5565e-07  1.6379e-04
 23440  8.8596e-01  1.1404e-01  3.5763e-07  1.6141e-04
 23460  8.8595e-01  1.1405e-01  0.0000e+00  1.5903e-04
 23480  8.8595e-01  1.1405e-01  0.0000e+00  1.5664e-04
 23500  8.8595e-01  1.1405e-01  1.1921e-07  1.5426e-04
 23520  8.8595e-01  1.1405e-01  5.9605e-08  1.5187e-04
 23540  8.8595e-01  1.1405e-01  0.0000e+00  1.4949e-04
 23560  8.8595e-01  1.1405e-01  2.9802e-07  1.4710e-04
 23580  8.8594e-01  1.1406e-01  4.7684e-07  1.4472e-04
 23600  8.8594e-01  1.1406e-01  4.1723e-07  1.4234e-04
 23620  8.8594e-01  1.1406e-01  5.9605e-07  1.3995e-04
 23640  8.8594e-01  1.1406e-01  1.1921e-07  1.3757e-04
 23660  8.8594e-01  1.1406e-01  0.0000e+00  1.3518e-04
 23680  8.8593e-01  1.1407e-01  1.1921e-07  1.3280e-04
 23700  8.8593e-01  1.1407e-01  4.7684e-07  1.3041e-04
 23720  8.8593e-01  1.1407e-01  1.7881e-07  1.2803e-04
 23740  8.8593e-01  1.1407e-01  2.3842e-07  1.2565e-04
 23760  8.8593e-01  1.1407e-01  5.3644e-07  1.2326e-04
 23780  8.8593e-01  1.1407e-01  2.3842e-07  1.2088e-04
 23800  8.8592e-01  1.1408e-01  5.9605e-08  1.1849e-04
 23820  8.8592e-01  1.1408e-01  1.7881e-07  1.1849e-04
 23840  8.8592e-01  1.1408e-01  0.0000e+00  1.1849e-04
 23860  8.8592e-01  1.1408e-01  1.7881e-07  1.1849e-04
 23880  8.8592e-01  1.1408e-01  0.0000e+00  1.1849e-04
 23900  8.8592e-01  1.1408e-01  0.0000e+00  1.1849e-04
 23920  8.8591e-01  1.1409e-01  5.9605e-08  1.1849e-04
 23940  8.8591e-01  1.1409e-01  2.9802e-07  1.1849e-04
 23960  8.8591e-01  1.1409e-01  0.0000e+00  1.1849e-04
 23980  8.8591e-01  1.1409e-01  0.0000e+00  1.1849e-04
 24000  8.8591e-01  1.1409e-01  5.9605e-08  1.1849e-04
 24020  8.8591e-01  1.1409e-01  1.1921e-07  1.1849e-04
 24040  8.8591e-01  1.1409e-01  5.9605e-07  1.1849e-04
 24060  8.8590e-01  1.1410e-01  0.0000e+00  1.1849e-04
 24080  8.8590e-01  1.1410e-01  1.1921e-07  1.1849e-04
 24100  8.8590e-01  1.1410e-01  3.5763e-07  1.1832e-04
 24120  8.8590e-01  1.1410e-01  2.3842e-07  1.1712e-04
 24140  8.8590e-01  1.1410e-01  0.0000e+00  1.1593e-04
 24160  8.8590e-01  1.1410e-01  0.0000e+00  1.1474e-04
 24180  8.8590e-01  1.1410e-01  0.0000e+00  1.1355e-04
 24200  8.8590e-01  1.1410e-01  1.7881e-07  1.1235e-04
 24220  8.8589e-01  1.1411e-01  0.0000e+00  1.1116e-04
 24240  8.8589e-01  1.1411e-01  1.1921e-07  1.0997e-04
 24260  8.8589e-01  1.1411e-01  0.0000e+00  1.0878e-04
 24280  8.8589e-01  1.1411e-01  4.1723e-07  1.0759e-04
 24300  8.8589e-01  1.1411e-01  1.1921e-07  1.0639e-04
 24320  8.8589e-01  1.1411e-01  1.7881e-07  1.0520e-04
 24340  8.8589e-01  1.1411e-01  0.0000e+00  1.0401e-04
 24360  8.8589e-01  1.1411e-01  2.3842e-07  1.0282e-04
 24380  8.8589e-01  1.1411e-01  0.0000e+00  1.0163e-04
 24400  8.8588e-01  1.1412e-01  1.7881e-07  1.0043e-04
 24407  8.8588e-01  0.0000e+00  1.1412e-01  0.0000e+00  9.9957e-05
# Std.corr:  FIRST=   0.07244515   LAST=   0.11411658  TIME=  42688 s
