# imodfit> Score file
# Iter       Score cross.corr. Delta_Score D_Score_Avg
     0  9.4159e-01  5.8411e-02
    20  9.4156e-01  5.8440e-02  0.0000e+00  9.1834e-41
    40  9.4152e-01  5.8482e-02  0.0000e+00  9.1834e-41
    60  9.4146e-01  5.8537e-02  0.0000e+00  9.1834e-41
    80  9.4142e-01  5.8585e-02  0.0000e+00  9.1834e-41
   100  9.4138e-01  5.8625e-02  1.6093e-06  9.1834e-41
   120  9.4134e-01  5.8660e-02  0.0000e+00  9.1834e-41
   140  9.4130e-01  5.8698e-02  0.0000e+00  9.1834e-41
   160  9.4126e-01  5.8742e-02  0.0000e+00  9.1834e-41
   180  9.4122e-01  5.8777e-02  5.6028e-06  9.1834e-41
   200  9.2334e-01  7.6658e-02  0.0000e+00  9.1834e-41
   220  9.2331e-01  7.6687e-02  2.9206e-06  9.1834e-41
   240  9.2327e-01  7.6726e-02  0.0000e+00  9.1834e-41
   260  9.2326e-01  7.6737e-02  9.5367e-07  9.1834e-41
   280  9.2324e-01  7.6761e-02  0.0000e+00  9.1834e-41
   300  9.2320e-01  7.6805e-02  0.0000e+00  9.1834e-41
   320  9.2317e-01  7.6835e-02  0.0000e+00  9.1834e-41
   340  9.2314e-01  7.6864e-02  4.7088e-06  9.1834e-41
   360  9.2309e-01  7.6908e-02  0.0000e+00  9.1834e-41
   380  9.2307e-01  7.6935e-02  9.5367e-07  9.1834e-41
   400  9.2018e-01  7.9821e-02  1.4305e-06  9.1834e-41
   420  9.2013e-01  7.9868e-02  8.0466e-06  9.1834e-41
   440  9.2006e-01  7.9937e-02  1.2517e-06  9.1834e-41
   460  9.2002e-01  7.9980e-02  4.2915e-06  9.1834e-41
   480  9.1998e-01  8.0015e-02  1.2517e-06  9.1834e-41
   500  9.1995e-01  8.0046e-02  0.0000e+00  9.1834e-41
   520  9.1992e-01  8.0080e-02  6.9737e-06  9.1834e-41
   540  9.1989e-01  8.0106e-02  7.6294e-06  9.1834e-41
   560  9.1986e-01  8.0139e-02  4.5300e-06  9.1834e-41
   580  9.1984e-01  8.0163e-02  0.0000e+00  9.1834e-41
   600  9.1961e-01  8.0390e-02  2.9802e-07  9.1834e-41
   620  9.1958e-01  8.0418e-02  0.0000e+00  9.1834e-41
   640  9.1957e-01  8.0434e-02  0.0000e+00  9.1834e-41
   660  9.1956e-01  8.0443e-02  0.0000e+00  9.1834e-41
   680  9.1954e-01  8.0459e-02  2.8014e-06  9.1834e-41
   700  9.1954e-01  8.0465e-02  0.0000e+00  9.1834e-41
   720  9.1952e-01  8.0477e-02  0.0000e+00  9.1834e-41
   740  9.1951e-01  8.0490e-02  1.6093e-06  9.1834e-41
   760  9.1950e-01  8.0496e-02  0.0000e+00  9.1834e-41
   780  9.1950e-01  8.0503e-02  0.0000e+00  9.1834e-41
   800  9.1934e-01  8.0659e-02  4.1723e-07  9.1834e-41
   820  9.1933e-01  8.0668e-02  1.0729e-06  9.1834e-41
   840  9.1932e-01  8.0677e-02  0.0000e+00  9.1834e-41
   860  9.1931e-01  8.0685e-02  0.0000e+00  9.1834e-41
   880  9.1930e-01  8.0696e-02  7.1526e-07  9.1834e-41
   900  9.1930e-01  8.0704e-02  0.0000e+00  9.1834e-41
   920  9.1929e-01  8.0713e-02  5.9605e-07  9.1834e-41
   940  9.1928e-01  8.0723e-02  0.0000e+00  9.1834e-41
   960  9.1926e-01  8.0735e-02  0.0000e+00  9.1834e-41
   980  9.1926e-01  8.0744e-02  0.0000e+00  9.1834e-41
  1000  9.1925e-01  8.0750e-02  0.0000e+00  9.1834e-41
  1020  9.1925e-01  8.0754e-02  2.3842e-07  9.1834e-41
  1040  9.1923e-01  8.0766e-02  2.9802e-07  9.1834e-41
  1060  9.1923e-01  8.0771e-02  1.1921e-07  9.1834e-41
  1080  9.1922e-01  8.0775e-02  2.9802e-07  9.1834e-41
  1100  9.1922e-01  8.0783e-02  0.0000e+00  9.1834e-41
  1120  9.1921e-01  8.0792e-02  0.0000e+00  9.1834e-41
  1140  9.1920e-01  8.0801e-02  0.0000e+00  9.1834e-41
  1160  9.1919e-01  8.0811e-02  0.0000e+00  9.1834e-41
  1180  9.1919e-01  8.0814e-02  0.0000e+00  9.1834e-41
  1200  9.1918e-01  8.0824e-02  0.0000e+00  9.1834e-41
  1220  9.1917e-01  8.0830e-02  4.7684e-07  9.1834e-41
  1240  9.1916e-01  8.0840e-02  0.0000e+00  9.1834e-41
  1260  9.1916e-01  8.0845e-02  7.7486e-07  9.1834e-41
  1280  9.1915e-01  8.0848e-02  0.0000e+00  9.1834e-41
  1300  9.1914e-01  8.0857e-02  5.9605e-07  9.1834e-41
  1320  9.1914e-01  8.0864e-02  4.1723e-07  9.1834e-41
  1340  9.1913e-01  8.0866e-02  1.0729e-06  9.1834e-41
  1360  9.1913e-01  8.0871e-02  1.1921e-07  9.1834e-41
  1380  9.1912e-01  8.0877e-02  4.7684e-07  9.1834e-41
  1400  9.1912e-01  8.0883e-02  1.7881e-07  9.1834e-41
  1420  9.1911e-01  8.0890e-02  0.0000e+00  9.1834e-41
  1440  9.1911e-01  8.0892e-02  7.7486e-07  9.1834e-41
  1460  9.1910e-01  8.0898e-02  0.0000e+00  9.1834e-41
  1480  9.1910e-01  8.0904e-02  2.9802e-07  9.1834e-41
  1500  9.1909e-01  8.0911e-02  0.0000e+00  9.1834e-41
  1520  9.1908e-01  8.0921e-02  1.6689e-06  9.1834e-41
  1540  9.1907e-01  8.0925e-02  3.5763e-07  9.1834e-41
  1560  9.1907e-01  8.0932e-02  0.0000e+00  9.1834e-41
  1580  9.1906e-01  8.0939e-02  0.0000e+00  9.1834e-41
  1600  9.1905e-01  8.0945e-02  5.3644e-07  9.1834e-41
  1620  9.1905e-01  8.0951e-02  0.0000e+00  9.1834e-41
  1640  9.1904e-01  8.0956e-02  0.0000e+00  9.1834e-41
  1660  9.1904e-01  8.0959e-02  2.3842e-07  9.1834e-41
  1680  9.1903e-01  8.0966e-02  3.5763e-07  9.1834e-41
  1700  9.1903e-01  8.0968e-02  1.6689e-06  9.1834e-41
  1720  9.1903e-01  8.0972e-02  9.5367e-07  9.1834e-41
  1740  9.1902e-01  8.0976e-02  0.0000e+00  9.1834e-41
  1760  9.1902e-01  8.0983e-02  0.0000e+00  9.1834e-41
  1780  9.1901e-01  8.0990e-02  1.1921e-07  9.1834e-41
  1800  9.1901e-01  8.0992e-02  3.5763e-07  9.1834e-41
  1820  9.1900e-01  8.1000e-02  0.0000e+00  9.1834e-41
  1840  9.1899e-01  8.1007e-02  0.0000e+00  9.1834e-41
  1860  9.1899e-01  8.1011e-02  1.1325e-06  9.1834e-41
  1880  9.1899e-01  8.1014e-02  1.7881e-07  9.1834e-41
  1900  9.1898e-01  8.1018e-02  1.7881e-07  9.1834e-41
  1920  9.1898e-01  8.1022e-02  5.9605e-08  9.1834e-41
  1940  9.1897e-01  8.1027e-02  1.7881e-07  9.1834e-41
  1960  9.1897e-01  8.1029e-02  0.0000e+00  9.1834e-41
  1980  9.1896e-01  8.1036e-02  0.0000e+00  9.1834e-41
  2000  9.1896e-01  8.1039e-02  9.5367e-07  9.1834e-41
  2020  9.1896e-01  8.1044e-02  0.0000e+00  5.1422e-03
  2040  9.1895e-01  8.1049e-02  0.0000e+00  4.7023e-03
  2060  9.1895e-01  8.1052e-02  0.0000e+00  4.2630e-03
  2080  9.1894e-01  8.1061e-02  0.0000e+00  3.8246e-03
  2100  9.1894e-01  8.1064e-02  6.5565e-07  3.3871e-03
  2120  9.1893e-01  8.1067e-02  0.0000e+00  2.9503e-03
  2140  9.1893e-01  8.1072e-02  0.0000e+00  2.5139e-03
  2160  9.1892e-01  8.1076e-02  1.7881e-07  2.0778e-03
  2180  9.1892e-01  8.1080e-02  4.1723e-07  1.6415e-03
  2200  9.1891e-01  8.1087e-02  0.0000e+00  1.2053e-03
  2220  9.1891e-01  8.1091e-02  0.0000e+00  1.1266e-03
  2240  9.1891e-01  8.1093e-02  2.3842e-07  1.0490e-03
  2260  9.1890e-01  8.1095e-02  5.9605e-08  9.7156e-04
  2280  9.1890e-01  8.1098e-02  4.7684e-07  8.9407e-04
  2300  9.1890e-01  8.1100e-02  5.3644e-07  8.1754e-04
  2320  9.1890e-01  8.1103e-02  0.0000e+00  7.4124e-04
  2340  9.1889e-01  8.1107e-02  1.7881e-07  6.6561e-04
  2360  9.1889e-01  8.1110e-02  0.0000e+00  5.9050e-04
  2380  9.1888e-01  8.1115e-02  0.0000e+00  5.1653e-04
  2400  9.1886e-01  8.1143e-02  5.9605e-08  4.4280e-04
  2420  9.1885e-01  8.1147e-02  0.0000e+00  4.2701e-04
  2440  9.1885e-01  8.1151e-02  5.9605e-08  4.1193e-04
  2460  9.1885e-01  8.1152e-02  7.7486e-07  3.9768e-04
  2480  9.1884e-01  8.1160e-02  2.3842e-07  3.8457e-04
  2500  9.1884e-01  8.1162e-02  0.0000e+00  3.7146e-04
  2520  9.1884e-01  8.1165e-02  0.0000e+00  3.5906e-04
  2540  9.1883e-01  8.1168e-02  1.0133e-06  3.4714e-04
  2560  9.1883e-01  8.1171e-02  0.0000e+00  3.3575e-04
  2580  9.1882e-01  8.1177e-02  0.0000e+00  3.2502e-04
  2600  9.1882e-01  8.1178e-02  0.0000e+00  3.1430e-04
  2620  9.1882e-01  8.1180e-02  0.0000e+00  3.0833e-04
  2640  9.1882e-01  8.1185e-02  2.3842e-07  3.0237e-04
  2660  9.1881e-01  8.1191e-02  0.0000e+00  2.9641e-04
  2680  9.1881e-01  8.1194e-02  7.1526e-07  2.9081e-04
  2700  9.1880e-01  8.1196e-02  0.0000e+00  2.8604e-04
  2720  9.1880e-01  8.1199e-02  0.0000e+00  2.8127e-04
  2740  9.1880e-01  8.1203e-02  0.0000e+00  2.7651e-04
  2760  9.1879e-01  8.1208e-02  0.0000e+00  2.7174e-04
  2780  9.1879e-01  8.1211e-02  4.1723e-07  2.6697e-04
  2800  9.1879e-01  8.1214e-02  2.3842e-07  2.6220e-04
  2820  9.1878e-01  8.1219e-02  2.3842e-07  2.6017e-04
  2840  9.1878e-01  8.1223e-02  0.0000e+00  2.5779e-04
  2860  9.1877e-01  8.1227e-02  0.0000e+00  2.5630e-04
  2880  9.1877e-01  8.1231e-02  0.0000e+00  2.5511e-04
  2900  9.1877e-01  8.1234e-02  4.7684e-07  2.5392e-04
  2920  9.1876e-01  8.1236e-02  1.1921e-07  2.5272e-04
  2940  9.1876e-01  8.1240e-02  1.1921e-07  2.5153e-04
  2960  9.1876e-01  8.1243e-02  0.0000e+00  2.5034e-04
  2980  9.1875e-01  8.1246e-02  0.0000e+00  2.4915e-04
  3000  9.1875e-01  8.1249e-02  0.0000e+00  2.4796e-04
  3020  9.1875e-01  8.1253e-02  0.0000e+00  2.4676e-04
  3040  9.1874e-01  8.1258e-02  7.7486e-07  2.4545e-04
  3060  9.1874e-01  8.1261e-02  6.5565e-07  2.4420e-04
  3080  9.1874e-01  8.1264e-02  1.1921e-07  2.4241e-04
  3100  9.1873e-01  8.1267e-02  8.3447e-07  2.4003e-04
  3120  9.1873e-01  8.1270e-02  1.7881e-07  2.3764e-04
  3140  9.1873e-01  8.1272e-02  0.0000e+00  2.3526e-04
  3160  9.1873e-01  8.1274e-02  1.1921e-07  2.3335e-04
  3180  9.1872e-01  8.1278e-02  0.0000e+00  2.3216e-04
  3200  9.1872e-01  8.1279e-02  4.7684e-07  2.3097e-04
  3220  9.1872e-01  8.1283e-02  0.0000e+00  2.2978e-04
  3240  9.1871e-01  8.1286e-02  0.0000e+00  2.2858e-04
  3260  9.1871e-01  8.1291e-02  7.7486e-07  2.2739e-04
  3280  9.1871e-01  8.1294e-02  1.7881e-07  2.2620e-04
  3300  9.1870e-01  8.1296e-02  0.0000e+00  2.2501e-04
  3320  9.1870e-01  8.1300e-02  0.0000e+00  2.2382e-04
  3340  9.1870e-01  8.1301e-02  1.1921e-07  2.2262e-04
  3360  9.1870e-01  8.1304e-02  0.0000e+00  2.2143e-04
  3380  9.1869e-01  8.1307e-02  4.7684e-07  2.2024e-04
  3400  9.1869e-01  8.1311e-02  0.0000e+00  2.1905e-04
  3420  9.1869e-01  8.1314e-02  2.9802e-07  2.1785e-04
  3440  9.1868e-01  8.1317e-02  0.0000e+00  2.1666e-04
  3460  9.1868e-01  8.1321e-02  0.0000e+00  2.1547e-04
  3480  9.1868e-01  8.1324e-02  0.0000e+00  2.1428e-04
  3500  9.1867e-01  8.1326e-02  7.7486e-07  2.1309e-04
  3520  9.1867e-01  8.1329e-02  5.9605e-08  2.1189e-04
  3540  9.1867e-01  8.1332e-02  2.3842e-07  2.1070e-04
  3560  9.1867e-01  8.1335e-02  0.0000e+00  2.0951e-04
  3580  9.1866e-01  8.1338e-02  4.7684e-07  2.0832e-04
  3600  9.1866e-01  8.1342e-02  0.0000e+00  2.0713e-04
  3620  9.1865e-01  8.1346e-02  0.0000e+00  2.0593e-04
  3640  9.1865e-01  8.1349e-02  5.9605e-07  2.0474e-04
  3660  9.1865e-01  8.1351e-02  0.0000e+00  2.0355e-04
  3680  9.1865e-01  8.1353e-02  2.3842e-07  2.0236e-04
  3700  9.1864e-01  8.1356e-02  3.5763e-07  2.0117e-04
  3720  9.1864e-01  8.1360e-02  4.1723e-07  1.9997e-04
  3740  9.1864e-01  8.1363e-02  0.0000e+00  1.9878e-04
  3760  9.1864e-01  8.1365e-02  0.0000e+00  1.9759e-04
  3780  9.1863e-01  8.1368e-02  0.0000e+00  1.9640e-04
  3800  9.1863e-01  8.1370e-02  0.0000e+00  1.9521e-04
  3820  9.1863e-01  8.1373e-02  2.9802e-07  1.9401e-04
  3840  9.1862e-01  8.1375e-02  0.0000e+00  1.9282e-04
  3860  9.1862e-01  8.1378e-02  2.9802e-07  1.9163e-04
  3880  9.1862e-01  8.1381e-02  4.7684e-07  1.9044e-04
  3900  9.1862e-01  8.1384e-02  0.0000e+00  1.8924e-04
  3920  9.1861e-01  8.1388e-02  0.0000e+00  1.8805e-04
  3940  9.1861e-01  8.1390e-02  5.9605e-08  1.8674e-04
  3960  9.1861e-01  8.1391e-02  2.3842e-07  1.8519e-04
  3980  9.1861e-01  8.1393e-02  0.0000e+00  1.8281e-04
  4000  9.1861e-01  8.1395e-02  2.3842e-07  1.8042e-04
  4020  9.1860e-01  8.1397e-02  1.7881e-07  1.7804e-04
  4040  9.1860e-01  8.1400e-02  0.0000e+00  1.7577e-04
  4060  9.1860e-01  8.1402e-02  9.5367e-07  1.7345e-04
  4080  9.1860e-01  8.1402e-02  5.9605e-08  1.7166e-04
  4100  9.1859e-01  8.1405e-02  1.1921e-07  1.7047e-04
  4120  9.1859e-01  8.1406e-02  1.1921e-07  1.6928e-04
  4140  9.1859e-01  8.1410e-02  0.0000e+00  1.6809e-04
  4160  9.1859e-01  8.1412e-02  0.0000e+00  1.6689e-04
  4180  9.1859e-01  8.1413e-02  0.0000e+00  1.6570e-04
  4200  9.1859e-01  8.1414e-02  1.1921e-07  1.6451e-04
  4220  9.1858e-01  8.1418e-02  0.0000e+00  1.6332e-04
  4240  9.1858e-01  8.1419e-02  0.0000e+00  1.6212e-04
  4260  9.1858e-01  8.1423e-02  4.7684e-07  1.6093e-04
  4280  9.1857e-01  8.1425e-02  0.0000e+00  1.5974e-04
  4300  9.1857e-01  8.1427e-02  7.7486e-07  1.5855e-04
  4320  9.1857e-01  8.1430e-02  0.0000e+00  1.5736e-04
  4340  9.1857e-01  8.1432e-02  0.0000e+00  1.5616e-04
  4360  9.1857e-01  8.1435e-02  2.3842e-07  1.5497e-04
  4380  9.1856e-01  8.1438e-02  0.0000e+00  1.5378e-04
  4400  9.1856e-01  8.1440e-02  2.3842e-07  1.5259e-04
  4420  9.1856e-01  8.1442e-02  0.0000e+00  1.5140e-04
  4440  9.1856e-01  8.1445e-02  0.0000e+00  1.5020e-04
  4460  9.1855e-01  8.1446e-02  0.0000e+00  1.4901e-04
  4480  9.1855e-01  8.1449e-02  2.3842e-07  1.4782e-04
  4500  9.1855e-01  8.1451e-02  0.0000e+00  1.4663e-04
  4520  9.1855e-01  8.1455e-02  0.0000e+00  1.4544e-04
  4540  9.1854e-01  8.1457e-02  5.9605e-08  1.4424e-04
  4560  9.1854e-01  8.1458e-02  0.0000e+00  1.4305e-04
  4580  9.1854e-01  8.1460e-02  1.1921e-07  1.4186e-04
  4600  9.1854e-01  8.1461e-02  0.0000e+00  1.4067e-04
  4620  9.1854e-01  8.1465e-02  3.5763e-07  1.3947e-04
  4640  9.1853e-01  8.1465e-02  1.7881e-07  1.3828e-04
  4660  9.1853e-01  8.1468e-02  0.0000e+00  1.3709e-04
  4680  9.1853e-01  8.1469e-02  5.9605e-07  1.3590e-04
  4700  9.1853e-01  8.1471e-02  5.3644e-07  1.3471e-04
  4720  9.1853e-01  8.1472e-02  4.7684e-07  1.3351e-04
  4740  9.1853e-01  8.1475e-02  1.1921e-07  1.3232e-04
  4760  9.1852e-01  8.1478e-02  1.7881e-07  1.3113e-04
  4780  9.1852e-01  8.1480e-02  0.0000e+00  1.2994e-04
  4800  9.1852e-01  8.1483e-02  0.0000e+00  1.2875e-04
  4820  9.1851e-01  8.1485e-02  2.9802e-07  1.2755e-04
  4840  9.1851e-01  8.1488e-02  0.0000e+00  1.2636e-04
  4860  9.1851e-01  8.1490e-02  4.1723e-07  1.2517e-04
  4880  9.1851e-01  8.1492e-02  3.5763e-07  1.2398e-04
  4900  9.1851e-01  8.1494e-02  0.0000e+00  1.2279e-04
  4920  9.1851e-01  8.1495e-02  3.5763e-07  1.2159e-04
  4940  9.1850e-01  8.1498e-02  1.7881e-07  1.2052e-04
  4960  9.1850e-01  8.1500e-02  4.1723e-07  1.1969e-04
  4980  9.1850e-01  8.1501e-02  1.1921e-07  1.1969e-04
  5000  9.1850e-01  8.1503e-02  0.0000e+00  1.1969e-04
  5020  9.1849e-01  8.1506e-02  0.0000e+00  1.1969e-04
  5040  9.1849e-01  8.1509e-02  0.0000e+00  1.1969e-04
  5060  9.1849e-01  8.1510e-02  0.0000e+00  1.1969e-04
  5080  9.1849e-01  8.1513e-02  0.0000e+00  1.1969e-04
  5100  9.1848e-01  8.1518e-02  5.3644e-07  1.1969e-04
  5120  9.1848e-01  8.1520e-02  0.0000e+00  1.1969e-04
  5140  9.1848e-01  8.1522e-02  0.0000e+00  1.1969e-04
  5160  9.1848e-01  8.1524e-02  2.3842e-07  1.1969e-04
  5180  9.1847e-01  8.1528e-02  0.0000e+00  1.1969e-04
  5200  9.1847e-01  8.1531e-02  0.0000e+00  1.1969e-04
  5220  9.1847e-01  8.1533e-02  0.0000e+00  1.1969e-04
  5240  9.1847e-01  8.1535e-02  0.0000e+00  1.1969e-04
  5260  9.1846e-01  8.1537e-02  0.0000e+00  1.1969e-04
  5280  9.1846e-01  8.1539e-02  0.0000e+00  1.1969e-04
  5300  9.1846e-01  8.1541e-02  1.7881e-07  1.1969e-04
  5320  9.1846e-01  8.1542e-02  0.0000e+00  1.1969e-04
  5340  9.1846e-01  8.1544e-02  5.9605e-07  1.1969e-04
  5360  9.1845e-01  8.1546e-02  0.0000e+00  1.1969e-04
  5380  9.1845e-01  8.1550e-02  2.9802e-07  1.1969e-04
  5400  9.1845e-01  8.1553e-02  2.3842e-07  1.1969e-04
  5420  9.1844e-01  8.1555e-02  0.0000e+00  1.1969e-04
  5440  9.1844e-01  8.1556e-02  6.5565e-07  1.1969e-04
  5460  9.1844e-01  8.1557e-02  0.0000e+00  1.1969e-04
  5480  9.1844e-01  8.1560e-02  0.0000e+00  1.1969e-04
  5500  9.1844e-01  8.1561e-02  1.1921e-07  1.1969e-04
  5520  9.1844e-01  8.1562e-02  4.7684e-07  1.1969e-04
  5540  9.1844e-01  8.1564e-02  2.3842e-07  1.1969e-04
  5560  9.1843e-01  8.1566e-02  0.0000e+00  1.1969e-04
  5580  9.1843e-01  8.1568e-02  1.1921e-07  1.1969e-04
  5600  9.1843e-01  8.1570e-02  1.1921e-07  1.1969e-04
  5620  9.1843e-01  8.1573e-02  0.0000e+00  1.1969e-04
  5640  9.1843e-01  8.1575e-02  0.0000e+00  1.1969e-04
  5660  9.1842e-01  8.1577e-02  0.0000e+00  1.1969e-04
  5680  9.1842e-01  8.1579e-02  0.0000e+00  1.1969e-04
  5700  9.1842e-01  8.1582e-02  2.3842e-07  1.1969e-04
  5720  9.1842e-01  8.1583e-02  1.7881e-07  1.1969e-04
  5740  9.1841e-01  8.1586e-02  0.0000e+00  1.1969e-04
  5760  9.1841e-01  8.1589e-02  0.0000e+00  1.1969e-04
  5780  9.1841e-01  8.1590e-02  2.3842e-07  1.1969e-04
  5800  9.1841e-01  8.1592e-02  0.0000e+00  1.1969e-04
  5820  9.1841e-01  8.1594e-02  1.7881e-07  1.1969e-04
  5840  9.1840e-01  8.1597e-02  0.0000e+00  1.1969e-04
  5860  9.1840e-01  8.1599e-02  0.0000e+00  1.1969e-04
  5880  9.1840e-01  8.1601e-02  3.5763e-07  1.1969e-04
  5900  9.1840e-01  8.1604e-02  0.0000e+00  1.1969e-04
  5920  9.1839e-01  8.1606e-02  0.0000e+00  1.1969e-04
  5940  9.1839e-01  8.1608e-02  2.3842e-07  1.1969e-04
  5960  9.1839e-01  8.1610e-02  5.9605e-08  1.1969e-04
  5980  9.1839e-01  8.1612e-02  3.5763e-07  1.1969e-04
  6000  9.1839e-01  8.1614e-02  5.9605e-07  1.1969e-04
  6020  9.1838e-01  8.1616e-02  0.0000e+00  1.1969e-04
  6040  9.1838e-01  8.1618e-02  0.0000e+00  1.1969e-04
  6060  9.1838e-01  8.1620e-02  1.1921e-07  1.1969e-04
  6080  9.1838e-01  8.1622e-02  0.0000e+00  1.1969e-04
  6100  9.1838e-01  8.1623e-02  1.1921e-07  1.1969e-04
  6120  9.1838e-01  8.1625e-02  2.3842e-07  1.1969e-04
  6140  9.1837e-01  8.1626e-02  1.7881e-07  1.1969e-04
  6160  9.1837e-01  8.1628e-02  0.0000e+00  1.1969e-04
  6180  9.1837e-01  8.1630e-02  3.5763e-07  1.1969e-04
  6200  9.1837e-01  8.1631e-02  1.1921e-07  1.1969e-04
  6220  9.1837e-01  8.1633e-02  3.5763e-07  1.1969e-04
  6240  9.1836e-01  8.1635e-02  2.9802e-07  1.1969e-04
  6260  9.1836e-01  8.1637e-02  4.7684e-07  1.1969e-04
  6280  9.1836e-01  8.1639e-02  0.0000e+00  1.1969e-04
  6300  9.1836e-01  8.1642e-02  0.0000e+00  1.1969e-04
  6320  9.1836e-01  8.1644e-02  0.0000e+00  1.1969e-04
  6340  9.1835e-01  8.1645e-02  0.0000e+00  1.1969e-04
  6360  9.1835e-01  8.1646e-02  5.3644e-07  1.1969e-04
  6380  9.1835e-01  8.1649e-02  0.0000e+00  1.1969e-04
  6400  9.1835e-01  8.1651e-02  2.3842e-07  1.1969e-04
  6420  9.1835e-01  8.1654e-02  4.7684e-07  1.1969e-04
  6440  9.1834e-01  8.1656e-02  0.0000e+00  1.1969e-04
  6460  9.1834e-01  8.1658e-02  0.0000e+00  1.1969e-04
  6480  9.1834e-01  8.1660e-02  5.9605e-07  1.1969e-04
  6500  9.1834e-01  8.1663e-02  0.0000e+00  1.1969e-04
  6520  9.1833e-01  8.1665e-02  0.0000e+00  1.1969e-04
  6540  9.1833e-01  8.1669e-02  8.9407e-07  1.1969e-04
  6560  9.1833e-01  8.1670e-02  2.9802e-07  1.1969e-04
  6580  9.1833e-01  8.1672e-02  0.0000e+00  1.1969e-04
  6600  9.1833e-01  8.1674e-02  0.0000e+00  1.1969e-04
  6620  9.1832e-01  8.1677e-02  0.0000e+00  1.1969e-04
  6640  9.1832e-01  8.1678e-02  0.0000e+00  1.1969e-04
  6660  9.1832e-01  8.1681e-02  0.0000e+00  1.1969e-04
  6680  9.1832e-01  8.1685e-02  0.0000e+00  1.1969e-04
  6700  9.1831e-01  8.1687e-02  0.0000e+00  1.1969e-04
  6720  9.1831e-01  8.1690e-02  5.9605e-07  1.1969e-04
  6740  9.1831e-01  8.1692e-02  1.1921e-07  1.1969e-04
  6760  9.1831e-01  8.1694e-02  0.0000e+00  1.1969e-04
  6780  9.1830e-01  8.1696e-02  5.9605e-08  1.1969e-04
  6800  9.1830e-01  8.1697e-02  1.1921e-07  1.1969e-04
  6820  9.1830e-01  8.1700e-02  3.5763e-07  1.1969e-04
  6840  9.1830e-01  8.1702e-02  0.0000e+00  1.1969e-04
  6860  9.1830e-01  8.1703e-02  1.1921e-07  1.1969e-04
  6880  9.1829e-01  8.1705e-02  4.1723e-07  1.1969e-04
  6900  9.1829e-01  8.1707e-02  5.9605e-08  1.1969e-04
  6920  9.1829e-01  8.1709e-02  0.0000e+00  1.1969e-04
  6940  9.1829e-01  8.1710e-02  0.0000e+00  1.1969e-04
  6960  9.1829e-01  8.1712e-02  0.0000e+00  1.1969e-04
  6980  9.1829e-01  8.1713e-02  0.0000e+00  1.1969e-04
  7000  9.1829e-01  8.1714e-02  2.3842e-07  1.1969e-04
  7020  9.1828e-01  8.1716e-02  5.3644e-07  1.1969e-04
  7040  9.1828e-01  8.1717e-02  5.9605e-08  1.1969e-04
  7060  9.1828e-01  8.1719e-02  2.9802e-07  1.1969e-04
  7080  9.1828e-01  8.1720e-02  1.7881e-07  1.1969e-04
  7100  9.1828e-01  8.1723e-02  0.0000e+00  1.1969e-04
  7120  9.1828e-01  8.1724e-02  0.0000e+00  1.1969e-04
  7140  9.1827e-01  8.1727e-02  0.0000e+00  1.1969e-04
  7160  9.1827e-01  8.1728e-02  0.0000e+00  1.1969e-04
  7180  9.1827e-01  8.1729e-02  0.0000e+00  1.1969e-04
  7200  9.1827e-01  8.1731e-02  0.0000e+00  1.1969e-04
  7220  9.1827e-01  8.1732e-02  5.3644e-07  1.1969e-04
  7240  9.1827e-01  8.1733e-02  0.0000e+00  1.1969e-04
  7260  9.1826e-01  8.1736e-02  0.0000e+00  1.1969e-04
  7280  9.1826e-01  8.1737e-02  0.0000e+00  1.1969e-04
  7300  9.1826e-01  8.1739e-02  2.3842e-07  1.1969e-04
  7320  9.1826e-01  8.1741e-02  2.9802e-07  1.1969e-04
  7340  9.1826e-01  8.1742e-02  5.9605e-08  1.1969e-04
  7360  9.1826e-01  8.1744e-02  5.3644e-07  1.1969e-04
  7380  9.1825e-01  8.1747e-02  6.5565e-07  1.1969e-04
  7400  9.1825e-01  8.1748e-02  2.9802e-07  1.1969e-04
  7420  9.1825e-01  8.1750e-02  0.0000e+00  1.1969e-04
  7440  9.1825e-01  8.1751e-02  2.9802e-07  1.1969e-04
  7460  9.1825e-01  8.1753e-02  4.1723e-07  1.1969e-04
  7480  9.1825e-01  8.1753e-02  5.3644e-07  1.1969e-04
  7500  9.1825e-01  8.1754e-02  2.9802e-07  1.1969e-04
  7520  9.1824e-01  8.1755e-02  0.0000e+00  1.1969e-04
  7540  9.1824e-01  8.1756e-02  1.7881e-07  1.1873e-04
  7560  9.1824e-01  8.1760e-02  0.0000e+00  1.1754e-04
  7580  9.1824e-01  8.1761e-02  3.5763e-07  1.1635e-04
  7600  9.1824e-01  8.1763e-02  0.0000e+00  1.1539e-04
  7620  9.1824e-01  8.1764e-02  1.7881e-07  1.1420e-04
  7640  9.1823e-01  8.1766e-02  0.0000e+00  1.1301e-04
  7660  9.1823e-01  8.1767e-02  7.7486e-07  1.1182e-04
  7680  9.1823e-01  8.1769e-02  0.0000e+00  1.1063e-04
  7700  9.1823e-01  8.1771e-02  4.1723e-07  1.0943e-04
  7720  9.1823e-01  8.1772e-02  5.9605e-08  1.0824e-04
  7740  9.1823e-01  8.1774e-02  1.1921e-07  1.0705e-04
  7760  9.1822e-01  8.1776e-02  0.0000e+00  1.0586e-04
  7780  9.1822e-01  8.1778e-02  0.0000e+00  1.0467e-04
  7800  9.1822e-01  8.1780e-02  0.0000e+00  1.0347e-04
  7820  9.1822e-01  8.1781e-02  2.3842e-07  1.0228e-04
  7840  9.1822e-01  8.1784e-02  0.0000e+00  1.0109e-04
  7858  9.1821e-01  0.0000e+00  8.1785e-02  0.0000e+00  9.9957e-05
# Std.corr:  FIRST=   0.05841112   LAST=   0.08178543  TIME=  17762 s
