# imodfit> Score file
# Iter       Score cross.corr. Delta_Score D_Score_Avg
     0  8.9329e-01  1.0671e-01
    20  8.9326e-01  1.0674e-01  2.0862e-06  4.5692e-41
    40  8.9324e-01  1.0676e-01  1.7881e-06  4.5692e-41
    60  8.9322e-01  1.0678e-01  0.0000e+00  4.5692e-41
    80  8.9320e-01  1.0680e-01  0.0000e+00  4.5692e-41
   100  8.9318e-01  1.0682e-01  0.0000e+00  4.5692e-41
   120  8.9316e-01  1.0684e-01  5.9605e-07  4.5692e-41
   140  8.9315e-01  1.0685e-01  1.4305e-06  4.5692e-41
   160  8.9313e-01  1.0687e-01  0.0000e+00  4.5692e-41
   180  8.9312e-01  1.0688e-01  2.0862e-06  4.5692e-41
   200  8.8538e-01  1.1462e-01  0.0000e+00  4.5692e-41
   220  8.8536e-01  1.1464e-01  8.9407e-07  4.5692e-41
   240  8.8534e-01  1.1466e-01  0.0000e+00  4.5692e-41
   260  8.8533e-01  1.1467e-01  0.0000e+00  4.5692e-41
   280  8.8532e-01  1.1468e-01  4.7684e-07  4.5692e-41
   300  8.8531e-01  1.1469e-01  8.9407e-07  4.5692e-41
   320  8.8531e-01  1.1469e-01  7.7486e-07  4.5692e-41
   340  8.8530e-01  1.1470e-01  7.1526e-07  4.5692e-41
   360  8.8529e-01  1.1471e-01  0.0000e+00  4.5692e-41
   380  8.8529e-01  1.1471e-01  0.0000e+00  4.5692e-41
   400  8.8529e-01  1.1471e-01  5.3644e-07  4.5692e-41
   420  8.8528e-01  1.1472e-01  0.0000e+00  4.5692e-41
   440  8.8528e-01  1.1472e-01  0.0000e+00  4.5692e-41
   460  8.8528e-01  1.1472e-01  2.3842e-07  4.5692e-41
   480  8.8527e-01  1.1473e-01  4.7684e-07  4.5692e-41
   500  8.8527e-01  1.1473e-01  2.9802e-07  4.5692e-41
   520  8.8527e-01  1.1473e-01  0.0000e+00  4.5692e-41
   540  8.8527e-01  1.1473e-01  0.0000e+00  4.5692e-41
   560  8.8526e-01  1.1474e-01  0.0000e+00  4.5692e-41
   580  8.8526e-01  1.1474e-01  0.0000e+00  4.5692e-41
   600  8.8526e-01  1.1474e-01  0.0000e+00  4.5692e-41
   620  8.8526e-01  1.1474e-01  0.0000e+00  4.5692e-41
   640  8.8526e-01  1.1474e-01  0.0000e+00  4.5692e-41
   660  8.8526e-01  1.1474e-01  2.3842e-07  4.5692e-41
   680  8.8526e-01  1.1474e-01  0.0000e+00  4.5692e-41
   700  8.8526e-01  1.1474e-01  0.0000e+00  4.5692e-41
   720  8.8525e-01  1.1475e-01  0.0000e+00  4.5692e-41
   740  8.8525e-01  1.1475e-01  0.0000e+00  4.5692e-41
   760  8.8525e-01  1.1475e-01  0.0000e+00  4.5692e-41
   780  8.8525e-01  1.1475e-01  0.0000e+00  4.5692e-41
   800  8.8525e-01  1.1475e-01  0.0000e+00  4.5692e-41
   820  8.8525e-01  1.1475e-01  0.0000e+00  4.5692e-41
   840  8.8525e-01  1.1475e-01  0.0000e+00  4.5692e-41
   860  8.8524e-01  1.1476e-01  0.0000e+00  4.5692e-41
   880  8.8524e-01  1.1476e-01  1.7881e-07  4.5692e-41
   900  8.8524e-01  1.1476e-01  4.1723e-07  4.5692e-41
   920  8.8524e-01  1.1476e-01  1.7881e-07  4.5692e-41
   940  8.8524e-01  1.1476e-01  0.0000e+00  4.5692e-41
   960  8.8524e-01  1.1476e-01  7.7486e-07  4.5692e-41
   980  8.8524e-01  1.1476e-01  1.1921e-07  4.5692e-41
  1000  8.8524e-01  1.1476e-01  2.9802e-07  4.5692e-41
  1020  8.8523e-01  1.1477e-01  2.3842e-07  4.5692e-41
  1040  8.8523e-01  1.1477e-01  0.0000e+00  4.5692e-41
  1060  8.8523e-01  1.1477e-01  0.0000e+00  4.5692e-41
  1080  8.8523e-01  1.1477e-01  0.0000e+00  4.5692e-41
  1100  8.8523e-01  1.1477e-01  4.1723e-07  4.5692e-41
  1120  8.8523e-01  1.1477e-01  2.9802e-07  4.5692e-41
  1140  8.8523e-01  1.1477e-01  1.7881e-07  4.5692e-41
  1160  8.8523e-01  1.1477e-01  1.7881e-07  4.5692e-41
  1180  8.8523e-01  1.1477e-01  2.9802e-07  4.5692e-41
  1200  8.8522e-01  1.1478e-01  0.0000e+00  4.5692e-41
  1220  8.8522e-01  1.1478e-01  1.7881e-07  4.5692e-41
  1240  8.8522e-01  1.1478e-01  5.9605e-08  4.5692e-41
  1260  8.8522e-01  1.1478e-01  0.0000e+00  4.5692e-41
  1280  8.8522e-01  1.1478e-01  5.9605e-08  4.5692e-41
  1300  8.8522e-01  1.1478e-01  0.0000e+00  4.5692e-41
  1320  8.8522e-01  1.1478e-01  5.9605e-08  4.5692e-41
  1340  8.8522e-01  1.1478e-01  1.1921e-07  4.5692e-41
  1360  8.8522e-01  1.1478e-01  1.1921e-07  4.5692e-41
  1380  8.8521e-01  1.1479e-01  1.7881e-07  4.5692e-41
  1400  8.8521e-01  1.1479e-01  0.0000e+00  4.5692e-41
  1420  8.8521e-01  1.1479e-01  0.0000e+00  4.5692e-41
  1440  8.8521e-01  1.1479e-01  0.0000e+00  4.5692e-41
  1460  8.8521e-01  1.1479e-01  1.7881e-07  4.5692e-41
  1480  8.8521e-01  1.1479e-01  5.9605e-08  4.5692e-41
  1500  8.8521e-01  1.1479e-01  1.1921e-07  4.5692e-41
  1520  8.8521e-01  1.1479e-01  2.3842e-07  4.5692e-41
  1540  8.8521e-01  1.1479e-01  4.7684e-07  4.5692e-41
  1560  8.8521e-01  1.1479e-01  1.1921e-07  4.5692e-41
  1580  8.8521e-01  1.1479e-01  3.5763e-07  4.5692e-41
  1600  8.8520e-01  1.1480e-01  1.1921e-07  4.5692e-41
  1620  8.8520e-01  1.1480e-01  5.9605e-08  4.5692e-41
  1640  8.8520e-01  1.1480e-01  5.9605e-08  4.5692e-41
  1660  8.8520e-01  1.1480e-01  2.9802e-07  4.5692e-41
  1680  8.8520e-01  1.1480e-01  1.1921e-07  4.5692e-41
  1700  8.8520e-01  1.1480e-01  1.7881e-07  4.5692e-41
  1720  8.8520e-01  1.1480e-01  2.3842e-07  4.5692e-41
  1740  8.8520e-01  1.1480e-01  1.1921e-07  4.5692e-41
  1760  8.8520e-01  1.1480e-01  0.0000e+00  4.5692e-41
  1780  8.8520e-01  1.1480e-01  1.1921e-07  4.5692e-41
  1800  8.8520e-01  1.1480e-01  0.0000e+00  4.5692e-41
  1820  8.8520e-01  1.1480e-01  0.0000e+00  4.5692e-41
  1840  8.8520e-01  1.1480e-01  0.0000e+00  4.5692e-41
  1860  8.8520e-01  1.1480e-01  0.0000e+00  4.5692e-41
  1880  8.8519e-01  1.1481e-01  2.3842e-07  4.5692e-41
  1900  8.8519e-01  1.1481e-01  3.5763e-07  4.5692e-41
  1920  8.8519e-01  1.1481e-01  0.0000e+00  4.5692e-41
  1940  8.8519e-01  1.1481e-01  0.0000e+00  4.5692e-41
  1960  8.8519e-01  1.1481e-01  0.0000e+00  4.5692e-41
  1980  8.8519e-01  1.1481e-01  3.5763e-07  4.5692e-41
  2000  8.8519e-01  1.1481e-01  0.0000e+00  4.5692e-41
  2020  8.8519e-01  1.1481e-01  1.7881e-07  1.4862e-03
  2040  8.8519e-01  1.1481e-01  2.3842e-07  1.3270e-03
  2060  8.8519e-01  1.1481e-01  0.0000e+00  1.1684e-03
  2080  8.8519e-01  1.1481e-01  1.7881e-07  1.0099e-03
  2100  8.8519e-01  1.1481e-01  1.7881e-07  8.5199e-04
  2120  8.8519e-01  1.1481e-01  0.0000e+00  6.9463e-04
  2140  8.8519e-01  1.1481e-01  1.7881e-07  5.3728e-04
  2160  8.8518e-01  1.1482e-01  0.0000e+00  3.7992e-04
  2180  8.8518e-01  1.1482e-01  2.3842e-07  2.2322e-04
  2195  8.8518e-01  0.0000e+00  1.1482e-01  2.9802e-07  9.8288e-05
# Std.corr:  FIRST=   0.10671312   LAST=   0.11481759  TIME=   4638 s
