# imodfit> Score file
# Iter       Score cross.corr. Delta_Score D_Score_Avg
     0  9.4579e-01  5.4213e-02
    20  9.4577e-01  5.4229e-02  0.0000e+00  4.5883e-41
    40  9.4575e-01  5.4247e-02  0.0000e+00  4.5883e-41
    60  9.4574e-01  5.4259e-02  0.0000e+00  4.5883e-41
    80  9.4573e-01  5.4265e-02  8.3447e-07  4.5883e-41
   100  9.4573e-01  5.4273e-02  0.0000e+00  4.5883e-41
   120  9.4571e-01  5.4293e-02  0.0000e+00  4.5883e-41
   140  9.4569e-01  5.4305e-02  8.9407e-07  4.5883e-41
   160  9.4568e-01  5.4322e-02  7.7486e-07  4.5883e-41
   180  9.4566e-01  5.4339e-02  1.9073e-06  4.5883e-41
   200  9.2963e-01  7.0374e-02  8.3447e-07  4.5883e-41
   220  9.2958e-01  7.0420e-02  0.0000e+00  4.5883e-41
   240  9.2955e-01  7.0452e-02  0.0000e+00  4.5883e-41
   260  9.2953e-01  7.0471e-02  0.0000e+00  4.5883e-41
   280  9.2951e-01  7.0492e-02  3.8147e-06  4.5883e-41
   300  9.2946e-01  7.0535e-02  7.2718e-06  4.5883e-41
   320  9.2943e-01  7.0574e-02  2.3842e-06  4.5883e-41
   340  9.2938e-01  7.0624e-02  8.1658e-06  4.5883e-41
   360  9.2935e-01  7.0654e-02  1.7881e-07  4.5883e-41
   380  9.2930e-01  7.0699e-02  0.0000e+00  4.5883e-41
   400  9.1658e-01  8.3421e-02  0.0000e+00  4.5883e-41
   420  9.1655e-01  8.3447e-02  1.1921e-07  4.5883e-41
   440  9.1648e-01  8.3520e-02  0.0000e+00  4.5883e-41
   460  9.1643e-01  8.3566e-02  2.9802e-06  4.5883e-41
   480  9.1638e-01  8.3625e-02  0.0000e+00  4.5883e-41
   500  9.1632e-01  8.3679e-02  1.9073e-06  4.5883e-41
   520  9.1630e-01  8.3704e-02  0.0000e+00  4.5883e-41
   540  9.1625e-01  8.3755e-02  7.9274e-06  4.5883e-41
   560  9.1621e-01  8.3795e-02  0.0000e+00  4.5883e-41
   580  9.1616e-01  8.3845e-02  0.0000e+00  4.5883e-41
   600  9.1154e-01  8.8463e-02  0.0000e+00  4.5883e-41
   620  9.1148e-01  8.8523e-02  1.5378e-05  4.5883e-41
   640  9.1141e-01  8.8588e-02  0.0000e+00  4.5883e-41
   660  9.1135e-01  8.8647e-02  0.0000e+00  4.5883e-41
   680  9.1129e-01  8.8714e-02  9.5963e-06  4.5883e-41
   700  9.1124e-01  8.8762e-02  0.0000e+00  4.5883e-41
   720  9.1120e-01  8.8800e-02  0.0000e+00  4.5883e-41
   740  9.1118e-01  8.8822e-02  0.0000e+00  4.5883e-41
   760  9.1113e-01  8.8866e-02  0.0000e+00  4.5883e-41
   780  9.1107e-01  8.8929e-02  5.0068e-06  4.5883e-41
   800  9.1026e-01  8.9738e-02  3.9339e-06  4.5883e-41
   820  9.1022e-01  8.9780e-02  3.8147e-06  4.5883e-41
   840  9.1019e-01  8.9813e-02  0.0000e+00  4.5883e-41
   860  9.1015e-01  8.9851e-02  0.0000e+00  4.5883e-41
   880  9.1012e-01  8.9878e-02  0.0000e+00  4.5883e-41
   900  9.1005e-01  8.9949e-02  0.0000e+00  4.5883e-41
   920  9.1002e-01  8.9982e-02  6.3181e-06  4.5883e-41
   940  9.0997e-01  9.0025e-02  1.1921e-07  4.5883e-41
   960  9.0995e-01  9.0047e-02  0.0000e+00  4.5883e-41
   980  9.0988e-01  9.0117e-02  0.0000e+00  4.5883e-41
  1000  9.0982e-01  9.0183e-02  8.9407e-07  4.5883e-41
  1020  9.0978e-01  9.0221e-02  1.0014e-05  4.5883e-41
  1040  9.0974e-01  9.0261e-02  1.3709e-06  4.5883e-41
  1060  9.0969e-01  9.0307e-02  0.0000e+00  4.5883e-41
  1080  9.0964e-01  9.0357e-02  0.0000e+00  4.5883e-41
  1100  9.0959e-01  9.0406e-02  8.9407e-07  4.5883e-41
  1120  9.0955e-01  9.0448e-02  8.2850e-06  4.5883e-41
  1140  9.0953e-01  9.0469e-02  8.5831e-06  4.5883e-41
  1160  9.0950e-01  9.0503e-02  0.0000e+00  4.5883e-41
  1180  9.0943e-01  9.0569e-02  0.0000e+00  4.5883e-41
  1200  9.0936e-01  9.0636e-02  0.0000e+00  4.5883e-41
  1220  9.0931e-01  9.0692e-02  3.3975e-06  4.5883e-41
  1240  9.0928e-01  9.0721e-02  7.3910e-06  4.5883e-41
  1260  9.0923e-01  9.0771e-02  4.2319e-06  4.5883e-41
  1280  9.0920e-01  9.0800e-02  4.4107e-06  4.5883e-41
  1300  9.0917e-01  9.0833e-02  0.0000e+00  4.5883e-41
  1320  9.0913e-01  9.0867e-02  9.7156e-06  4.5883e-41
  1340  9.0912e-01  9.0877e-02  7.2718e-06  4.5883e-41
  1360  9.0910e-01  9.0897e-02  0.0000e+00  4.5883e-41
  1380  9.0905e-01  9.0952e-02  0.0000e+00  4.5883e-41
  1400  9.0902e-01  9.0979e-02  3.4571e-06  4.5883e-41
  1420  9.0900e-01  9.1002e-02  6.5565e-06  4.5883e-41
  1440  9.0897e-01  9.1025e-02  0.0000e+00  4.5883e-41
  1460  9.0893e-01  9.1069e-02  0.0000e+00  4.5883e-41
  1480  9.0891e-01  9.1093e-02  1.3709e-06  4.5883e-41
  1500  9.0888e-01  9.1118e-02  0.0000e+00  4.5883e-41
  1520  9.0884e-01  9.1155e-02  1.3709e-06  4.5883e-41
  1540  9.0881e-01  9.1195e-02  1.4901e-06  4.5883e-41
  1560  9.0878e-01  9.1223e-02  0.0000e+00  4.5883e-41
  1580  9.0876e-01  9.1243e-02  4.7088e-06  4.5883e-41
  1600  9.0872e-01  9.1279e-02  0.0000e+00  4.5883e-41
  1620  9.0871e-01  9.1291e-02  6.1393e-06  4.5883e-41
  1640  9.0866e-01  9.1341e-02  0.0000e+00  4.5883e-41
  1660  9.0864e-01  9.1361e-02  4.8876e-06  4.5883e-41
  1680  9.0862e-01  9.1380e-02  0.0000e+00  4.5883e-41
  1700  9.0859e-01  9.1414e-02  2.0862e-06  4.5883e-41
  1720  9.0857e-01  9.1429e-02  0.0000e+00  4.5883e-41
  1740  9.0854e-01  9.1455e-02  0.0000e+00  4.5883e-41
  1760  9.0852e-01  9.1482e-02  7.7486e-07  4.5883e-41
  1780  9.0850e-01  9.1500e-02  1.1325e-06  4.5883e-41
  1800  9.0845e-01  9.1546e-02  1.6689e-06  4.5883e-41
  1820  9.0843e-01  9.1571e-02  2.3246e-06  4.5883e-41
  1840  9.0839e-01  9.1613e-02  0.0000e+00  4.5883e-41
  1860  9.0837e-01  9.1628e-02  1.1921e-06  4.5883e-41
  1880  9.0834e-01  9.1656e-02  0.0000e+00  4.5883e-41
  1900  9.0832e-01  9.1678e-02  0.0000e+00  4.5883e-41
  1920  9.0830e-01  9.1699e-02  0.0000e+00  4.5883e-41
  1940  9.0828e-01  9.1716e-02  4.7684e-07  4.5883e-41
  1960  9.0827e-01  9.1731e-02  5.9605e-08  4.5883e-41
  1980  9.0825e-01  9.1748e-02  4.3511e-06  4.5883e-41
  2000  9.0824e-01  9.1764e-02  3.0398e-06  4.5883e-41
  2020  9.0821e-01  9.1792e-02  2.0266e-06  1.2964e-02
  2040  9.0820e-01  9.1802e-02  3.0398e-06  1.2275e-02
  2060  9.0817e-01  9.1827e-02  0.0000e+00  1.1585e-02
  2080  9.0816e-01  9.1845e-02  4.1723e-07  1.0894e-02
  2100  9.0814e-01  9.1862e-02  0.0000e+00  1.0200e-02
  2120  9.0811e-01  9.1887e-02  0.0000e+00  9.5063e-03
  2140  9.0809e-01  9.1909e-02  1.1921e-07  8.8114e-03
  2160  9.0807e-01  9.1927e-02  2.9802e-06  8.1164e-03
  2180  9.0805e-01  9.1952e-02  1.4305e-06  7.4205e-03
  2200  9.0803e-01  9.1965e-02  1.7881e-06  6.7228e-03
  2220  9.0802e-01  9.1980e-02  2.6226e-06  6.3437e-03
  2240  9.0800e-01  9.1998e-02  5.9605e-08  5.9642e-03
  2260  9.0798e-01  9.2022e-02  0.0000e+00  5.5836e-03
  2280  9.0796e-01  9.2037e-02  8.3447e-07  5.2022e-03
  2300  9.0795e-01  9.2053e-02  7.7486e-07  4.8206e-03
  2320  9.0793e-01  9.2067e-02  4.1127e-06  4.4382e-03
  2340  9.0792e-01  9.2079e-02  7.1526e-07  4.0568e-03
  2360  9.0790e-01  9.2098e-02  9.5367e-07  3.6753e-03
  2380  9.0789e-01  9.2113e-02  0.0000e+00  3.2939e-03
  2400  9.0788e-01  9.2120e-02  0.0000e+00  2.9113e-03
  2420  9.0787e-01  9.2133e-02  1.4901e-06  2.7825e-03
  2440  9.0785e-01  9.2150e-02  0.0000e+00  2.6547e-03
  2460  9.0784e-01  9.2163e-02  3.3975e-06  2.5268e-03
  2480  9.0782e-01  9.2180e-02  0.0000e+00  2.3983e-03
  2500  9.0781e-01  9.2190e-02  0.0000e+00  2.2707e-03
  2520  9.0779e-01  9.2207e-02  1.7881e-07  2.1431e-03
  2540  9.0778e-01  9.2217e-02  0.0000e+00  2.0147e-03
  2560  9.0777e-01  9.2227e-02  0.0000e+00  1.8860e-03
  2580  9.0776e-01  9.2244e-02  0.0000e+00  1.7582e-03
  2600  9.0774e-01  9.2265e-02  0.0000e+00  1.6307e-03
  2620  9.0772e-01  9.2276e-02  0.0000e+00  1.5945e-03
  2640  9.0772e-01  9.2283e-02  1.0133e-06  1.5589e-03
  2660  9.0770e-01  9.2297e-02  0.0000e+00  1.5231e-03
  2680  9.0769e-01  9.2312e-02  0.0000e+00  1.4884e-03
  2700  9.0768e-01  9.2324e-02  1.5497e-06  1.4538e-03
  2720  9.0766e-01  9.2336e-02  0.0000e+00  1.4192e-03
  2740  9.0765e-01  9.2349e-02  0.0000e+00  1.3847e-03
  2760  9.0763e-01  9.2366e-02  2.0266e-06  1.3501e-03
  2780  9.0762e-01  9.2376e-02  0.0000e+00  1.3160e-03
  2800  9.0761e-01  9.2389e-02  0.0000e+00  1.2817e-03
  2820  9.0760e-01  9.2398e-02  0.0000e+00  1.2627e-03
  2840  9.0760e-01  9.2405e-02  0.0000e+00  1.2430e-03
  2860  9.0758e-01  9.2415e-02  0.0000e+00  1.2227e-03
  2880  9.0758e-01  9.2425e-02  1.0133e-06  1.2025e-03
  2900  9.0757e-01  9.2434e-02  2.0266e-06  1.1829e-03
  2920  9.0756e-01  9.2442e-02  0.0000e+00  1.1638e-03
  2940  9.0755e-01  9.2448e-02  2.0862e-06  1.1437e-03
  2960  9.0755e-01  9.2453e-02  0.0000e+00  1.1246e-03
  2980  9.0754e-01  9.2460e-02  0.0000e+00  1.1057e-03
  3000  9.0753e-01  9.2471e-02  4.1723e-07  1.0878e-03
  3020  9.0752e-01  9.2483e-02  0.0000e+00  1.0703e-03
  3040  9.0751e-01  9.2491e-02  0.0000e+00  1.0536e-03
  3060  9.0750e-01  9.2497e-02  1.6093e-06  1.0359e-03
  3080  9.0750e-01  9.2501e-02  1.7881e-07  1.0191e-03
  3100  9.0749e-01  9.2509e-02  1.1921e-07  1.0030e-03
  3120  9.0748e-01  9.2516e-02  0.0000e+00  9.8747e-04
  3140  9.0747e-01  9.2530e-02  4.7684e-07  9.7114e-04
  3160  9.0746e-01  9.2536e-02  9.5367e-07  9.5445e-04
  3180  9.0746e-01  9.2543e-02  1.1921e-07  9.3824e-04
  3200  9.0744e-01  9.2562e-02  2.9206e-06  9.2292e-04
  3220  9.0742e-01  9.2584e-02  3.0398e-06  9.0861e-04
  3240  9.0741e-01  9.2595e-02  1.8477e-06  8.9473e-04
  3260  9.0740e-01  9.2602e-02  3.5763e-07  8.8161e-04
  3280  9.0738e-01  9.2619e-02  0.0000e+00  8.6850e-04
  3300  9.0738e-01  9.2625e-02  0.0000e+00  8.5551e-04
  3320  9.0737e-01  9.2630e-02  1.4305e-06  8.4329e-04
  3340  9.0736e-01  9.2637e-02  4.7684e-07  8.3017e-04
  3360  9.0736e-01  9.2645e-02  1.6689e-06  8.1706e-04
  3380  9.0735e-01  9.2651e-02  0.0000e+00  8.0395e-04
  3400  9.0734e-01  9.2664e-02  0.0000e+00  7.9197e-04
  3420  9.0733e-01  9.2671e-02  0.0000e+00  7.8005e-04
  3440  9.0732e-01  9.2682e-02  9.5367e-07  7.6813e-04
  3460  9.0731e-01  9.2686e-02  6.5565e-07  7.5650e-04
  3480  9.0731e-01  9.2692e-02  1.1325e-06  7.4577e-04
  3500  9.0730e-01  9.2700e-02  0.0000e+00  7.3504e-04
  3520  9.0730e-01  9.2705e-02  0.0000e+00  7.2330e-04
  3540  9.0729e-01  9.2710e-02  8.3447e-07  7.1228e-04
  3560  9.0728e-01  9.2717e-02  8.3447e-07  7.0155e-04
  3580  9.0728e-01  9.2722e-02  0.0000e+00  6.9082e-04
  3600  9.0727e-01  9.2725e-02  0.0000e+00  6.8009e-04
  3620  9.0727e-01  9.2731e-02  0.0000e+00  6.6984e-04
  3640  9.0727e-01  9.2734e-02  4.7684e-07  6.6012e-04
  3660  9.0726e-01  9.2741e-02  0.0000e+00  6.5005e-04
  3680  9.0726e-01  9.2744e-02  0.0000e+00  6.3932e-04
  3700  9.0725e-01  9.2749e-02  1.1325e-06  6.2895e-04
  3720  9.0725e-01  9.2753e-02  0.0000e+00  6.1941e-04
  3740  9.0724e-01  9.2758e-02  0.0000e+00  6.0987e-04
  3760  9.0724e-01  9.2761e-02  0.0000e+00  6.0034e-04
  3780  9.0723e-01  9.2765e-02  5.3644e-07  5.9080e-04
  3800  9.0723e-01  9.2771e-02  7.1526e-07  5.8109e-04
  3820  9.0722e-01  9.2778e-02  5.9605e-08  5.7155e-04
  3840  9.0722e-01  9.2784e-02  4.7684e-07  5.6261e-04
  3860  9.0721e-01  9.2787e-02  7.7486e-07  5.5426e-04
  3880  9.0721e-01  9.2794e-02  0.0000e+00  5.4592e-04
  3900  9.0720e-01  9.2798e-02  6.5565e-07  5.3757e-04
  3920  9.0720e-01  9.2804e-02  2.9802e-07  5.2923e-04
  3940  9.0719e-01  9.2809e-02  0.0000e+00  5.2208e-04
  3960  9.0719e-01  9.2813e-02  1.1921e-07  5.1492e-04
  3980  9.0718e-01  9.2816e-02  0.0000e+00  5.0777e-04
  4000  9.0718e-01  9.2819e-02  1.1921e-07  5.0062e-04
  4020  9.0718e-01  9.2825e-02  8.3447e-07  4.9347e-04
  4040  9.0717e-01  9.2831e-02  5.9605e-08  4.8631e-04
  4060  9.0717e-01  9.2834e-02  1.7881e-07  4.8029e-04
  4080  9.0716e-01  9.2838e-02  2.9802e-07  4.7433e-04
  4100  9.0716e-01  9.2841e-02  0.0000e+00  4.6837e-04
  4120  9.0715e-01  9.2845e-02  2.9802e-07  4.6241e-04
  4140  9.0715e-01  9.2849e-02  1.0729e-06  4.5621e-04
  4160  9.0715e-01  9.2851e-02  5.9605e-07  4.5025e-04
  4180  9.0715e-01  9.2853e-02  0.0000e+00  4.4429e-04
  4200  9.0714e-01  9.2856e-02  0.0000e+00  4.3833e-04
  4220  9.0714e-01  9.2859e-02  6.5565e-07  4.3237e-04
  4240  9.0714e-01  9.2864e-02  0.0000e+00  4.2641e-04
  4260  9.0713e-01  9.2871e-02  0.0000e+00  4.1950e-04
  4280  9.0713e-01  9.2874e-02  1.1921e-07  4.1240e-04
  4300  9.0712e-01  9.2877e-02  0.0000e+00  4.0525e-04
  4320  9.0712e-01  9.2883e-02  2.3842e-07  3.9840e-04
  4340  9.0711e-01  9.2887e-02  3.5763e-07  3.9244e-04
  4360  9.0711e-01  9.2890e-02  4.7684e-07  3.8648e-04
  4380  9.0711e-01  9.2893e-02  2.3842e-07  3.8052e-04
  4400  9.0710e-01  9.2895e-02  0.0000e+00  3.7456e-04
  4420  9.0710e-01  9.2898e-02  0.0000e+00  3.6860e-04
  4440  9.0710e-01  9.2901e-02  1.7881e-07  3.6263e-04
  4460  9.0710e-01  9.2902e-02  9.5367e-07  3.5667e-04
  4480  9.0709e-01  9.2909e-02  1.4305e-06  3.5071e-04
  4500  9.0709e-01  9.2912e-02  0.0000e+00  3.4475e-04
  4520  9.0708e-01  9.2916e-02  0.0000e+00  3.3981e-04
  4540  9.0708e-01  9.2919e-02  0.0000e+00  3.3468e-04
  4560  9.0708e-01  9.2921e-02  5.9605e-07  3.2896e-04
  4580  9.0707e-01  9.2925e-02  2.9802e-07  3.2300e-04
  4600  9.0707e-01  9.2930e-02  2.9802e-07  3.1704e-04
  4620  9.0707e-01  9.2934e-02  7.7486e-07  3.1108e-04
  4640  9.0706e-01  9.2938e-02  0.0000e+00  3.0512e-04
  4660  9.0706e-01  9.2941e-02  0.0000e+00  2.9969e-04
  4680  9.0706e-01  9.2943e-02  0.0000e+00  2.9492e-04
  4700  9.0706e-01  9.2945e-02  2.3842e-07  2.9016e-04
  4720  9.0705e-01  9.2946e-02  1.4901e-06  2.8539e-04
  4740  9.0705e-01  9.2949e-02  0.0000e+00  2.8062e-04
  4760  9.0705e-01  9.2951e-02  1.1921e-07  2.7585e-04
  4780  9.0705e-01  9.2952e-02  0.0000e+00  2.7108e-04
  4800  9.0704e-01  9.2955e-02  0.0000e+00  2.6733e-04
  4820  9.0704e-01  9.2958e-02  5.9605e-07  2.6375e-04
  4840  9.0704e-01  9.2963e-02  4.1723e-07  2.6017e-04
  4860  9.0703e-01  9.2967e-02  0.0000e+00  2.5660e-04
  4880  9.0703e-01  9.2971e-02  2.3842e-07  2.5302e-04
  4900  9.0703e-01  9.2975e-02  2.3842e-07  2.4945e-04
  4920  9.0702e-01  9.2979e-02  0.0000e+00  2.4587e-04
  4940  9.0702e-01  9.2981e-02  0.0000e+00  2.4229e-04
  4960  9.0702e-01  9.2983e-02  5.9605e-07  2.3872e-04
  4980  9.0702e-01  9.2984e-02  1.1921e-07  2.3514e-04
  5000  9.0701e-01  9.2987e-02  0.0000e+00  2.3156e-04
  5020  9.0701e-01  9.2989e-02  0.0000e+00  2.2799e-04
  5040  9.0701e-01  9.2992e-02  1.1921e-07  2.2441e-04
  5060  9.0700e-01  9.2997e-02  0.0000e+00  2.2084e-04
  5080  9.0700e-01  9.3001e-02  0.0000e+00  2.1726e-04
  5100  9.0700e-01  9.3003e-02  2.9802e-07  2.1368e-04
  5120  9.0700e-01  9.3005e-02  3.5763e-07  2.1011e-04
  5140  9.0699e-01  9.3010e-02  0.0000e+00  2.0760e-04
  5160  9.0699e-01  9.3013e-02  4.7684e-07  2.0522e-04
  5180  9.0698e-01  9.3016e-02  4.7684e-07  2.0283e-04
  5200  9.0698e-01  9.3020e-02  1.1921e-07  2.0045e-04
  5220  9.0698e-01  9.3023e-02  5.3644e-07  1.9807e-04
  5240  9.0697e-01  9.3027e-02  7.7486e-07  1.9568e-04
  5260  9.0697e-01  9.3031e-02  5.9605e-07  1.9425e-04
  5280  9.0697e-01  9.3033e-02  1.7881e-07  1.9300e-04
  5300  9.0696e-01  9.3037e-02  5.9605e-08  1.9181e-04
  5320  9.0696e-01  9.3038e-02  5.9605e-08  1.9062e-04
  5340  9.0696e-01  9.3043e-02  0.0000e+00  1.8942e-04
  5360  9.0695e-01  9.3046e-02  0.0000e+00  1.8823e-04
  5380  9.0695e-01  9.3047e-02  5.9605e-08  1.8704e-04
  5400  9.0695e-01  9.3050e-02  0.0000e+00  1.8585e-04
  5420  9.0695e-01  9.3054e-02  0.0000e+00  1.8466e-04
  5440  9.0694e-01  9.3056e-02  2.3842e-07  1.8346e-04
  5460  9.0694e-01  9.3057e-02  2.9802e-07  1.8227e-04
  5480  9.0694e-01  9.3061e-02  4.7684e-07  1.8108e-04
  5500  9.0694e-01  9.3063e-02  0.0000e+00  1.7989e-04
  5520  9.0693e-01  9.3066e-02  0.0000e+00  1.7858e-04
  5540  9.0693e-01  9.3071e-02  0.0000e+00  1.7774e-04
  5560  9.0692e-01  9.3075e-02  0.0000e+00  1.7750e-04
  5580  9.0692e-01  9.3079e-02  0.0000e+00  1.7750e-04
  5600  9.0692e-01  9.3080e-02  4.7684e-07  1.7750e-04
  5620  9.0691e-01  9.3085e-02  2.3842e-07  1.7750e-04
  5640  9.0691e-01  9.3088e-02  1.1921e-07  1.7750e-04
  5660  9.0691e-01  9.3090e-02  2.9802e-07  1.7750e-04
  5680  9.0691e-01  9.3094e-02  1.1921e-07  1.7709e-04
  5700  9.0690e-01  9.3097e-02  0.0000e+00  1.7709e-04
  5720  9.0690e-01  9.3099e-02  0.0000e+00  1.7709e-04
  5740  9.0690e-01  9.3103e-02  0.0000e+00  1.7709e-04
  5760  9.0689e-01  9.3107e-02  0.0000e+00  1.7709e-04
  5780  9.0689e-01  9.3108e-02  5.3644e-07  1.7709e-04
  5800  9.0689e-01  9.3109e-02  5.3644e-07  1.7709e-04
  5820  9.0689e-01  9.3111e-02  6.5565e-07  1.7709e-04
  5840  9.0689e-01  9.3114e-02  0.0000e+00  1.7709e-04
  5860  9.0688e-01  9.3116e-02  5.9605e-08  1.7667e-04
  5880  9.0688e-01  9.3119e-02  0.0000e+00  1.7548e-04
  5900  9.0688e-01  9.3121e-02  0.0000e+00  1.7428e-04
  5920  9.0688e-01  9.3123e-02  5.9605e-08  1.7309e-04
  5940  9.0687e-01  9.3127e-02  0.0000e+00  1.7190e-04
  5960  9.0687e-01  9.3130e-02  2.9802e-07  1.7071e-04
  5980  9.0687e-01  9.3133e-02  0.0000e+00  1.6952e-04
  6000  9.0687e-01  9.3135e-02  0.0000e+00  1.6832e-04
  6020  9.0686e-01  9.3138e-02  0.0000e+00  1.6713e-04
  6040  9.0686e-01  9.3140e-02  0.0000e+00  1.6594e-04
  6060  9.0686e-01  9.3144e-02  0.0000e+00  1.6475e-04
  6080  9.0685e-01  9.3148e-02  0.0000e+00  1.6356e-04
  6100  9.0685e-01  9.3150e-02  0.0000e+00  1.6236e-04
  6120  9.0685e-01  9.3153e-02  6.5565e-07  1.6123e-04
  6140  9.0684e-01  9.3156e-02  5.9605e-08  1.6004e-04
  6160  9.0684e-01  9.3158e-02  5.9605e-07  1.5885e-04
  6180  9.0684e-01  9.3161e-02  5.9605e-08  1.5765e-04
  6200  9.0684e-01  9.3162e-02  2.9802e-07  1.5646e-04
  6220  9.0684e-01  9.3164e-02  5.9605e-07  1.5527e-04
  6240  9.0683e-01  9.3166e-02  0.0000e+00  1.5408e-04
  6260  9.0683e-01  9.3170e-02  5.3644e-07  1.5289e-04
  6280  9.0683e-01  9.3171e-02  2.3842e-07  1.5169e-04
  6300  9.0683e-01  9.3173e-02  3.5763e-07  1.5050e-04
  6320  9.0682e-01  9.3175e-02  2.3842e-07  1.4931e-04
  6340  9.0682e-01  9.3177e-02  1.1921e-07  1.4812e-04
  6360  9.0682e-01  9.3180e-02  1.1921e-07  1.4693e-04
  6380  9.0682e-01  9.3181e-02  0.0000e+00  1.4573e-04
  6400  9.0682e-01  9.3184e-02  0.0000e+00  1.4454e-04
  6420  9.0681e-01  9.3186e-02  7.7486e-07  1.4335e-04
  6440  9.0681e-01  9.3189e-02  0.0000e+00  1.4216e-04
  6460  9.0681e-01  9.3190e-02  0.0000e+00  1.4096e-04
  6480  9.0681e-01  9.3193e-02  2.9802e-07  1.3977e-04
  6500  9.0681e-01  9.3194e-02  0.0000e+00  1.3858e-04
  6520  9.0680e-01  9.3197e-02  0.0000e+00  1.3751e-04
  6540  9.0680e-01  9.3198e-02  0.0000e+00  1.3632e-04
  6560  9.0680e-01  9.3200e-02  0.0000e+00  1.3512e-04
  6580  9.0680e-01  9.3202e-02  5.9605e-08  1.3393e-04
  6600  9.0676e-01  9.3242e-02  0.0000e+00  1.3274e-04
  6620  9.0675e-01  9.3251e-02  1.3709e-06  1.3274e-04
  6640  9.0674e-01  9.3262e-02  0.0000e+00  1.3274e-04
  6660  9.0673e-01  9.3265e-02  0.0000e+00  1.3274e-04
  6680  9.0673e-01  9.3269e-02  8.3447e-07  1.3316e-04
  6700  9.0673e-01  9.3272e-02  5.3644e-07  1.3316e-04
  6720  9.0673e-01  9.3274e-02  1.1921e-07  1.3316e-04
  6740  9.0672e-01  9.3276e-02  1.7881e-07  1.3316e-04
  6760  9.0672e-01  9.3280e-02  4.1723e-07  1.3316e-04
  6780  9.0672e-01  9.3284e-02  0.0000e+00  1.3316e-04
  6800  9.0671e-01  9.3288e-02  0.0000e+00  1.3316e-04
  6820  9.0671e-01  9.3292e-02  5.9605e-08  1.3316e-04
  6840  9.0671e-01  9.3295e-02  1.0133e-06  1.3316e-04
  6860  9.0670e-01  9.3297e-02  0.0000e+00  1.3357e-04
  6880  9.0670e-01  9.3302e-02  1.7881e-07  1.3477e-04
  6900  9.0670e-01  9.3304e-02  0.0000e+00  1.3596e-04
  6920  9.0669e-01  9.3306e-02  0.0000e+00  1.3715e-04
  6940  9.0669e-01  9.3309e-02  7.1526e-07  1.3834e-04
  6960  9.0669e-01  9.3310e-02  2.3842e-07  1.3953e-04
  6980  9.0669e-01  9.3314e-02  3.5763e-07  1.4073e-04
  7000  9.0668e-01  9.3318e-02  5.9605e-08  1.4192e-04
  7020  9.0668e-01  9.3319e-02  3.5763e-07  1.4311e-04
  7040  9.0668e-01  9.3321e-02  2.9802e-07  1.4430e-04
  7060  9.0668e-01  9.3324e-02  5.9605e-08  1.4549e-04
  7080  9.0667e-01  9.3327e-02  2.9802e-07  1.4669e-04
  7100  9.0667e-01  9.3330e-02  5.9605e-08  1.4788e-04
  7120  9.0667e-01  9.3334e-02  2.3842e-07  1.4901e-04
  7140  9.0666e-01  9.3338e-02  1.1921e-07  1.5020e-04
  7160  9.0666e-01  9.3340e-02  1.1921e-07  1.5140e-04
  7180  9.0666e-01  9.3341e-02  1.7881e-07  1.5259e-04
  7200  9.0666e-01  9.3345e-02  0.0000e+00  1.5378e-04
  7220  9.0665e-01  9.3348e-02  0.0000e+00  1.5497e-04
  7240  9.0665e-01  9.3349e-02  4.7684e-07  1.5616e-04
  7260  9.0665e-01  9.3351e-02  7.7486e-07  1.5736e-04
  7280  9.0665e-01  9.3354e-02  0.0000e+00  1.5855e-04
  7300  9.0664e-01  9.3356e-02  0.0000e+00  1.5974e-04
  7320  9.0664e-01  9.3359e-02  0.0000e+00  1.6093e-04
  7340  9.0664e-01  9.3361e-02  1.1921e-07  1.6212e-04
  7360  9.0664e-01  9.3363e-02  0.0000e+00  1.6332e-04
  7380  9.0663e-01  9.3367e-02  0.0000e+00  1.6451e-04
  7400  9.0663e-01  9.3371e-02  0.0000e+00  1.6570e-04
  7420  9.0663e-01  9.3373e-02  1.1921e-06  1.6689e-04
  7440  9.0663e-01  9.3375e-02  1.1921e-07  1.6809e-04
  7460  9.0662e-01  9.3377e-02  0.0000e+00  1.6928e-04
  7480  9.0662e-01  9.3379e-02  0.0000e+00  1.7047e-04
  7500  9.0662e-01  9.3382e-02  0.0000e+00  1.7166e-04
  7520  9.0662e-01  9.3385e-02  3.5763e-07  1.7285e-04
  7540  9.0661e-01  9.3387e-02  2.3842e-07  1.7405e-04
  7560  9.0661e-01  9.3389e-02  2.9802e-07  1.7524e-04
  7580  9.0661e-01  9.3393e-02  1.1921e-07  1.7643e-04
  7600  9.0660e-01  9.3396e-02  5.9605e-08  1.7762e-04
  7620  9.0660e-01  9.3397e-02  0.0000e+00  1.7726e-04
  7640  9.0660e-01  9.3398e-02  0.0000e+00  1.7607e-04
  7660  9.0660e-01  9.3400e-02  0.0000e+00  1.7488e-04
  7680  9.0660e-01  9.3404e-02  0.0000e+00  1.7369e-04
  7700  9.0659e-01  9.3409e-02  0.0000e+00  1.7250e-04
  7720  9.0659e-01  9.3412e-02  0.0000e+00  1.7130e-04
  7740  9.0659e-01  9.3414e-02  5.9605e-07  1.7011e-04
  7760  9.0658e-01  9.3417e-02  0.0000e+00  1.6892e-04
  7780  9.0658e-01  9.3421e-02  0.0000e+00  1.6773e-04
  7800  9.0658e-01  9.3422e-02  2.9802e-07  1.6654e-04
  7820  9.0658e-01  9.3424e-02  0.0000e+00  1.6534e-04
  7840  9.0657e-01  9.3426e-02  0.0000e+00  1.6415e-04
  7860  9.0657e-01  9.3430e-02  0.0000e+00  1.6296e-04
  7880  9.0656e-01  9.3435e-02  0.0000e+00  1.6177e-04
  7900  9.0656e-01  9.3437e-02  3.5763e-07  1.6057e-04
  7920  9.0656e-01  9.3441e-02  0.0000e+00  1.5938e-04
  7940  9.0656e-01  9.3442e-02  2.3842e-07  1.5819e-04
  7960  9.0655e-01  9.3446e-02  0.0000e+00  1.5700e-04
  7980  9.0655e-01  9.3449e-02  0.0000e+00  1.5581e-04
  8000  9.0651e-01  9.3491e-02  0.0000e+00  1.5461e-04
  8020  9.0651e-01  9.3493e-02  0.0000e+00  1.5461e-04
  8040  9.0650e-01  9.3495e-02  6.5565e-07  1.5461e-04
  8060  9.0650e-01  9.3500e-02  6.5565e-07  1.5461e-04
  8080  9.0650e-01  9.3503e-02  0.0000e+00  1.5461e-04
  8100  9.0649e-01  9.3506e-02  4.7684e-07  1.5461e-04
  8120  9.0649e-01  9.3509e-02  0.0000e+00  1.5461e-04
  8140  9.0649e-01  9.3512e-02  0.0000e+00  1.5461e-04
  8160  9.0648e-01  9.3515e-02  0.0000e+00  1.5461e-04
  8180  9.0648e-01  9.3519e-02  0.0000e+00  1.5461e-04
  8200  9.0648e-01  9.3521e-02  0.0000e+00  1.5461e-04
  8220  9.0648e-01  9.3523e-02  0.0000e+00  1.5461e-04
  8240  9.0647e-01  9.3526e-02  0.0000e+00  1.5461e-04
  8260  9.0647e-01  9.3529e-02  3.5763e-07  1.5461e-04
  8280  9.0647e-01  9.3530e-02  2.3842e-07  1.5461e-04
  8300  9.0647e-01  9.3531e-02  4.1723e-07  1.5461e-04
  8320  9.0647e-01  9.3534e-02  5.3644e-07  1.5461e-04
  8340  9.0646e-01  9.3535e-02  0.0000e+00  1.5461e-04
  8360  9.0646e-01  9.3537e-02  0.0000e+00  1.5461e-04
  8380  9.0646e-01  9.3538e-02  2.3842e-07  1.5461e-04
  8400  9.0646e-01  9.3541e-02  0.0000e+00  1.5461e-04
  8420  9.0646e-01  9.3542e-02  1.1921e-07  1.5461e-04
  8440  9.0645e-01  9.3546e-02  0.0000e+00  1.5461e-04
  8460  9.0645e-01  9.3549e-02  0.0000e+00  1.5461e-04
  8480  9.0645e-01  9.3550e-02  0.0000e+00  1.5461e-04
  8500  9.0645e-01  9.3552e-02  1.7881e-07  1.5461e-04
  8520  9.0645e-01  9.3554e-02  0.0000e+00  1.5461e-04
  8540  9.0644e-01  9.3558e-02  2.9802e-07  1.5461e-04
  8560  9.0644e-01  9.3559e-02  1.1921e-07  1.5461e-04
  8580  9.0644e-01  9.3561e-02  0.0000e+00  1.5461e-04
  8600  9.0644e-01  9.3564e-02  5.9605e-07  1.5461e-04
  8620  9.0644e-01  9.3565e-02  2.9802e-07  1.5497e-04
  8640  9.0643e-01  9.3568e-02  0.0000e+00  1.5616e-04
  8660  9.0643e-01  9.3570e-02  0.0000e+00  1.5736e-04
  8680  9.0643e-01  9.3572e-02  0.0000e+00  1.5855e-04
  8700  9.0643e-01  9.3574e-02  0.0000e+00  1.5974e-04
  8720  9.0642e-01  9.3579e-02  0.0000e+00  1.6093e-04
  8740  9.0642e-01  9.3580e-02  0.0000e+00  1.6212e-04
  8760  9.0642e-01  9.3584e-02  0.0000e+00  1.6332e-04
  8780  9.0641e-01  9.3586e-02  2.3842e-07  1.6451e-04
  8800  9.0641e-01  9.3588e-02  4.1723e-07  1.6570e-04
  8820  9.0641e-01  9.3589e-02  0.0000e+00  1.6689e-04
  8840  9.0641e-01  9.3592e-02  4.7684e-07  1.6809e-04
  8860  9.0641e-01  9.3594e-02  0.0000e+00  1.6928e-04
  8880  9.0640e-01  9.3597e-02  2.9802e-07  1.7047e-04
  8900  9.0640e-01  9.3599e-02  0.0000e+00  1.7166e-04
  8920  9.0640e-01  9.3602e-02  0.0000e+00  1.7285e-04
  8940  9.0639e-01  9.3606e-02  0.0000e+00  1.7405e-04
  8960  9.0639e-01  9.3610e-02  0.0000e+00  1.7524e-04
  8980  9.0639e-01  9.3612e-02  5.9605e-08  1.7643e-04
  9000  9.0639e-01  9.3615e-02  1.1921e-07  1.7762e-04
  9020  9.0638e-01  9.3616e-02  1.7881e-07  1.7643e-04
  9040  9.0638e-01  9.3618e-02  1.1921e-07  1.7524e-04
  9060  9.0638e-01  9.3621e-02  0.0000e+00  1.7405e-04
  9080  9.0637e-01  9.3625e-02  3.5763e-07  1.7285e-04
  9100  9.0637e-01  9.3629e-02  0.0000e+00  1.7166e-04
  9120  9.0637e-01  9.3630e-02  2.3842e-07  1.7047e-04
  9140  9.0636e-01  9.3636e-02  5.9605e-07  1.6928e-04
  9160  9.0636e-01  9.3638e-02  0.0000e+00  1.6809e-04
  9180  9.0636e-01  9.3641e-02  5.9605e-08  1.6689e-04
  9200  9.0636e-01  9.3644e-02  0.0000e+00  1.6570e-04
  9220  9.0635e-01  9.3646e-02  0.0000e+00  1.6451e-04
  9240  9.0635e-01  9.3648e-02  3.5763e-07  1.6332e-04
  9260  9.0635e-01  9.3652e-02  5.3644e-07  1.6212e-04
  9280  9.0635e-01  9.3655e-02  3.5763e-07  1.6093e-04
  9300  9.0634e-01  9.3657e-02  3.5763e-07  1.5974e-04
  9320  9.0634e-01  9.3660e-02  0.0000e+00  1.5855e-04
  9340  9.0634e-01  9.3663e-02  5.9605e-08  1.5736e-04
  9360  9.0633e-01  9.3665e-02  0.0000e+00  1.5616e-04
  9380  9.0633e-01  9.3667e-02  0.0000e+00  1.5497e-04
  9400  9.0633e-01  9.3671e-02  7.7486e-07  1.5378e-04
  9420  9.0633e-01  9.3675e-02  0.0000e+00  1.5259e-04
  9440  9.0632e-01  9.3678e-02  0.0000e+00  1.5140e-04
  9460  9.0632e-01  9.3681e-02  5.9605e-07  1.5020e-04
  9480  9.0632e-01  9.3684e-02  2.3842e-07  1.4901e-04
  9500  9.0631e-01  9.3686e-02  0.0000e+00  1.4782e-04
  9520  9.0631e-01  9.3687e-02  7.1526e-07  1.4663e-04
  9540  9.0631e-01  9.3689e-02  0.0000e+00  1.4544e-04
  9560  9.0631e-01  9.3691e-02  0.0000e+00  1.4424e-04
  9580  9.0631e-01  9.3694e-02  5.9605e-08  1.4305e-04
  9600  9.0628e-01  9.3717e-02  0.0000e+00  1.4186e-04
  9620  9.0626e-01  9.3736e-02  0.0000e+00  1.4186e-04
  9640  9.0626e-01  9.3742e-02  0.0000e+00  1.4186e-04
  9660  9.0625e-01  9.3747e-02  0.0000e+00  1.4186e-04
  9680  9.0624e-01  9.3758e-02  0.0000e+00  1.4186e-04
  9700  9.0623e-01  9.3766e-02  1.7881e-07  1.4186e-04
  9720  9.0623e-01  9.3772e-02  5.9605e-07  1.4186e-04
  9740  9.0622e-01  9.3777e-02  1.1921e-07  1.4186e-04
  9760  9.0622e-01  9.3781e-02  1.7881e-07  1.4186e-04
  9780  9.0621e-01  9.3786e-02  0.0000e+00  1.4186e-04
  9800  9.0613e-01  9.3865e-02  0.0000e+00  1.4186e-04
  9820  9.0613e-01  9.3873e-02  1.1921e-06  1.4424e-04
  9840  9.0612e-01  9.3880e-02  7.7486e-07  1.4663e-04
  9860  9.0612e-01  9.3885e-02  7.1526e-07  1.4901e-04
  9880  9.0611e-01  9.3891e-02  8.3447e-07  1.5140e-04
  9900  9.0610e-01  9.3895e-02  5.9605e-07  1.5378e-04
  9920  9.0610e-01  9.3899e-02  0.0000e+00  1.5616e-04
  9940  9.0609e-01  9.3907e-02  0.0000e+00  1.5855e-04
  9960  9.0609e-01  9.3911e-02  5.9605e-07  1.6093e-04
  9980  9.0609e-01  9.3914e-02  1.7881e-07  1.6332e-04
 10000  9.0606e-01  9.3944e-02  4.1723e-07  1.6570e-04
 10020  9.0601e-01  9.3992e-02  0.0000e+00  1.7047e-04
 10040  9.0597e-01  9.4034e-02  5.1856e-06  1.7571e-04
 10060  9.0594e-01  9.4060e-02  3.3379e-06  1.8167e-04
 10080  9.0591e-01  9.4091e-02  0.0000e+00  1.8847e-04
 10100  9.0588e-01  9.4118e-02  3.1590e-06  1.9562e-04
 10120  9.0586e-01  9.4135e-02  3.5763e-07  2.0278e-04
 10140  9.0585e-01  9.4152e-02  6.5565e-07  2.1106e-04
 10160  9.0583e-01  9.4170e-02  1.6689e-06  2.1940e-04
 10180  9.0581e-01  9.4188e-02  0.0000e+00  2.2775e-04
 10200  9.0573e-01  9.4275e-02  0.0000e+00  2.3609e-04
 10220  9.0571e-01  9.4293e-02  0.0000e+00  2.4682e-04
 10240  9.0568e-01  9.4315e-02  2.3842e-06  2.5755e-04
 10260  9.0567e-01  9.4330e-02  2.8610e-06  2.6828e-04
 10280  9.0566e-01  9.4339e-02  1.6689e-06  2.7901e-04
 10300  9.0564e-01  9.4357e-02  2.3842e-06  2.9075e-04
 10320  9.0563e-01  9.4372e-02  0.0000e+00  3.0267e-04
 10340  9.0561e-01  9.4393e-02  0.0000e+00  3.1459e-04
 10360  9.0559e-01  9.4407e-02  0.0000e+00  3.2651e-04
 10380  9.0558e-01  9.4419e-02  2.6226e-06  3.3915e-04
 10400  9.0556e-01  9.4440e-02  0.0000e+00  3.5226e-04
 10420  9.0554e-01  9.4462e-02  1.7881e-07  3.6538e-04
 10440  9.0551e-01  9.4485e-02  0.0000e+00  3.7849e-04
 10460  9.0550e-01  9.4502e-02  0.0000e+00  3.9279e-04
 10480  9.0547e-01  9.4529e-02  0.0000e+00  4.0710e-04
 10500  9.0546e-01  9.4539e-02  0.0000e+00  4.2140e-04
 10520  9.0544e-01  9.4559e-02  8.3447e-07  4.3625e-04
 10540  9.0543e-01  9.4570e-02  2.0266e-06  4.5174e-04
 10560  9.0542e-01  9.4581e-02  1.3113e-06  4.6724e-04
 10580  9.0540e-01  9.4596e-02  4.1723e-07  4.8274e-04
 10600  9.0539e-01  9.4609e-02  0.0000e+00  4.9824e-04
 10620  9.0538e-01  9.4618e-02  0.0000e+00  5.1254e-04
 10640  9.0537e-01  9.4627e-02  1.7285e-06  5.2685e-04
 10660  9.0536e-01  9.4639e-02  0.0000e+00  5.4115e-04
 10680  9.0535e-01  9.4645e-02  0.0000e+00  5.5546e-04
 10700  9.0535e-01  9.4651e-02  0.0000e+00  5.6976e-04
 10720  9.0534e-01  9.4658e-02  5.9605e-08  5.8407e-04
 10740  9.0534e-01  9.4664e-02  0.0000e+00  5.9837e-04
 10760  9.0533e-01  9.4669e-02  4.1723e-07  6.1268e-04
 10780  9.0533e-01  9.4671e-02  2.9802e-07  6.2698e-04
 10800  9.0533e-01  9.4675e-02  0.0000e+00  6.4129e-04
 10820  9.0532e-01  9.4677e-02  1.0133e-06  6.5190e-04
 10840  9.0532e-01  9.4680e-02  5.9605e-08  6.6143e-04
 10860  9.0532e-01  9.4683e-02  5.3644e-07  6.7097e-04
 10880  9.0532e-01  9.4684e-02  5.9605e-07  6.8051e-04
 10900  9.0531e-01  9.4688e-02  0.0000e+00  6.9004e-04
 10920  9.0531e-01  9.4691e-02  0.0000e+00  6.9958e-04
 10940  9.0531e-01  9.4695e-02  5.3644e-07  7.0912e-04
 10960  9.0530e-01  9.4698e-02  5.9605e-08  7.1865e-04
 10980  9.0530e-01  9.4702e-02  1.7881e-07  7.2819e-04
 11000  9.0528e-01  9.4724e-02  0.0000e+00  7.3773e-04
 11020  9.0526e-01  9.4741e-02  0.0000e+00  7.4607e-04
 11040  9.0525e-01  9.4754e-02  0.0000e+00  7.5310e-04
 11060  9.0524e-01  9.4762e-02  2.0266e-06  7.5907e-04
 11080  9.0523e-01  9.4770e-02  0.0000e+00  7.6395e-04
 11100  9.0523e-01  9.4774e-02  0.0000e+00  7.6753e-04
 11120  9.0522e-01  9.4782e-02  7.1526e-07  7.7111e-04
 11140  9.0521e-01  9.4789e-02  2.9802e-07  7.7355e-04
 11160  9.0520e-01  9.4796e-02  5.9605e-07  7.7587e-04
 11180  9.0520e-01  9.4801e-02  7.7486e-07  7.7713e-04
 11200  9.0510e-01  9.4897e-02  0.0000e+00  7.7832e-04
 11220  9.0510e-01  9.4899e-02  5.3644e-07  7.7713e-04
 11240  9.0509e-01  9.4907e-02  5.3644e-07  7.7593e-04
 11260  9.0508e-01  9.4921e-02  7.7486e-07  7.7474e-04
 11280  9.0507e-01  9.4927e-02  1.7881e-07  7.7355e-04
 11300  9.0506e-01  9.4936e-02  0.0000e+00  7.7134e-04
 11320  9.0506e-01  9.4943e-02  2.0862e-06  7.6896e-04
 11340  9.0505e-01  9.4952e-02  1.0729e-06  7.6610e-04
 11360  9.0504e-01  9.4960e-02  0.0000e+00  7.6252e-04
 11380  9.0503e-01  9.4966e-02  0.0000e+00  7.5823e-04
 11400  9.0491e-01  9.5087e-02  1.9670e-06  7.5346e-04
 11420  9.0488e-01  9.5123e-02  0.0000e+00  7.5108e-04
 11440  9.0483e-01  9.5173e-02  1.0431e-05  7.4899e-04
 11460  9.0478e-01  9.5216e-02  1.7881e-07  7.4661e-04
 11480  9.0475e-01  9.5253e-02  0.0000e+00  7.4422e-04
 11500  9.0472e-01  9.5285e-02  3.5763e-06  7.4202e-04
 11520  9.0467e-01  9.5328e-02  0.0000e+00  7.3993e-04
 11540  9.0462e-01  9.5375e-02  2.1458e-06  7.3767e-04
 11560  9.0459e-01  9.5409e-02  2.2650e-06  7.3647e-04
 11580  9.0455e-01  9.5455e-02  0.0000e+00  7.3528e-04
 11600  9.0444e-01  9.5556e-02  2.9206e-06  7.3516e-04
 11620  9.0439e-01  9.5609e-02  1.4901e-06  7.3642e-04
 11640  9.0437e-01  9.5632e-02  4.8280e-06  7.3880e-04
 11660  9.0434e-01  9.5660e-02  5.9605e-08  7.4118e-04
 11680  9.0432e-01  9.5685e-02  7.8082e-06  7.4357e-04
 11700  9.0427e-01  9.5728e-02  0.0000e+00  7.4697e-04
 11720  9.0424e-01  9.5760e-02  5.3048e-06  7.5054e-04
 11740  9.0420e-01  9.5800e-02  4.1723e-06  7.5525e-04
 11760  9.0417e-01  9.5830e-02  2.5034e-06  7.6014e-04
 11780  9.0414e-01  9.5860e-02  5.3644e-07  7.6598e-04
 11800  9.0402e-01  9.5982e-02  3.8743e-06  7.7194e-04
 11820  9.0397e-01  9.6029e-02  0.0000e+00  7.8207e-04
 11840  9.0392e-01  9.6080e-02  3.0994e-06  7.9399e-04
 11860  9.0388e-01  9.6119e-02  0.0000e+00  8.0663e-04
 11880  9.0386e-01  9.6145e-02  3.0398e-06  8.1974e-04
 11900  9.0379e-01  9.6207e-02  0.0000e+00  8.3399e-04
 11920  9.0375e-01  9.6247e-02  0.0000e+00  8.4937e-04
 11940  9.0374e-01  9.6262e-02  0.0000e+00  8.6486e-04
 11960  9.0372e-01  9.6284e-02  6.5565e-07  8.8102e-04
 11980  9.0370e-01  9.6296e-02  8.3447e-07  8.9771e-04
 12000  9.0356e-01  9.6437e-02  0.0000e+00  9.1439e-04
 12020  9.0353e-01  9.6468e-02  3.1590e-06  9.3347e-04
 12040  9.0348e-01  9.6521e-02  1.0133e-06  9.5373e-04
 12060  9.0345e-01  9.6554e-02  0.0000e+00  9.7519e-04
 12080  9.0342e-01  9.6584e-02  0.0000e+00  9.9689e-04
 12100  9.0339e-01  9.6610e-02  2.3842e-07  1.0204e-03
 12120  9.0336e-01  9.6636e-02  8.3447e-07  1.0443e-03
 12140  9.0335e-01  9.6650e-02  2.7418e-06  1.0681e-03
 12160  9.0333e-01  9.6666e-02  2.2054e-06  1.0920e-03
 12180  9.0331e-01  9.6687e-02  1.4901e-06  1.1179e-03
 12200  9.0318e-01  9.6821e-02  0.0000e+00  1.1441e-03
 12220  9.0315e-01  9.6847e-02  0.0000e+00  1.1706e-03
 12240  9.0312e-01  9.6877e-02  3.9935e-06  1.1980e-03
 12260  9.0310e-01  9.6896e-02  0.0000e+00  1.2254e-03
 12280  9.0307e-01  9.6927e-02  0.0000e+00  1.2529e-03
 12300  9.0305e-01  9.6953e-02  0.0000e+00  1.2815e-03
 12320  9.0302e-01  9.6979e-02  2.3842e-06  1.3101e-03
 12340  9.0301e-01  9.6994e-02  2.5630e-06  1.3392e-03
 12360  9.0299e-01  9.7011e-02  0.0000e+00  1.3690e-03
 12380  9.0297e-01  9.7028e-02  0.0000e+00  1.3998e-03
 12400  9.0282e-01  9.7180e-02  0.0000e+00  1.4307e-03
 12420  9.0280e-01  9.7198e-02  0.0000e+00  1.4594e-03
 12440  9.0279e-01  9.7209e-02  4.1723e-07  1.4868e-03
 12460  9.0276e-01  9.7238e-02  3.3975e-06  1.5131e-03
 12480  9.0275e-01  9.7253e-02  0.0000e+00  1.5393e-03
 12500  9.0273e-01  9.7269e-02  1.1921e-07  1.5645e-03
 12520  9.0271e-01  9.7287e-02  2.1458e-06  1.5887e-03
 12540  9.0270e-01  9.7303e-02  0.0000e+00  1.6118e-03
 12560  9.0268e-01  9.7320e-02  7.7486e-07  1.6332e-03
 12580  9.0266e-01  9.7336e-02  0.0000e+00  1.6547e-03
 12600  9.0249e-01  9.7506e-02  0.0000e+00  1.6739e-03
 12620  9.0247e-01  9.7530e-02  5.3644e-06  1.6935e-03
 12640  9.0244e-01  9.7556e-02  1.9670e-06  1.7114e-03
 12660  9.0242e-01  9.7583e-02  3.1590e-06  1.7293e-03
 12680  9.0239e-01  9.7607e-02  2.6822e-06  1.7472e-03
 12700  9.0237e-01  9.7626e-02  3.0398e-06  1.7641e-03
 12720  9.0236e-01  9.7642e-02  0.0000e+00  1.7807e-03
 12740  9.0234e-01  9.7664e-02  0.0000e+00  1.7955e-03
 12760  9.0232e-01  9.7681e-02  1.9073e-06  1.8097e-03
 12780  9.0230e-01  9.7695e-02  5.3644e-07  1.8229e-03
 12800  9.0212e-01  9.7884e-02  0.0000e+00  1.8361e-03
 12820  9.0205e-01  9.7947e-02  0.0000e+00  1.8475e-03
 12840  9.0202e-01  9.7978e-02  4.1127e-06  1.8582e-03
 12860  9.0198e-01  9.8025e-02  2.6822e-06  1.8682e-03
 12880  9.0195e-01  9.8051e-02  4.7684e-07  1.8778e-03
 12900  9.0189e-01  9.8106e-02  1.6093e-06  1.8862e-03
 12920  9.0186e-01  9.8143e-02  0.0000e+00  1.8935e-03
 12940  9.0182e-01  9.8178e-02  0.0000e+00  1.9006e-03
 12960  9.0178e-01  9.8217e-02  2.7418e-06  1.9071e-03
 12980  9.0175e-01  9.8252e-02  0.0000e+00  1.9138e-03
 13000  9.0158e-01  9.8423e-02  0.0000e+00  1.9209e-03
 13020  9.0151e-01  9.8492e-02  2.6822e-06  1.9268e-03
 13040  9.0145e-01  9.8552e-02  0.0000e+00  1.9324e-03
 13060  9.0141e-01  9.8589e-02  0.0000e+00  1.9372e-03
 13080  9.0138e-01  9.8620e-02  1.1325e-06  1.9419e-03
 13100  9.0134e-01  9.8657e-02  4.1127e-06  1.9458e-03
 13120  9.0129e-01  9.8712e-02  0.0000e+00  1.9499e-03
 13140  9.0125e-01  9.8751e-02  0.0000e+00  1.9547e-03
 13160  9.0121e-01  9.8792e-02  3.3975e-06  1.9602e-03
 13180  9.0118e-01  9.8821e-02  2.1458e-06  1.9653e-03
 13200  9.0088e-01  9.9123e-02  0.0000e+00  1.9701e-03
 13220  9.0082e-01  9.9184e-02  7.2122e-06  1.9782e-03
 13240  9.0075e-01  9.9246e-02  8.9407e-07  1.9856e-03
 13260  9.0067e-01  9.9335e-02  0.0000e+00  1.9943e-03
 13280  9.0062e-01  9.9378e-02  0.0000e+00  2.0038e-03
 13300  9.0059e-01  9.9406e-02  3.5167e-06  2.0121e-03
 13320  9.0055e-01  9.9445e-02  0.0000e+00  2.0205e-03
 13340  9.0050e-01  9.9502e-02  2.9802e-07  2.0299e-03
 13360  9.0044e-01  9.9560e-02  0.0000e+00  2.0396e-03
 13380  9.0039e-01  9.9606e-02  1.6093e-06  2.0494e-03
 13400  9.0026e-01  9.9737e-02  0.0000e+00  2.0596e-03
 13420  9.0024e-01  9.9756e-02  8.1658e-06  2.0691e-03
 13440  9.0016e-01  9.9841e-02  0.0000e+00  2.0798e-03
 13460  9.0007e-01  9.9928e-02  0.0000e+00  2.0927e-03
 13480  9.0002e-01  9.9982e-02  1.1861e-05  2.1064e-03
 13500  8.9996e-01  1.0004e-01  0.0000e+00  2.1215e-03
 13520  8.9991e-01  1.0009e-01  4.6492e-06  2.1382e-03
 13540  8.9989e-01  1.0011e-01  7.3910e-06  2.1555e-03
 13560  8.9985e-01  1.0015e-01  0.0000e+00  2.1735e-03
 13580  8.9980e-01  1.0020e-01  3.4571e-06  2.1926e-03
 13600  8.9968e-01  1.0032e-01  0.0000e+00  2.2132e-03
 13620  8.9960e-01  1.0040e-01  0.0000e+00  2.2314e-03
 13640  8.9951e-01  1.0049e-01  0.0000e+00  2.2515e-03
 13660  8.9946e-01  1.0054e-01  1.4901e-06  2.2721e-03
 13680  8.9940e-01  1.0060e-01  7.5102e-06  2.2935e-03
 13700  8.9937e-01  1.0063e-01  6.4969e-06  2.3150e-03
 13720  8.9932e-01  1.0068e-01  0.0000e+00  2.3373e-03
 13740  8.9928e-01  1.0072e-01  9.9540e-06  2.3608e-03
 13760  8.9922e-01  1.0078e-01  0.0000e+00  2.3854e-03
 13780  8.9919e-01  1.0081e-01  0.0000e+00  2.4104e-03
 13800  8.9914e-01  1.0086e-01  1.9670e-06  2.4357e-03
 13820  8.9907e-01  1.0093e-01  0.0000e+00  2.4571e-03
 13840  8.9899e-01  1.0101e-01  5.6028e-06  2.4791e-03
 13860  8.9894e-01  1.0106e-01  9.0003e-06  2.5018e-03
 13880  8.9890e-01  1.0110e-01  5.1856e-06  2.5244e-03
 13900  8.9885e-01  1.0115e-01  0.0000e+00  2.5471e-03
 13920  8.9882e-01  1.0118e-01  9.5367e-06  2.5697e-03
 13940  8.9877e-01  1.0123e-01  0.0000e+00  2.5924e-03
 13960  8.9872e-01  1.0128e-01  6.7949e-06  2.6152e-03
 13980  8.9871e-01  1.0129e-01  0.0000e+00  2.6371e-03
 14000  8.9868e-01  1.0132e-01  1.2517e-06  2.6585e-03
 14020  8.9865e-01  1.0135e-01  1.1325e-06  2.6756e-03
 14040  8.9861e-01  1.0139e-01  1.0014e-05  2.6923e-03
 14060  8.9860e-01  1.0140e-01  0.0000e+00  2.7080e-03
 14080  8.9856e-01  1.0144e-01  0.0000e+00  2.7235e-03
 14100  8.9854e-01  1.0146e-01  3.9935e-06  2.7390e-03
 14120  8.9852e-01  1.0148e-01  0.0000e+00  2.7537e-03
 14140  8.9851e-01  1.0149e-01  5.9605e-07  2.7668e-03
 14160  8.9848e-01  1.0152e-01  5.3644e-07  2.7792e-03
 14180  8.9845e-01  1.0155e-01  0.0000e+00  2.7911e-03
 14200  8.9839e-01  1.0161e-01  1.1921e-06  2.8029e-03
 14220  8.9834e-01  1.0166e-01  0.0000e+00  2.8064e-03
 14240  8.9833e-01  1.0167e-01  0.0000e+00  2.8085e-03
 14260  8.9829e-01  1.0171e-01  7.8082e-06  2.8085e-03
 14280  8.9825e-01  1.0175e-01  0.0000e+00  2.8073e-03
 14300  8.9822e-01  1.0178e-01  6.5565e-06  2.8061e-03
 14320  8.9820e-01  1.0180e-01  2.4438e-06  2.8049e-03
 14340  8.9815e-01  1.0185e-01  0.0000e+00  2.8015e-03
 14360  8.9814e-01  1.0186e-01  0.0000e+00  2.7978e-03
 14380  8.9811e-01  1.0189e-01  0.0000e+00  2.7924e-03
 14400  8.9807e-01  1.0193e-01  2.2650e-06  2.7857e-03
 14420  8.9804e-01  1.0196e-01  0.0000e+00  2.7786e-03
 14440  8.9802e-01  1.0198e-01  4.2915e-06  2.7707e-03
 14460  8.9798e-01  1.0202e-01  0.0000e+00  2.7596e-03
 14480  8.9795e-01  1.0205e-01  0.0000e+00  2.7470e-03
 14500  8.9793e-01  1.0207e-01  0.0000e+00  2.7332e-03
 14520  8.9789e-01  1.0211e-01  0.0000e+00  2.7177e-03
 14540  8.9787e-01  1.0213e-01  1.0729e-06  2.7022e-03
 14560  8.9784e-01  1.0216e-01  1.3113e-06  2.6866e-03
 14580  8.9783e-01  1.0217e-01  0.0000e+00  2.6696e-03
 14600  8.9781e-01  1.0219e-01  0.0000e+00  2.6512e-03
 14620  8.9780e-01  1.0220e-01  1.9073e-06  2.6312e-03
 14640  8.9778e-01  1.0222e-01  1.0133e-06  2.6079e-03
 14660  8.9776e-01  1.0224e-01  2.3842e-07  2.5837e-03
 14680  8.9774e-01  1.0226e-01  8.9407e-07  2.5580e-03
 14700  8.9771e-01  1.0229e-01  0.0000e+00  2.5318e-03
 14720  8.9768e-01  1.0232e-01  0.0000e+00  2.5041e-03
 14740  8.9765e-01  1.0235e-01  0.0000e+00  2.4756e-03
 14760  8.9763e-01  1.0237e-01  0.0000e+00  2.4462e-03
 14780  8.9761e-01  1.0239e-01  1.1921e-07  2.4163e-03
 14800  8.9752e-01  1.0248e-01  5.7817e-06  2.3853e-03
 14820  8.9747e-01  1.0253e-01  3.2783e-06  2.3578e-03
 14840  8.9744e-01  1.0256e-01  0.0000e+00  2.3293e-03
 14860  8.9742e-01  1.0258e-01  0.0000e+00  2.2995e-03
 14880  8.9739e-01  1.0261e-01  0.0000e+00  2.2690e-03
 14900  8.9736e-01  1.0264e-01  0.0000e+00  2.2380e-03
 14920  8.9734e-01  1.0266e-01  0.0000e+00  2.2070e-03
 14940  8.9733e-01  1.0267e-01  0.0000e+00  2.1753e-03
 14960  8.9730e-01  1.0270e-01  0.0000e+00  2.1430e-03
 14980  8.9729e-01  1.0271e-01  0.0000e+00  2.1108e-03
 15000  8.9727e-01  1.0273e-01  0.0000e+00  2.0783e-03
 15020  8.9726e-01  1.0274e-01  1.3113e-06  2.0484e-03
 15040  8.9725e-01  1.0275e-01  2.9802e-06  2.0186e-03
 15060  8.9723e-01  1.0277e-01  1.7881e-06  1.9898e-03
 15080  8.9722e-01  1.0278e-01  0.0000e+00  1.9612e-03
 15100  8.9719e-01  1.0281e-01  0.0000e+00  1.9323e-03
 15120  8.9717e-01  1.0283e-01  2.5630e-06  1.9039e-03
 15140  8.9715e-01  1.0285e-01  1.7285e-06  1.8765e-03
 15160  8.9713e-01  1.0287e-01  3.5763e-06  1.8491e-03
 15180  8.9711e-01  1.0289e-01  0.0000e+00  1.8212e-03
 15200  8.9710e-01  1.0290e-01  1.2517e-06  1.7927e-03
 15220  8.9709e-01  1.0291e-01  0.0000e+00  1.7680e-03
 15240  8.9707e-01  1.0293e-01  0.0000e+00  1.7441e-03
 15260  8.9706e-01  1.0294e-01  4.5300e-06  1.7211e-03
 15280  8.9705e-01  1.0295e-01  0.0000e+00  1.6974e-03
 15300  8.9703e-01  1.0297e-01  1.3113e-06  1.6736e-03
 15320  8.9702e-01  1.0298e-01  0.0000e+00  1.6497e-03
 15340  8.9701e-01  1.0299e-01  0.0000e+00  1.6265e-03
 15360  8.9700e-01  1.0300e-01  2.9802e-07  1.6026e-03
 15380  8.9699e-01  1.0301e-01  2.3246e-06  1.5795e-03
 15400  8.9697e-01  1.0303e-01  2.3842e-07  1.5565e-03
 15420  8.9697e-01  1.0303e-01  0.0000e+00  1.5339e-03
 15440  8.9695e-01  1.0305e-01  0.0000e+00  1.5116e-03
 15460  8.9693e-01  1.0307e-01  5.3644e-07  1.4908e-03
 15480  8.9692e-01  1.0308e-01  0.0000e+00  1.4702e-03
 15500  8.9691e-01  1.0309e-01  1.4305e-06  1.4495e-03
 15520  8.9690e-01  1.0310e-01  7.7486e-07  1.4292e-03
 15540  8.9688e-01  1.0312e-01  0.0000e+00  1.4089e-03
 15560  8.9687e-01  1.0313e-01  1.7881e-07  1.3882e-03
 15580  8.9686e-01  1.0314e-01  0.0000e+00  1.3671e-03
 15600  8.9685e-01  1.0315e-01  0.0000e+00  1.3468e-03
 15620  8.9684e-01  1.0316e-01  4.7684e-07  1.3290e-03
 15640  8.9682e-01  1.0318e-01  0.0000e+00  1.3131e-03
 15660  8.9681e-01  1.0319e-01  0.0000e+00  1.2977e-03
 15680  8.9680e-01  1.0320e-01  1.9073e-06  1.2829e-03
 15700  8.9679e-01  1.0321e-01  1.3113e-06  1.2686e-03
 15720  8.9678e-01  1.0322e-01  1.4901e-06  1.2538e-03
 15740  8.9677e-01  1.0323e-01  2.8014e-06  1.2394e-03
 15760  8.9676e-01  1.0324e-01  4.7684e-07  1.2251e-03
 15780  8.9675e-01  1.0325e-01  0.0000e+00  1.2109e-03
 15800  8.9667e-01  1.0333e-01  0.0000e+00  1.1964e-03
 15820  8.9664e-01  1.0336e-01  9.5367e-07  1.1809e-03
 15840  8.9661e-01  1.0339e-01  0.0000e+00  1.1660e-03
 15860  8.9660e-01  1.0340e-01  7.1526e-07  1.1517e-03
 15880  8.9657e-01  1.0343e-01  0.0000e+00  1.1381e-03
 15900  8.9656e-01  1.0344e-01  5.3644e-07  1.1243e-03
 15920  8.9656e-01  1.0344e-01  2.1458e-06  1.1100e-03
 15940  8.9654e-01  1.0346e-01  7.1526e-07  1.0964e-03
 15960  8.9653e-01  1.0347e-01  7.7486e-07  1.0833e-03
 15980  8.9651e-01  1.0349e-01  7.1526e-07  1.0702e-03
 16000  8.9650e-01  1.0350e-01  0.0000e+00  1.0574e-03
 16020  8.9649e-01  1.0351e-01  3.5763e-07  1.0453e-03
 16040  8.9647e-01  1.0353e-01  6.5565e-07  1.0334e-03
 16060  8.9646e-01  1.0354e-01  0.0000e+00  1.0215e-03
 16080  8.9646e-01  1.0354e-01  4.0531e-06  1.0096e-03
 16100  8.9644e-01  1.0356e-01  2.0266e-06  9.9796e-04
 16120  8.9644e-01  1.0356e-01  0.0000e+00  9.8515e-04
 16140  8.9643e-01  1.0357e-01  1.3113e-06  9.7203e-04
 16160  8.9642e-01  1.0358e-01  0.0000e+00  9.5892e-04
 16180  8.9640e-01  1.0360e-01  1.4305e-06  9.4622e-04
 16200  8.9640e-01  1.0360e-01  4.1723e-07  9.3430e-04
 16220  8.9639e-01  1.0361e-01  1.3113e-06  9.2340e-04
 16240  8.9636e-01  1.0364e-01  4.7684e-07  9.1267e-04
 16260  8.9636e-01  1.0364e-01  2.3842e-07  9.0194e-04
 16280  8.9634e-01  1.0366e-01  0.0000e+00  8.9222e-04
 16300  8.9634e-01  1.0366e-01  1.0729e-06  8.8269e-04
 16320  8.9632e-01  1.0368e-01  3.5763e-07  8.7315e-04
 16340  8.9631e-01  1.0369e-01  1.0729e-06  8.6415e-04
 16360  8.9630e-01  1.0370e-01  8.3447e-07  8.5580e-04
 16380  8.9629e-01  1.0371e-01  7.7486e-07  8.4746e-04
 16400  8.9629e-01  1.0371e-01  0.0000e+00  8.3941e-04
 16420  8.9628e-01  1.0372e-01  0.0000e+00  8.3166e-04
 16440  8.9627e-01  1.0373e-01  6.5565e-07  8.2409e-04
 16460  8.9626e-01  1.0374e-01  6.5565e-07  8.1581e-04
 16480  8.9625e-01  1.0375e-01  1.0133e-06  8.0788e-04
 16500  8.9624e-01  1.0376e-01  1.0729e-06  8.0073e-04
 16520  8.9623e-01  1.0377e-01  1.5497e-06  7.9358e-04
 16540  8.9622e-01  1.0378e-01  1.7881e-07  7.8642e-04
 16560  8.9621e-01  1.0379e-01  0.0000e+00  7.7975e-04
 16580  8.9620e-01  1.0380e-01  1.6689e-06  7.7379e-04
 16600  8.9620e-01  1.0380e-01  1.1325e-06  7.6783e-04
 16620  8.9619e-01  1.0381e-01  1.6093e-06  7.6187e-04
 16640  8.9618e-01  1.0382e-01  0.0000e+00  7.5591e-04
 16660  8.9616e-01  1.0384e-01  0.0000e+00  7.4995e-04
 16680  8.9616e-01  1.0384e-01  0.0000e+00  7.4399e-04
 16700  8.9615e-01  1.0385e-01  0.0000e+00  7.3802e-04
 16720  8.9614e-01  1.0386e-01  2.8014e-06  7.3302e-04
 16740  8.9612e-01  1.0388e-01  0.0000e+00  7.2825e-04
 16760  8.9611e-01  1.0389e-01  0.0000e+00  7.2348e-04
 16780  8.9610e-01  1.0390e-01  3.5763e-07  7.1877e-04
 16800  8.9609e-01  1.0391e-01  1.0729e-06  7.1514e-04
 16820  8.9608e-01  1.0392e-01  0.0000e+00  7.0965e-04
 16840  8.9607e-01  1.0393e-01  0.0000e+00  7.0369e-04
 16860  8.9606e-01  1.0394e-01  1.9073e-06  6.9773e-04
 16880  8.9606e-01  1.0394e-01  2.0266e-06  6.9177e-04
 16900  8.9605e-01  1.0395e-01  1.6093e-06  6.8647e-04
 16920  8.9604e-01  1.0396e-01  0.0000e+00  6.8170e-04
 16940  8.9603e-01  1.0397e-01  5.3644e-07  6.7693e-04
 16960  8.9603e-01  1.0397e-01  0.0000e+00  6.7157e-04
 16980  8.9602e-01  1.0398e-01  5.9605e-07  6.6561e-04
 17000  8.9602e-01  1.0398e-01  5.9605e-07  6.5964e-04
 17020  8.9601e-01  1.0399e-01  1.3709e-06  6.5368e-04
 17040  8.9600e-01  1.0400e-01  4.1723e-07  6.4772e-04
 17060  8.9599e-01  1.0401e-01  1.1921e-07  6.4176e-04
 17080  8.9598e-01  1.0402e-01  0.0000e+00  6.3580e-04
 17100  8.9597e-01  1.0403e-01  5.9605e-08  6.2984e-04
 17120  8.9597e-01  1.0403e-01  5.3644e-07  6.2478e-04
 17140  8.9596e-01  1.0404e-01  0.0000e+00  6.2001e-04
 17160  8.9595e-01  1.0405e-01  0.0000e+00  6.1524e-04
 17180  8.9594e-01  1.0406e-01  0.0000e+00  6.1047e-04
 17200  8.9594e-01  1.0406e-01  1.9073e-06  6.0570e-04
 17220  8.9593e-01  1.0407e-01  1.9073e-06  6.0093e-04
 17240  8.9592e-01  1.0408e-01  0.0000e+00  5.9569e-04
 17260  8.9591e-01  1.0409e-01  8.9407e-07  5.8973e-04
 17280  8.9591e-01  1.0409e-01  0.0000e+00  5.8377e-04
 17300  8.9590e-01  1.0410e-01  1.1921e-07  5.7781e-04
 17320  8.9589e-01  1.0411e-01  8.9407e-07  5.7185e-04
 17340  8.9588e-01  1.0412e-01  0.0000e+00  5.6589e-04
 17360  8.9587e-01  1.0413e-01  8.3447e-07  5.5993e-04
 17380  8.9586e-01  1.0414e-01  3.5763e-07  5.5397e-04
 17400  8.9586e-01  1.0414e-01  0.0000e+00  5.4801e-04
 17420  8.9585e-01  1.0415e-01  0.0000e+00  5.4264e-04
 17440  8.9585e-01  1.0415e-01  1.0133e-06  5.3710e-04
 17460  8.9584e-01  1.0416e-01  1.1921e-07  5.3227e-04
 17480  8.9583e-01  1.0417e-01  1.7881e-06  5.2750e-04
 17500  8.9583e-01  1.0417e-01  2.3842e-07  5.2273e-04
 17520  8.9582e-01  1.0418e-01  1.3113e-06  5.1796e-04
 17540  8.9581e-01  1.0419e-01  0.0000e+00  5.1320e-04
 17560  8.9581e-01  1.0419e-01  7.1526e-07  5.0843e-04
 17580  8.9580e-01  1.0420e-01  5.9605e-08  5.0366e-04
 17600  8.9579e-01  1.0421e-01  0.0000e+00  4.9889e-04
 17620  8.9578e-01  1.0422e-01  2.3842e-07  4.9412e-04
 17640  8.9578e-01  1.0422e-01  0.0000e+00  4.8935e-04
 17660  8.9577e-01  1.0423e-01  1.7881e-07  4.8459e-04
 17680  8.9576e-01  1.0424e-01  1.1325e-06  4.7982e-04
 17700  8.9576e-01  1.0424e-01  0.0000e+00  4.7505e-04
 17720  8.9575e-01  1.0425e-01  4.7684e-07  4.6992e-04
 17740  8.9574e-01  1.0426e-01  0.0000e+00  4.6396e-04
 17760  8.9574e-01  1.0426e-01  1.4305e-06  4.5800e-04
 17780  8.9573e-01  1.0427e-01  0.0000e+00  4.5204e-04
 17800  8.9566e-01  1.0434e-01  1.9670e-06  4.4608e-04
 17820  8.9561e-01  1.0439e-01  0.0000e+00  4.4405e-04
 17840  8.9560e-01  1.0440e-01  0.0000e+00  4.4286e-04
 17860  8.9558e-01  1.0442e-01  1.5497e-06  4.4167e-04
 17880  8.9556e-01  1.0444e-01  0.0000e+00  4.4048e-04
 17900  8.9555e-01  1.0445e-01  0.0000e+00  4.3929e-04
 17920  8.9554e-01  1.0446e-01  0.0000e+00  4.3809e-04
 17940  8.9553e-01  1.0447e-01  1.7881e-06  4.3690e-04
 17960  8.9552e-01  1.0448e-01  0.0000e+00  4.3654e-04
 17980  8.9550e-01  1.0450e-01  0.0000e+00  4.3774e-04
 18000  8.9549e-01  1.0451e-01  0.0000e+00  4.3893e-04
 18020  8.9548e-01  1.0452e-01  9.5367e-07  4.4012e-04
 18040  8.9548e-01  1.0452e-01  1.9073e-06  4.4131e-04
 18060  8.9546e-01  1.0454e-01  1.7881e-07  4.4250e-04
 18080  8.9546e-01  1.0454e-01  6.5565e-07  4.4370e-04
 18100  8.9545e-01  1.0455e-01  7.7486e-07  4.4489e-04
 18120  8.9545e-01  1.0455e-01  0.0000e+00  4.4608e-04
 18140  8.9544e-01  1.0456e-01  5.9605e-07  4.4727e-04
 18160  8.9543e-01  1.0457e-01  1.9670e-06  4.4847e-04
 18180  8.9542e-01  1.0458e-01  5.9605e-07  4.4966e-04
 18200  8.9541e-01  1.0459e-01  6.5565e-07  4.5085e-04
 18220  8.9540e-01  1.0460e-01  5.9605e-07  4.5204e-04
 18240  8.9539e-01  1.0461e-01  0.0000e+00  4.5371e-04
 18260  8.9539e-01  1.0461e-01  5.9605e-07  4.5609e-04
 18280  8.9537e-01  1.0463e-01  0.0000e+00  4.5848e-04
 18300  8.9536e-01  1.0464e-01  0.0000e+00  4.6086e-04
 18320  8.9536e-01  1.0464e-01  0.0000e+00  4.6325e-04
 18340  8.9535e-01  1.0465e-01  1.1325e-06  4.6563e-04
 18360  8.9534e-01  1.0466e-01  0.0000e+00  4.6802e-04
 18380  8.9533e-01  1.0467e-01  0.0000e+00  4.7040e-04
 18400  8.9532e-01  1.0468e-01  1.1921e-06  4.7278e-04
 18420  8.9531e-01  1.0469e-01  7.1526e-07  4.7517e-04
 18440  8.9530e-01  1.0470e-01  5.3644e-07  4.7755e-04
 18460  8.9530e-01  1.0470e-01  0.0000e+00  4.7994e-04
 18480  8.9528e-01  1.0472e-01  0.0000e+00  4.8232e-04
 18500  8.9528e-01  1.0472e-01  0.0000e+00  4.8470e-04
 18520  8.9527e-01  1.0473e-01  0.0000e+00  4.8709e-04
 18540  8.9526e-01  1.0474e-01  4.7684e-07  4.8947e-04
 18560  8.9526e-01  1.0474e-01  1.0729e-06  4.9186e-04
 18580  8.9525e-01  1.0475e-01  6.5565e-07  4.9424e-04
 18600  8.9524e-01  1.0476e-01  7.7486e-07  4.9663e-04
 18620  8.9523e-01  1.0477e-01  7.1526e-07  4.9901e-04
 18640  8.9522e-01  1.0478e-01  0.0000e+00  5.0139e-04
 18660  8.9522e-01  1.0478e-01  0.0000e+00  5.0378e-04
 18680  8.9520e-01  1.0480e-01  0.0000e+00  5.0616e-04
 18700  8.9520e-01  1.0480e-01  1.2517e-06  5.0855e-04
 18720  8.9519e-01  1.0481e-01  0.0000e+00  5.1129e-04
 18740  8.9518e-01  1.0482e-01  0.0000e+00  5.1486e-04
 18760  8.9518e-01  1.0482e-01  5.3644e-07  5.1844e-04
 18780  8.9517e-01  1.0483e-01  0.0000e+00  5.2202e-04
 18800  8.9517e-01  1.0483e-01  5.9605e-07  5.2559e-04
 18820  8.9517e-01  1.0483e-01  5.9605e-07  5.2589e-04
 18840  8.9516e-01  1.0484e-01  1.0729e-06  5.2470e-04
 18860  8.9516e-01  1.0484e-01  8.9407e-07  5.2351e-04
 18880  8.9514e-01  1.0486e-01  3.5763e-07  5.2232e-04
 18900  8.9514e-01  1.0486e-01  5.3644e-07  5.2112e-04
 18920  8.9513e-01  1.0487e-01  0.0000e+00  5.1993e-04
 18940  8.9513e-01  1.0487e-01  1.1921e-07  5.1874e-04
 18960  8.9513e-01  1.0487e-01  1.4305e-06  5.1731e-04
 18980  8.9512e-01  1.0488e-01  0.0000e+00  5.1445e-04
 19000  8.9511e-01  1.0489e-01  0.0000e+00  5.1087e-04
 19020  8.9511e-01  1.0489e-01  0.0000e+00  5.0730e-04
 19040  8.9511e-01  1.0489e-01  0.0000e+00  5.0372e-04
 19060  8.9511e-01  1.0489e-01  0.0000e+00  5.0014e-04
 19080  8.9510e-01  1.0490e-01  0.0000e+00  4.9657e-04
 19100  8.9509e-01  1.0491e-01  1.0729e-06  4.9299e-04
 19120  8.9509e-01  1.0491e-01  0.0000e+00  4.8941e-04
 19140  8.9508e-01  1.0492e-01  0.0000e+00  4.8584e-04
 19160  8.9508e-01  1.0492e-01  0.0000e+00  4.8226e-04
 19180  8.9508e-01  1.0492e-01  0.0000e+00  4.7868e-04
 19200  8.9507e-01  1.0493e-01  0.0000e+00  4.7511e-04
 19220  8.9506e-01  1.0494e-01  0.0000e+00  4.7153e-04
 19240  8.9506e-01  1.0494e-01  0.0000e+00  4.6796e-04
 19260  8.9505e-01  1.0495e-01  0.0000e+00  4.6438e-04
 19280  8.9505e-01  1.0495e-01  4.7684e-07  4.6057e-04
 19300  8.9504e-01  1.0496e-01  8.3447e-07  4.5580e-04
 19320  8.9504e-01  1.0496e-01  7.7486e-07  4.5103e-04
 19340  8.9503e-01  1.0497e-01  7.1526e-07  4.4626e-04
 19360  8.9502e-01  1.0498e-01  3.5763e-07  4.4149e-04
 19380  8.9502e-01  1.0498e-01  0.0000e+00  4.3672e-04
 19400  8.9501e-01  1.0499e-01  4.1723e-07  4.3195e-04
 19420  8.9500e-01  1.0500e-01  1.1921e-07  4.2719e-04
 19440  8.9500e-01  1.0500e-01  0.0000e+00  4.2242e-04
 19460  8.9500e-01  1.0500e-01  5.3644e-07  4.1765e-04
 19480  8.9500e-01  1.0500e-01  5.9605e-08  4.1288e-04
 19500  8.9499e-01  1.0501e-01  1.1921e-07  4.0811e-04
 19520  8.9499e-01  1.0501e-01  0.0000e+00  4.0334e-04
 19540  8.9498e-01  1.0502e-01  9.5367e-07  3.9858e-04
 19560  8.9498e-01  1.0502e-01  1.0729e-06  3.9381e-04
 19580  8.9498e-01  1.0502e-01  0.0000e+00  3.8904e-04
 19600  8.9497e-01  1.0503e-01  5.9605e-08  3.8427e-04
 19620  8.9497e-01  1.0503e-01  1.7881e-07  3.7873e-04
 19640  8.9496e-01  1.0504e-01  0.0000e+00  3.7318e-04
 19660  8.9495e-01  1.0505e-01  0.0000e+00  3.6722e-04
 19680  8.9495e-01  1.0505e-01  7.7486e-07  3.6126e-04
 19700  8.9495e-01  1.0505e-01  0.0000e+00  3.5530e-04
 19720  8.9494e-01  1.0506e-01  0.0000e+00  3.4934e-04
 19740  8.9494e-01  1.0506e-01  0.0000e+00  3.4338e-04
 19760  8.9493e-01  1.0507e-01  2.9802e-07  3.3742e-04
 19780  8.9493e-01  1.0507e-01  2.3842e-07  3.3146e-04
 19800  8.9492e-01  1.0508e-01  1.1921e-07  3.2550e-04
 19820  8.9492e-01  1.0508e-01  0.0000e+00  3.2079e-04
 19840  8.9492e-01  1.0508e-01  0.0000e+00  3.1722e-04
 19860  8.9492e-01  1.0508e-01  1.1921e-07  3.1364e-04
 19880  8.9491e-01  1.0509e-01  4.7684e-07  3.1006e-04
 19900  8.9491e-01  1.0509e-01  0.0000e+00  3.0649e-04
 19920  8.9490e-01  1.0510e-01  0.0000e+00  3.0291e-04
 19940  8.9490e-01  1.0510e-01  0.0000e+00  2.9933e-04
 19960  8.9490e-01  1.0510e-01  0.0000e+00  2.9576e-04
 19980  8.9489e-01  1.0511e-01  2.9802e-07  2.9266e-04
 20000  8.9489e-01  1.0511e-01  0.0000e+00  2.9027e-04
 20020  8.9488e-01  1.0512e-01  2.3842e-07  2.8789e-04
 20040  8.9488e-01  1.0512e-01  0.0000e+00  2.8551e-04
 20060  8.9487e-01  1.0513e-01  2.3842e-07  2.8312e-04
 20080  8.9487e-01  1.0513e-01  6.5565e-07  2.8074e-04
 20100  8.9487e-01  1.0513e-01  7.1526e-07  2.7835e-04
 20120  8.9486e-01  1.0514e-01  0.0000e+00  2.7597e-04
 20140  8.9486e-01  1.0514e-01  0.0000e+00  2.7359e-04
 20160  8.9485e-01  1.0515e-01  0.0000e+00  2.7120e-04
 20180  8.9485e-01  1.0515e-01  2.3842e-07  2.6882e-04
 20200  8.9484e-01  1.0516e-01  1.1921e-07  2.6643e-04
 20220  8.9484e-01  1.0516e-01  2.9802e-07  2.6405e-04
 20240  8.9484e-01  1.0516e-01  0.0000e+00  2.6166e-04
 20260  8.9483e-01  1.0517e-01  0.0000e+00  2.5928e-04
 20280  8.9483e-01  1.0517e-01  1.7881e-07  2.5713e-04
 20300  8.9483e-01  1.0517e-01  7.1526e-07  2.5594e-04
 20320  8.9483e-01  1.0517e-01  0.0000e+00  2.5463e-04
 20340  8.9482e-01  1.0518e-01  5.9605e-08  2.5231e-04
 20360  8.9482e-01  1.0518e-01  1.1921e-07  2.4992e-04
 20380  8.9482e-01  1.0518e-01  0.0000e+00  2.4754e-04
 20400  8.9482e-01  1.0518e-01  0.0000e+00  2.4515e-04
 20420  8.9481e-01  1.0519e-01  5.9605e-07  2.4277e-04
 20440  8.9481e-01  1.0519e-01  0.0000e+00  2.4039e-04
 20460  8.9481e-01  1.0519e-01  2.3842e-07  2.3800e-04
 20480  8.9481e-01  1.0519e-01  0.0000e+00  2.3562e-04
 20500  8.9480e-01  1.0520e-01  0.0000e+00  2.3323e-04
 20520  8.9480e-01  1.0520e-01  0.0000e+00  2.3085e-04
 20540  8.9480e-01  1.0520e-01  4.1723e-07  2.2846e-04
 20560  8.9479e-01  1.0521e-01  1.1921e-07  2.2608e-04
 20580  8.9479e-01  1.0521e-01  5.9605e-08  2.2370e-04
 20600  8.9476e-01  1.0524e-01  0.0000e+00  2.2131e-04
 20620  8.9476e-01  1.0524e-01  1.7881e-07  2.2048e-04
 20640  8.9475e-01  1.0525e-01  3.5763e-07  2.1887e-04
 20660  8.9475e-01  1.0525e-01  2.9802e-07  2.1768e-04
 20680  8.9475e-01  1.0525e-01  7.7486e-07  2.1648e-04
 20700  8.9475e-01  1.0525e-01  2.9802e-07  2.1529e-04
 20720  8.9474e-01  1.0526e-01  3.5763e-07  2.1410e-04
 20740  8.9474e-01  1.0526e-01  3.5763e-07  2.1291e-04
 20760  8.9474e-01  1.0526e-01  0.0000e+00  2.1172e-04
 20780  8.9474e-01  1.0526e-01  3.5763e-07  2.1052e-04
 20800  8.9473e-01  1.0527e-01  0.0000e+00  2.0933e-04
 20820  8.9473e-01  1.0527e-01  0.0000e+00  2.0814e-04
 20840  8.9473e-01  1.0527e-01  8.3447e-07  2.0695e-04
 20860  8.9472e-01  1.0528e-01  5.9605e-08  2.0576e-04
 20880  8.9472e-01  1.0528e-01  0.0000e+00  2.0456e-04
 20900  8.9472e-01  1.0528e-01  2.9802e-07  2.0337e-04
 20920  8.9472e-01  1.0528e-01  4.1723e-07  2.0218e-04
 20940  8.9472e-01  1.0528e-01  6.5565e-07  2.0099e-04
 20960  8.9471e-01  1.0529e-01  0.0000e+00  1.9979e-04
 20980  8.9471e-01  1.0529e-01  5.9605e-08  1.9860e-04
 21000  8.9471e-01  1.0529e-01  0.0000e+00  1.9741e-04
 21020  8.9471e-01  1.0529e-01  0.0000e+00  1.9622e-04
 21040  8.9470e-01  1.0530e-01  0.0000e+00  1.9503e-04
 21060  8.9470e-01  1.0530e-01  0.0000e+00  1.9383e-04
 21080  8.9470e-01  1.0530e-01  2.9802e-07  1.9264e-04
 21100  8.9470e-01  1.0530e-01  0.0000e+00  1.9145e-04
 21120  8.9470e-01  1.0530e-01  2.9802e-07  1.9026e-04
 21140  8.9469e-01  1.0531e-01  1.7881e-07  1.8907e-04
 21160  8.9469e-01  1.0531e-01  5.9605e-07  1.8787e-04
 21180  8.9469e-01  1.0531e-01  0.0000e+00  1.8668e-04
 21200  8.9469e-01  1.0531e-01  1.1921e-07  1.8549e-04
 21220  8.9468e-01  1.0532e-01  0.0000e+00  1.8430e-04
 21240  8.9468e-01  1.0532e-01  0.0000e+00  1.8311e-04
 21260  8.9468e-01  1.0532e-01  0.0000e+00  1.8191e-04
 21280  8.9468e-01  1.0532e-01  0.0000e+00  1.8072e-04
 21300  8.9467e-01  1.0533e-01  3.5763e-07  1.7953e-04
 21320  8.9467e-01  1.0533e-01  0.0000e+00  1.7846e-04
 21340  8.9467e-01  1.0533e-01  2.3842e-07  1.7840e-04
 21360  8.9467e-01  1.0533e-01  1.1921e-07  1.7840e-04
 21380  8.9466e-01  1.0534e-01  0.0000e+00  1.7840e-04
 21400  8.9466e-01  1.0534e-01  3.5763e-07  1.7840e-04
 21420  8.9466e-01  1.0534e-01  0.0000e+00  1.7840e-04
 21440  8.9465e-01  1.0535e-01  0.0000e+00  1.7840e-04
 21460  8.9465e-01  1.0535e-01  5.9605e-08  1.7840e-04
 21480  8.9465e-01  1.0535e-01  1.1921e-07  1.7840e-04
 21500  8.9465e-01  1.0535e-01  2.3842e-07  1.7840e-04
 21520  8.9465e-01  1.0535e-01  3.5763e-07  1.7840e-04
 21540  8.9464e-01  1.0536e-01  0.0000e+00  1.7840e-04
 21560  8.9464e-01  1.0536e-01  4.7684e-07  1.7840e-04
 21580  8.9464e-01  1.0536e-01  0.0000e+00  1.7840e-04
 21600  8.9464e-01  1.0536e-01  0.0000e+00  1.7840e-04
 21620  8.9464e-01  1.0536e-01  0.0000e+00  1.7643e-04
 21640  8.9463e-01  1.0537e-01  0.0000e+00  1.7524e-04
 21660  8.9463e-01  1.0537e-01  0.0000e+00  1.7405e-04
 21680  8.9463e-01  1.0537e-01  0.0000e+00  1.7285e-04
 21700  8.9463e-01  1.0537e-01  0.0000e+00  1.7166e-04
 21720  8.9463e-01  1.0537e-01  0.0000e+00  1.7047e-04
 21740  8.9463e-01  1.0537e-01  2.9802e-07  1.6928e-04
 21760  8.9462e-01  1.0538e-01  0.0000e+00  1.6809e-04
 21780  8.9462e-01  1.0538e-01  0.0000e+00  1.6689e-04
 21800  8.9462e-01  1.0538e-01  0.0000e+00  1.6570e-04
 21820  8.9462e-01  1.0538e-01  0.0000e+00  1.6451e-04
 21840  8.9461e-01  1.0539e-01  3.5763e-07  1.6332e-04
 21860  8.9461e-01  1.0539e-01  1.1921e-07  1.6212e-04
 21880  8.9461e-01  1.0539e-01  2.3842e-07  1.6093e-04
 21900  8.9461e-01  1.0539e-01  1.1921e-07  1.5974e-04
 21920  8.9461e-01  1.0539e-01  3.5763e-07  1.5855e-04
 21940  8.9461e-01  1.0539e-01  1.7881e-07  1.5736e-04
 21960  8.9461e-01  1.0539e-01  2.3842e-07  1.5616e-04
 21980  8.9460e-01  1.0540e-01  0.0000e+00  1.5497e-04
 22000  8.9460e-01  1.0540e-01  8.3447e-07  1.5378e-04
 22020  8.9460e-01  1.0540e-01  0.0000e+00  1.5259e-04
 22040  8.9460e-01  1.0540e-01  2.3842e-07  1.5140e-04
 22060  8.9460e-01  1.0540e-01  0.0000e+00  1.5020e-04
 22080  8.9460e-01  1.0540e-01  5.9605e-08  1.4901e-04
 22100  8.9460e-01  1.0540e-01  3.5763e-07  1.4782e-04
 22120  8.9460e-01  1.0540e-01  0.0000e+00  1.4663e-04
 22140  8.9459e-01  1.0541e-01  0.0000e+00  1.4544e-04
 22160  8.9459e-01  1.0541e-01  2.3842e-07  1.4424e-04
 22180  8.9459e-01  1.0541e-01  0.0000e+00  1.4305e-04
 22200  8.9459e-01  1.0541e-01  0.0000e+00  1.4186e-04
 22220  8.9459e-01  1.0541e-01  0.0000e+00  1.4067e-04
 22240  8.9459e-01  1.0541e-01  2.3842e-07  1.3947e-04
 22260  8.9459e-01  1.0541e-01  2.3842e-07  1.3828e-04
 22280  8.9458e-01  1.0542e-01  0.0000e+00  1.3709e-04
 22300  8.9458e-01  1.0542e-01  5.9605e-08  1.3590e-04
 22320  8.9458e-01  1.0542e-01  0.0000e+00  1.3471e-04
 22340  8.9458e-01  1.0542e-01  0.0000e+00  1.3351e-04
 22360  8.9458e-01  1.0542e-01  5.9605e-07  1.3232e-04
 22380  8.9457e-01  1.0543e-01  3.5763e-07  1.3107e-04
 22400  8.9457e-01  1.0543e-01  0.0000e+00  1.2869e-04
 22420  8.9457e-01  1.0543e-01  0.0000e+00  1.2630e-04
 22440  8.9457e-01  1.0543e-01  2.9802e-07  1.2392e-04
 22460  8.9457e-01  1.0543e-01  3.5763e-07  1.2153e-04
 22480  8.9457e-01  1.0543e-01  0.0000e+00  1.1915e-04
 22500  8.9457e-01  1.0543e-01  0.0000e+00  1.1677e-04
 22520  8.9456e-01  1.0544e-01  0.0000e+00  1.1438e-04
 22540  8.9456e-01  1.0544e-01  1.1921e-07  1.1200e-04
 22560  8.9456e-01  1.0544e-01  0.0000e+00  1.0961e-04
 22580  8.9456e-01  1.0544e-01  5.9605e-08  1.0723e-04
 22600  8.9456e-01  1.0544e-01  5.9605e-08  1.0484e-04
 22620  8.9456e-01  1.0544e-01  1.1921e-07  1.0365e-04
 22640  8.9456e-01  1.0544e-01  1.7881e-07  1.0246e-04
 22660  8.9455e-01  1.0545e-01  0.0000e+00  1.0127e-04
 22680  8.9455e-01  1.0545e-01  0.0000e+00  1.0008e-04
 22681  8.9455e-01  0.0000e+00  1.0545e-01  5.9605e-08  9.9957e-05
# Std.corr:  FIRST=   0.05421287   LAST=   0.10544606  TIME=  48144 s
