# imodfit> Score file
# Iter       Score cross.corr. Delta_Score D_Score_Avg
     0  8.8978e-01  1.1022e-01
    20  8.8977e-01  1.1023e-01  8.3447e-07  4.5633e-41
    40  8.8976e-01  1.1024e-01  1.1325e-06  4.5633e-41
    60  8.8974e-01  1.1026e-01  3.6955e-06  4.5633e-41
    80  8.8972e-01  1.1028e-01  1.1921e-07  4.5633e-41
   100  8.8971e-01  1.1029e-01  3.5763e-07  4.5633e-41
   120  8.8969e-01  1.1031e-01  0.0000e+00  4.5633e-41
   140  8.8968e-01  1.1032e-01  2.9802e-07  4.5633e-41
   160  8.8967e-01  1.1033e-01  0.0000e+00  4.5633e-41
   180  8.8966e-01  1.1034e-01  2.3842e-07  4.5633e-41
   200  8.8559e-01  1.1441e-01  0.0000e+00  4.5633e-41
   220  8.8557e-01  1.1443e-01  2.5034e-06  4.5633e-41
   240  8.8556e-01  1.1444e-01  1.0729e-06  4.5633e-41
   260  8.8555e-01  1.1445e-01  0.0000e+00  4.5633e-41
   280  8.8553e-01  1.1447e-01  0.0000e+00  4.5633e-41
   300  8.8551e-01  1.1449e-01  5.3644e-07  4.5633e-41
   320  8.8551e-01  1.1449e-01  0.0000e+00  4.5633e-41
   340  8.8550e-01  1.1450e-01  6.5565e-07  4.5633e-41
   360  8.8550e-01  1.1450e-01  0.0000e+00  4.5633e-41
   380  8.8549e-01  1.1451e-01  0.0000e+00  4.5633e-41
   400  8.8549e-01  1.1451e-01  7.7486e-07  4.5633e-41
   420  8.8549e-01  1.1451e-01  0.0000e+00  4.5633e-41
   440  8.8548e-01  1.1452e-01  0.0000e+00  4.5633e-41
   460  8.8548e-01  1.1452e-01  2.9802e-07  4.5633e-41
   480  8.8548e-01  1.1452e-01  0.0000e+00  4.5633e-41
   500  8.8547e-01  1.1453e-01  0.0000e+00  4.5633e-41
   520  8.8547e-01  1.1453e-01  0.0000e+00  4.5633e-41
   540  8.8547e-01  1.1453e-01  0.0000e+00  4.5633e-41
   560  8.8547e-01  1.1453e-01  0.0000e+00  4.5633e-41
   580  8.8546e-01  1.1454e-01  0.0000e+00  4.5633e-41
   600  8.8546e-01  1.1454e-01  4.7684e-07  4.5633e-41
   620  8.8546e-01  1.1454e-01  0.0000e+00  4.5633e-41
   640  8.8546e-01  1.1454e-01  7.1526e-07  4.5633e-41
   660  8.8546e-01  1.1454e-01  0.0000e+00  4.5633e-41
   680  8.8545e-01  1.1455e-01  5.3644e-07  4.5633e-41
   700  8.8545e-01  1.1455e-01  2.3842e-07  4.5633e-41
   720  8.8545e-01  1.1455e-01  1.7881e-07  4.5633e-41
   740  8.8545e-01  1.1455e-01  0.0000e+00  4.5633e-41
   760  8.8545e-01  1.1455e-01  3.5763e-07  4.5633e-41
   780  8.8544e-01  1.1456e-01  0.0000e+00  4.5633e-41
   800  8.8544e-01  1.1456e-01  4.1723e-07  4.5633e-41
   820  8.8544e-01  1.1456e-01  0.0000e+00  4.5633e-41
   840  8.8544e-01  1.1456e-01  0.0000e+00  4.5633e-41
   860  8.8544e-01  1.1456e-01  0.0000e+00  4.5633e-41
   880  8.8544e-01  1.1456e-01  4.1723e-07  4.5633e-41
   900  8.8544e-01  1.1456e-01  5.9605e-08  4.5633e-41
   920  8.8543e-01  1.1457e-01  0.0000e+00  4.5633e-41
   940  8.8543e-01  1.1457e-01  0.0000e+00  4.5633e-41
   960  8.8543e-01  1.1457e-01  3.5763e-07  4.5633e-41
   980  8.8543e-01  1.1457e-01  0.0000e+00  4.5633e-41
  1000  8.8543e-01  1.1457e-01  2.9802e-07  4.5633e-41
  1020  8.8543e-01  1.1457e-01  2.9802e-07  4.5633e-41
  1040  8.8542e-01  1.1458e-01  0.0000e+00  4.5633e-41
  1060  8.8542e-01  1.1458e-01  1.1921e-07  4.5633e-41
  1080  8.8542e-01  1.1458e-01  0.0000e+00  4.5633e-41
  1100  8.8542e-01  1.1458e-01  1.1921e-07  4.5633e-41
  1120  8.8542e-01  1.1458e-01  0.0000e+00  4.5633e-41
  1140  8.8542e-01  1.1458e-01  1.1921e-07  4.5633e-41
  1160  8.8542e-01  1.1458e-01  5.9605e-08  4.5633e-41
  1180  8.8542e-01  1.1458e-01  2.9802e-07  4.5633e-41
  1200  8.8542e-01  1.1458e-01  2.9802e-07  4.5633e-41
  1220  8.8542e-01  1.1458e-01  0.0000e+00  4.5633e-41
  1240  8.8542e-01  1.1458e-01  0.0000e+00  4.5633e-41
  1260  8.8542e-01  1.1458e-01  4.7684e-07  4.5633e-41
  1280  8.8541e-01  1.1459e-01  0.0000e+00  4.5633e-41
  1300  8.8541e-01  1.1459e-01  1.7881e-07  4.5633e-41
  1320  8.8541e-01  1.1459e-01  2.3842e-07  4.5633e-41
  1340  8.8541e-01  1.1459e-01  1.7881e-07  4.5633e-41
  1360  8.8541e-01  1.1459e-01  0.0000e+00  4.5633e-41
  1380  8.8541e-01  1.1459e-01  1.1921e-07  4.5633e-41
  1400  8.8541e-01  1.1459e-01  1.7881e-07  4.5633e-41
  1420  8.8541e-01  1.1459e-01  0.0000e+00  4.5633e-41
  1440  8.8541e-01  1.1459e-01  5.9605e-08  4.5633e-41
  1460  8.8541e-01  1.1459e-01  3.5763e-07  4.5633e-41
  1480  8.8541e-01  1.1459e-01  2.9802e-07  4.5633e-41
  1500  8.8541e-01  1.1459e-01  4.1723e-07  4.5633e-41
  1520  8.8541e-01  1.1459e-01  0.0000e+00  4.5633e-41
  1540  8.8540e-01  1.1460e-01  0.0000e+00  4.5633e-41
  1560  8.8540e-01  1.1460e-01  2.3842e-07  4.5633e-41
  1580  8.8540e-01  1.1460e-01  0.0000e+00  4.5633e-41
  1600  8.8540e-01  1.1460e-01  2.3842e-07  4.5633e-41
  1620  8.8540e-01  1.1460e-01  4.1723e-07  4.5633e-41
  1640  8.8540e-01  1.1460e-01  2.3842e-07  4.5633e-41
  1660  8.8540e-01  1.1460e-01  0.0000e+00  4.5633e-41
  1680  8.8540e-01  1.1460e-01  4.1723e-07  4.5633e-41
  1700  8.8540e-01  1.1460e-01  1.1921e-07  4.5633e-41
  1720  8.8540e-01  1.1460e-01  0.0000e+00  4.5633e-41
  1740  8.8540e-01  1.1460e-01  1.7881e-07  4.5633e-41
  1760  8.8540e-01  1.1460e-01  0.0000e+00  4.5633e-41
  1780  8.8540e-01  1.1460e-01  1.7881e-07  4.5633e-41
  1800  8.8540e-01  1.1460e-01  5.9605e-08  4.5633e-41
  1820  8.8540e-01  1.1460e-01  0.0000e+00  4.5633e-41
  1840  8.8540e-01  1.1460e-01  1.7881e-07  4.5633e-41
  1860  8.8539e-01  1.1461e-01  3.5763e-07  4.5633e-41
  1880  8.8539e-01  1.1461e-01  2.3842e-07  4.5633e-41
  1900  8.8539e-01  1.1461e-01  1.7881e-07  4.5633e-41
  1920  8.8539e-01  1.1461e-01  1.7881e-07  4.5633e-41
  1940  8.8539e-01  1.1461e-01  1.1921e-07  4.5633e-41
  1960  8.8539e-01  1.1461e-01  4.7684e-07  4.5633e-41
  1980  8.8539e-01  1.1461e-01  1.7881e-07  4.5633e-41
  2000  8.8539e-01  1.1461e-01  1.7881e-07  4.5633e-41
  2020  8.8539e-01  1.1461e-01  2.9802e-07  8.3250e-04
  2040  8.8539e-01  1.1461e-01  5.9605e-08  7.4667e-04
  2060  8.8539e-01  1.1461e-01  1.7881e-07  6.6143e-04
  2080  8.8539e-01  1.1461e-01  3.5763e-07  5.7679e-04
  2100  8.8539e-01  1.1461e-01  2.9802e-07  4.9216e-04
  2120  8.8539e-01  1.1461e-01  0.0000e+00  4.0752e-04
  2140  8.8539e-01  1.1461e-01  5.9605e-08  3.2294e-04
  2160  8.8539e-01  1.1461e-01  5.9605e-08  2.3949e-04
  2180  8.8539e-01  1.1461e-01  0.0000e+00  1.5604e-04
  2193  8.8539e-01  0.0000e+00  1.1461e-01  1.1921e-07  9.7632e-05
# Std.corr:  FIRST=   0.11021626   LAST=   0.11461399  TIME=   5233 s
