# imodfit> Score file
# Iter       Score cross.corr. Delta_Score D_Score_Avg
     0  9.2580e-01  7.4200e-02
    20  9.2577e-01  7.4233e-02  1.3649e-05  9.1834e-41
    40  9.2569e-01  7.4306e-02  6.0797e-06  9.1834e-41
    60  9.2566e-01  7.4342e-02  0.0000e+00  9.1834e-41
    80  9.2562e-01  7.4379e-02  4.1723e-07  9.1834e-41
   100  9.2559e-01  7.4412e-02  5.6624e-06  9.1834e-41
   120  9.2549e-01  7.4506e-02  1.7881e-07  9.1834e-41
   140  9.2544e-01  7.4556e-02  0.0000e+00  9.1834e-41
   160  9.2540e-01  7.4605e-02  1.3113e-06  9.1834e-41
   180  9.2533e-01  7.4673e-02  0.0000e+00  9.1834e-41
   200  9.1043e-01  8.9574e-02  0.0000e+00  9.1834e-41
   220  9.1038e-01  8.9623e-02  1.6093e-06  9.1834e-41
   240  9.1034e-01  8.9660e-02  2.8014e-06  9.1834e-41
   260  9.1030e-01  8.9703e-02  0.0000e+00  9.1834e-41
   280  9.1022e-01  8.9784e-02  0.0000e+00  9.1834e-41
   300  9.1015e-01  8.9848e-02  1.3173e-05  9.1834e-41
   320  9.1012e-01  8.9882e-02  0.0000e+00  9.1834e-41
   340  9.1007e-01  8.9926e-02  5.3644e-06  9.1834e-41
   360  9.1001e-01  8.9989e-02  3.0994e-06  9.1834e-41
   380  9.0993e-01  9.0074e-02  0.0000e+00  9.1834e-41
   400  8.9481e-01  1.0519e-01  0.0000e+00  9.1834e-41
   420  8.9477e-01  1.0523e-01  4.4703e-06  9.1834e-41
   440  8.9471e-01  1.0529e-01  1.9670e-06  9.1834e-41
   460  8.9466e-01  1.0534e-01  1.0729e-06  9.1834e-41
   480  8.9464e-01  1.0536e-01  0.0000e+00  9.1834e-41
   500  8.9459e-01  1.0541e-01  0.0000e+00  9.1834e-41
   520  8.9453e-01  1.0547e-01  0.0000e+00  9.1834e-41
   540  8.9448e-01  1.0552e-01  0.0000e+00  9.1834e-41
   560  8.9441e-01  1.0559e-01  5.6028e-06  9.1834e-41
   580  8.9439e-01  1.0561e-01  0.0000e+00  9.1834e-41
   600  8.9183e-01  1.0817e-01  5.1856e-06  9.1834e-41
   620  8.9180e-01  1.0820e-01  0.0000e+00  9.1834e-41
   640  8.9175e-01  1.0825e-01  0.0000e+00  9.1834e-41
   660  8.9171e-01  1.0829e-01  0.0000e+00  9.1834e-41
   680  8.9168e-01  1.0832e-01  8.7619e-06  9.1834e-41
   700  8.9164e-01  1.0836e-01  0.0000e+00  9.1834e-41
   720  8.9161e-01  1.0839e-01  1.3709e-06  9.1834e-41
   740  8.9155e-01  1.0845e-01  0.0000e+00  9.1834e-41
   760  8.9152e-01  1.0848e-01  0.0000e+00  9.1834e-41
   780  8.9149e-01  1.0851e-01  0.0000e+00  9.1834e-41
   800  8.9126e-01  1.0874e-01  0.0000e+00  9.1834e-41
   820  8.9122e-01  1.0878e-01  0.0000e+00  9.1834e-41
   840  8.9117e-01  1.0883e-01  0.0000e+00  9.1834e-41
   860  8.9115e-01  1.0885e-01  4.2915e-06  9.1834e-41
   880  8.9113e-01  1.0887e-01  2.3842e-07  9.1834e-41
   900  8.9111e-01  1.0889e-01  0.0000e+00  9.1834e-41
   920  8.9107e-01  1.0893e-01  1.5497e-06  9.1834e-41
   940  8.9106e-01  1.0894e-01  8.3447e-07  9.1834e-41
   960  8.9104e-01  1.0896e-01  0.0000e+00  9.1834e-41
   980  8.9102e-01  1.0898e-01  0.0000e+00  9.1834e-41
  1000  8.9100e-01  1.0900e-01  1.9670e-06  9.1834e-41
  1020  8.9099e-01  1.0901e-01  0.0000e+00  9.1834e-41
  1040  8.9098e-01  1.0902e-01  1.0133e-06  9.1834e-41
  1060  8.9096e-01  1.0904e-01  5.9605e-07  9.1834e-41
  1080  8.9094e-01  1.0906e-01  1.9670e-06  9.1834e-41
  1100  8.9092e-01  1.0908e-01  2.6822e-06  9.1834e-41
  1120  8.9090e-01  1.0910e-01  0.0000e+00  9.1834e-41
  1140  8.9088e-01  1.0912e-01  1.0729e-06  9.1834e-41
  1160  8.9087e-01  1.0913e-01  0.0000e+00  9.1834e-41
  1180  8.9087e-01  1.0913e-01  2.7418e-06  9.1834e-41
  1200  8.9085e-01  1.0915e-01  0.0000e+00  9.1834e-41
  1220  8.9083e-01  1.0917e-01  1.4305e-06  9.1834e-41
  1240  8.9082e-01  1.0918e-01  0.0000e+00  9.1834e-41
  1260  8.9081e-01  1.0919e-01  1.0729e-06  9.1834e-41
  1280  8.9081e-01  1.0919e-01  9.5367e-07  9.1834e-41
  1300  8.9079e-01  1.0921e-01  0.0000e+00  9.1834e-41
  1320  8.9078e-01  1.0922e-01  0.0000e+00  9.1834e-41
  1340  8.9077e-01  1.0923e-01  0.0000e+00  9.1834e-41
  1360  8.9075e-01  1.0925e-01  0.0000e+00  9.1834e-41
  1380  8.9074e-01  1.0926e-01  4.7684e-07  9.1834e-41
  1400  8.9073e-01  1.0927e-01  0.0000e+00  9.1834e-41
  1420  8.9072e-01  1.0928e-01  0.0000e+00  9.1834e-41
  1440  8.9071e-01  1.0929e-01  2.3842e-07  9.1834e-41
  1460  8.9070e-01  1.0930e-01  7.7486e-07  9.1834e-41
  1480  8.9069e-01  1.0931e-01  1.8477e-06  9.1834e-41
  1500  8.9068e-01  1.0932e-01  0.0000e+00  9.1834e-41
  1520  8.9067e-01  1.0933e-01  0.0000e+00  9.1834e-41
  1540  8.9066e-01  1.0934e-01  2.9802e-07  9.1834e-41
  1560  8.9066e-01  1.0934e-01  2.5630e-06  9.1834e-41
  1580  8.9065e-01  1.0935e-01  0.0000e+00  9.1834e-41
  1600  8.9058e-01  1.0942e-01  0.0000e+00  9.1834e-41
  1620  8.9057e-01  1.0943e-01  3.0398e-06  9.1834e-41
  1640  8.9056e-01  1.0944e-01  0.0000e+00  9.1834e-41
  1660  8.9055e-01  1.0945e-01  0.0000e+00  9.1834e-41
  1680  8.9055e-01  1.0945e-01  9.5367e-07  9.1834e-41
  1700  8.9053e-01  1.0947e-01  1.9670e-06  9.1834e-41
  1720  8.9052e-01  1.0948e-01  1.3113e-06  9.1834e-41
  1740  8.9051e-01  1.0949e-01  0.0000e+00  9.1834e-41
  1760  8.9050e-01  1.0950e-01  1.4901e-06  9.1834e-41
  1780  8.9050e-01  1.0950e-01  0.0000e+00  9.1834e-41
  1800  8.9049e-01  1.0951e-01  5.9605e-08  9.1834e-41
  1820  8.9048e-01  1.0952e-01  0.0000e+00  9.1834e-41
  1840  8.9048e-01  1.0952e-01  0.0000e+00  9.1834e-41
  1860  8.9047e-01  1.0953e-01  0.0000e+00  9.1834e-41
  1880  8.9046e-01  1.0954e-01  0.0000e+00  9.1834e-41
  1900  8.9046e-01  1.0954e-01  0.0000e+00  9.1834e-41
  1920  8.9045e-01  1.0955e-01  0.0000e+00  9.1834e-41
  1940  8.9045e-01  1.0955e-01  9.5367e-07  9.1834e-41
  1960  8.9044e-01  1.0956e-01  0.0000e+00  9.1834e-41
  1980  8.9044e-01  1.0956e-01  0.0000e+00  9.1834e-41
  2000  8.9043e-01  1.0957e-01  5.9605e-07  9.1834e-41
  2020  8.9043e-01  1.0957e-01  8.9407e-07  1.1247e-02
  2040  8.9042e-01  1.0958e-01  0.0000e+00  1.0563e-02
  2060  8.9042e-01  1.0958e-01  0.0000e+00  9.8792e-03
  2080  8.9041e-01  1.0959e-01  0.0000e+00  9.1962e-03
  2100  8.9041e-01  1.0959e-01  7.7486e-07  8.5131e-03
  2120  8.9040e-01  1.0960e-01  4.7684e-07  7.8301e-03
  2140  8.9040e-01  1.0960e-01  4.1723e-07  7.1483e-03
  2160  8.9040e-01  1.0960e-01  1.1921e-06  6.4670e-03
  2180  8.9039e-01  1.0961e-01  1.1921e-07  5.7865e-03
  2200  8.9039e-01  1.0961e-01  7.7486e-07  5.1070e-03
  2220  8.9038e-01  1.0962e-01  0.0000e+00  4.7256e-03
  2240  8.9038e-01  1.0962e-01  0.0000e+00  4.3442e-03
  2260  8.9037e-01  1.0963e-01  5.9605e-08  3.9627e-03
  2280  8.9037e-01  1.0963e-01  0.0000e+00  3.5823e-03
  2300  8.9036e-01  1.0964e-01  2.3842e-07  3.2032e-03
  2320  8.9035e-01  1.0965e-01  2.9802e-07  2.8241e-03
  2340  8.9035e-01  1.0965e-01  7.7486e-07  2.4461e-03
  2360  8.9034e-01  1.0966e-01  0.0000e+00  2.0689e-03
  2380  8.9034e-01  1.0966e-01  0.0000e+00  1.6925e-03
  2400  8.9034e-01  1.0966e-01  1.1325e-06  1.3173e-03
  2420  8.9034e-01  1.0966e-01  0.0000e+00  1.2438e-03
  2440  8.9033e-01  1.0967e-01  0.0000e+00  1.1703e-03
  2460  8.9033e-01  1.0967e-01  0.0000e+00  1.0981e-03
  2480  8.9032e-01  1.0968e-01  5.9605e-08  1.0266e-03
  2500  8.9032e-01  1.0968e-01  0.0000e+00  9.5505e-04
  2520  8.9031e-01  1.0969e-01  1.7881e-07  8.8465e-04
  2540  8.9031e-01  1.0969e-01  0.0000e+00  8.1491e-04
  2560  8.9031e-01  1.0969e-01  2.3842e-07  7.4643e-04
  2580  8.9030e-01  1.0970e-01  5.9605e-08  6.7848e-04
  2600  8.9030e-01  1.0970e-01  0.0000e+00  6.1160e-04
  2620  8.9029e-01  1.0971e-01  7.7486e-07  5.9253e-04
  2640  8.9029e-01  1.0971e-01  1.3709e-06  5.7423e-04
  2660  8.9029e-01  1.0971e-01  0.0000e+00  5.5629e-04
  2680  8.9028e-01  1.0972e-01  5.9605e-08  5.3841e-04
  2700  8.9028e-01  1.0972e-01  1.1921e-07  5.2053e-04
  2720  8.9028e-01  1.0972e-01  0.0000e+00  5.0342e-04
  2740  8.9027e-01  1.0973e-01  0.0000e+00  4.8685e-04
  2760  8.9027e-01  1.0973e-01  0.0000e+00  4.7135e-04
  2780  8.9026e-01  1.0974e-01  5.3644e-07  4.5586e-04
  2800  8.9026e-01  1.0974e-01  7.7486e-07  4.4036e-04
  2820  8.9026e-01  1.0974e-01  0.0000e+00  4.2969e-04
  2840  8.9026e-01  1.0974e-01  3.5763e-07  4.2015e-04
  2860  8.9025e-01  1.0975e-01  0.0000e+00  4.1068e-04
  2880  8.9025e-01  1.0975e-01  3.5763e-07  4.0233e-04
  2900  8.9025e-01  1.0975e-01  4.7684e-07  3.9399e-04
  2920  8.9024e-01  1.0976e-01  0.0000e+00  3.8582e-04
  2940  8.9024e-01  1.0976e-01  3.5763e-07  3.7855e-04
  2960  8.9023e-01  1.0977e-01  2.3842e-07  3.7038e-04
  2980  8.9023e-01  1.0977e-01  0.0000e+00  3.6204e-04
  3000  8.9023e-01  1.0977e-01  6.5565e-07  3.5369e-04
  3020  8.9023e-01  1.0977e-01  1.7881e-07  3.4589e-04
  3040  8.9022e-01  1.0978e-01  1.1921e-07  3.3873e-04
  3060  8.9022e-01  1.0978e-01  4.7684e-07  3.3158e-04
  3080  8.9022e-01  1.0978e-01  0.0000e+00  3.2443e-04
  3100  8.9021e-01  1.0979e-01  4.7684e-07  3.1728e-04
  3120  8.9021e-01  1.0979e-01  2.3842e-07  3.1096e-04
  3140  8.9021e-01  1.0979e-01  0.0000e+00  3.0500e-04
  3160  8.9020e-01  1.0980e-01  0.0000e+00  2.9904e-04
  3180  8.9020e-01  1.0980e-01  0.0000e+00  2.9308e-04
  3200  8.9020e-01  1.0980e-01  0.0000e+00  2.8712e-04
  3220  8.9019e-01  1.0981e-01  3.5763e-07  2.8116e-04
  3240  8.9019e-01  1.0981e-01  1.1921e-07  2.7531e-04
  3260  8.9019e-01  1.0981e-01  5.9605e-08  2.7055e-04
  3280  8.9019e-01  1.0981e-01  0.0000e+00  2.6578e-04
  3300  8.9018e-01  1.0982e-01  0.0000e+00  2.6101e-04
  3320  8.9018e-01  1.0982e-01  0.0000e+00  2.5624e-04
  3340  8.9017e-01  1.0983e-01  1.7881e-07  2.5147e-04
  3360  8.9017e-01  1.0983e-01  5.9605e-08  2.4670e-04
  3380  8.9017e-01  1.0983e-01  0.0000e+00  2.4194e-04
  3400  8.9017e-01  1.0983e-01  7.1526e-07  2.3717e-04
  3420  8.9016e-01  1.0984e-01  0.0000e+00  2.3317e-04
  3440  8.9016e-01  1.0984e-01  0.0000e+00  2.2960e-04
  3460  8.9016e-01  1.0984e-01  6.5565e-07  2.2602e-04
  3480  8.9015e-01  1.0985e-01  1.7881e-07  2.2244e-04
  3500  8.9015e-01  1.0985e-01  1.7881e-07  2.1887e-04
  3520  8.9015e-01  1.0985e-01  5.9605e-08  2.1529e-04
  3540  8.9015e-01  1.0985e-01  0.0000e+00  2.1172e-04
  3560  8.9014e-01  1.0986e-01  4.7684e-07  2.0814e-04
  3580  8.9014e-01  1.0986e-01  7.7486e-07  2.0456e-04
  3600  8.9014e-01  1.0986e-01  1.1921e-07  2.0099e-04
  3620  8.9014e-01  1.0986e-01  0.0000e+00  1.9860e-04
  3640  8.9013e-01  1.0987e-01  0.0000e+00  1.9622e-04
  3660  8.9013e-01  1.0987e-01  0.0000e+00  1.9413e-04
  3680  8.9013e-01  1.0987e-01  5.9605e-08  1.9294e-04
  3700  8.9012e-01  1.0988e-01  1.2517e-06  1.9175e-04
  3720  8.9012e-01  1.0988e-01  0.0000e+00  1.9056e-04
  3740  8.9012e-01  1.0988e-01  0.0000e+00  1.8936e-04
  3760  8.9011e-01  1.0989e-01  0.0000e+00  1.8817e-04
  3780  8.9011e-01  1.0989e-01  0.0000e+00  1.8698e-04
  3800  8.9011e-01  1.0989e-01  8.9407e-07  1.8579e-04
  3820  8.9011e-01  1.0989e-01  0.0000e+00  1.8460e-04
  3840  8.9011e-01  1.0989e-01  1.7881e-07  1.8322e-04
  3860  8.9011e-01  1.0989e-01  4.1723e-07  1.8132e-04
  3880  8.9010e-01  1.0990e-01  0.0000e+00  1.7893e-04
  3900  8.9010e-01  1.0990e-01  1.3113e-06  1.7655e-04
  3920  8.9010e-01  1.0990e-01  1.0133e-06  1.7416e-04
  3940  8.9010e-01  1.0990e-01  6.5565e-07  1.7190e-04
  3960  8.9009e-01  1.0991e-01  0.0000e+00  1.7053e-04
  3980  8.9009e-01  1.0991e-01  0.0000e+00  1.6934e-04
  4000  8.9009e-01  1.0991e-01  0.0000e+00  1.6814e-04
  4020  8.9008e-01  1.0992e-01  4.1723e-07  1.6695e-04
  4040  8.9008e-01  1.0992e-01  0.0000e+00  1.6576e-04
  4060  8.9008e-01  1.0992e-01  0.0000e+00  1.6457e-04
  4080  8.9008e-01  1.0992e-01  0.0000e+00  1.6338e-04
  4100  8.9007e-01  1.0993e-01  8.3447e-07  1.6218e-04
  4120  8.9007e-01  1.0993e-01  2.3842e-07  1.6099e-04
  4140  8.9007e-01  1.0993e-01  0.0000e+00  1.5980e-04
  4160  8.9006e-01  1.0994e-01  0.0000e+00  1.5861e-04
  4180  8.9006e-01  1.0994e-01  0.0000e+00  1.5742e-04
  4200  8.9006e-01  1.0994e-01  1.7881e-07  1.5622e-04
  4220  8.9005e-01  1.0995e-01  2.3842e-07  1.5503e-04
  4240  8.9005e-01  1.0995e-01  0.0000e+00  1.5384e-04
  4260  8.9005e-01  1.0995e-01  0.0000e+00  1.5265e-04
  4280  8.9005e-01  1.0995e-01  1.1921e-07  1.5146e-04
  4300  8.9004e-01  1.0996e-01  0.0000e+00  1.5026e-04
  4320  8.9004e-01  1.0996e-01  0.0000e+00  1.4907e-04
  4340  8.9004e-01  1.0996e-01  1.1921e-07  1.4788e-04
  4360  8.9004e-01  1.0996e-01  0.0000e+00  1.4669e-04
  4380  8.9003e-01  1.0997e-01  5.3644e-07  1.4549e-04
  4400  8.9003e-01  1.0997e-01  0.0000e+00  1.4430e-04
  4420  8.9003e-01  1.0997e-01  0.0000e+00  1.4311e-04
  4440  8.9003e-01  1.0997e-01  4.1723e-07  1.4192e-04
  4460  8.9003e-01  1.0997e-01  4.1723e-07  1.4073e-04
  4480  8.9002e-01  1.0998e-01  5.9605e-08  1.3953e-04
  4500  8.9002e-01  1.0998e-01  5.9605e-07  1.3834e-04
  4520  8.9002e-01  1.0998e-01  1.1921e-07  1.3715e-04
  4540  8.9002e-01  1.0998e-01  2.9802e-07  1.3596e-04
  4560  8.9002e-01  1.0998e-01  3.5763e-07  1.3477e-04
  4580  8.9001e-01  1.0999e-01  0.0000e+00  1.3357e-04
  4600  8.9001e-01  1.0999e-01  1.7881e-07  1.3238e-04
  4620  8.9001e-01  1.0999e-01  7.1526e-07  1.3119e-04
  4640  8.9001e-01  1.0999e-01  0.0000e+00  1.3000e-04
  4660  8.9001e-01  1.0999e-01  1.7881e-07  1.2881e-04
  4680  8.9000e-01  1.1000e-01  0.0000e+00  1.2761e-04
  4700  8.9000e-01  1.1000e-01  4.1723e-07  1.2642e-04
  4720  8.9000e-01  1.1000e-01  1.7881e-07  1.2523e-04
  4740  8.8999e-01  1.1001e-01  0.0000e+00  1.2404e-04
  4760  8.8999e-01  1.1001e-01  4.7684e-07  1.2285e-04
  4780  8.8999e-01  1.1001e-01  0.0000e+00  1.2165e-04
  4800  8.8999e-01  1.1001e-01  0.0000e+00  1.2046e-04
  4820  8.8998e-01  1.1002e-01  0.0000e+00  1.1927e-04
  4840  8.8998e-01  1.1002e-01  8.9407e-07  1.1826e-04
  4860  8.8998e-01  1.1002e-01  2.9802e-07  1.1778e-04
  4880  8.8998e-01  1.1002e-01  0.0000e+00  1.1778e-04
  4900  8.8997e-01  1.1003e-01  0.0000e+00  1.1778e-04
  4920  8.8997e-01  1.1003e-01  0.0000e+00  1.1778e-04
  4940  8.8997e-01  1.1003e-01  1.1921e-07  1.1778e-04
  4960  8.8997e-01  1.1003e-01  2.3842e-07  1.1778e-04
  4980  8.8997e-01  1.1003e-01  0.0000e+00  1.1778e-04
  5000  8.8997e-01  1.1003e-01  3.5763e-07  1.1778e-04
  5020  8.8996e-01  1.1004e-01  0.0000e+00  1.1778e-04
  5040  8.8996e-01  1.1004e-01  5.9605e-08  1.1778e-04
  5060  8.8996e-01  1.1004e-01  0.0000e+00  1.1778e-04
  5080  8.8996e-01  1.1004e-01  0.0000e+00  1.1778e-04
  5100  8.8995e-01  1.1005e-01  0.0000e+00  1.1778e-04
  5120  8.8995e-01  1.1005e-01  1.7881e-07  1.1778e-04
  5140  8.8995e-01  1.1005e-01  0.0000e+00  1.1778e-04
  5160  8.8995e-01  1.1005e-01  5.9605e-08  1.1778e-04
  5180  8.8995e-01  1.1005e-01  0.0000e+00  1.1778e-04
  5200  8.8995e-01  1.1005e-01  0.0000e+00  1.1778e-04
  5220  8.8994e-01  1.1006e-01  1.1921e-07  1.1778e-04
  5240  8.8994e-01  1.1006e-01  5.9605e-08  1.1778e-04
  5260  8.8994e-01  1.1006e-01  5.9605e-07  1.1778e-04
  5280  8.8994e-01  1.1006e-01  3.5763e-07  1.1778e-04
  5300  8.8994e-01  1.1006e-01  0.0000e+00  1.1778e-04
  5320  8.8994e-01  1.1006e-01  1.7881e-07  1.1778e-04
  5340  8.8994e-01  1.1006e-01  3.5763e-07  1.1778e-04
  5360  8.8993e-01  1.1007e-01  7.1526e-07  1.1778e-04
  5380  8.8993e-01  1.1007e-01  5.9605e-08  1.1778e-04
  5400  8.8993e-01  1.1007e-01  0.0000e+00  1.1778e-04
  5420  8.8993e-01  1.1007e-01  7.1526e-07  1.1778e-04
  5440  8.8993e-01  1.1007e-01  8.3447e-07  1.1778e-04
  5460  8.8992e-01  1.1008e-01  0.0000e+00  1.1778e-04
  5480  8.8992e-01  1.1008e-01  2.3842e-07  1.1778e-04
  5500  8.8992e-01  1.1008e-01  2.3842e-07  1.1778e-04
  5520  8.8992e-01  1.1008e-01  1.1921e-07  1.1778e-04
  5540  8.8992e-01  1.1008e-01  2.3842e-07  1.1778e-04
  5560  8.8991e-01  1.1009e-01  6.5565e-07  1.1778e-04
  5580  8.8991e-01  1.1009e-01  0.0000e+00  1.1778e-04
  5600  8.8991e-01  1.1009e-01  4.1723e-07  1.1778e-04
  5620  8.8990e-01  1.1010e-01  0.0000e+00  1.1778e-04
  5640  8.8990e-01  1.1010e-01  0.0000e+00  1.1778e-04
  5660  8.8990e-01  1.1010e-01  5.9605e-07  1.1778e-04
  5680  8.8990e-01  1.1010e-01  0.0000e+00  1.1778e-04
  5700  8.8990e-01  1.1010e-01  0.0000e+00  1.1778e-04
  5720  8.8989e-01  1.1011e-01  0.0000e+00  1.1778e-04
  5740  8.8989e-01  1.1011e-01  0.0000e+00  1.1778e-04
  5760  8.8989e-01  1.1011e-01  0.0000e+00  1.1778e-04
  5780  8.8989e-01  1.1011e-01  0.0000e+00  1.1778e-04
  5800  8.8988e-01  1.1012e-01  0.0000e+00  1.1778e-04
  5820  8.8988e-01  1.1012e-01  3.5763e-07  1.1778e-04
  5840  8.8988e-01  1.1012e-01  1.7881e-07  1.1778e-04
  5860  8.8988e-01  1.1012e-01  1.1921e-07  1.1778e-04
  5880  8.8988e-01  1.1012e-01  4.7684e-07  1.1778e-04
  5900  8.8988e-01  1.1012e-01  3.5763e-07  1.1778e-04
  5920  8.8987e-01  1.1013e-01  0.0000e+00  1.1778e-04
  5940  8.8987e-01  1.1013e-01  0.0000e+00  1.1778e-04
  5960  8.8987e-01  1.1013e-01  0.0000e+00  1.1778e-04
  5980  8.8987e-01  1.1013e-01  0.0000e+00  1.1778e-04
  6000  8.8987e-01  1.1013e-01  0.0000e+00  1.1778e-04
  6020  8.8987e-01  1.1013e-01  5.3644e-07  1.1778e-04
  6040  8.8986e-01  1.1014e-01  1.1921e-07  1.1778e-04
  6060  8.8986e-01  1.1014e-01  0.0000e+00  1.1778e-04
  6080  8.8986e-01  1.1014e-01  0.0000e+00  1.1778e-04
  6100  8.8986e-01  1.1014e-01  2.3842e-07  1.1778e-04
  6120  8.8986e-01  1.1014e-01  0.0000e+00  1.1778e-04
  6140  8.8985e-01  1.1015e-01  0.0000e+00  1.1778e-04
  6160  8.8985e-01  1.1015e-01  0.0000e+00  1.1778e-04
  6180  8.8985e-01  1.1015e-01  5.9605e-07  1.1778e-04
  6200  8.8985e-01  1.1015e-01  1.1921e-07  1.1778e-04
  6220  8.8985e-01  1.1015e-01  0.0000e+00  1.1778e-04
  6240  8.8985e-01  1.1015e-01  0.0000e+00  1.1778e-04
  6260  8.8984e-01  1.1016e-01  0.0000e+00  1.1778e-04
  6280  8.8984e-01  1.1016e-01  1.7881e-07  1.1778e-04
  6300  8.8984e-01  1.1016e-01  4.7684e-07  1.1778e-04
  6320  8.8984e-01  1.1016e-01  0.0000e+00  1.1778e-04
  6340  8.8984e-01  1.1016e-01  0.0000e+00  1.1778e-04
  6360  8.8984e-01  1.1016e-01  5.9605e-08  1.1778e-04
  6380  8.8983e-01  1.1017e-01  0.0000e+00  1.1778e-04
  6400  8.8983e-01  1.1017e-01  2.9802e-07  1.1778e-04
  6420  8.8983e-01  1.1017e-01  1.7881e-07  1.1778e-04
  6440  8.8983e-01  1.1017e-01  0.0000e+00  1.1778e-04
  6460  8.8983e-01  1.1017e-01  0.0000e+00  1.1778e-04
  6480  8.8982e-01  1.1018e-01  1.7881e-07  1.1778e-04
  6500  8.8982e-01  1.1018e-01  5.9605e-08  1.1778e-04
  6520  8.8982e-01  1.1018e-01  2.3842e-07  1.1778e-04
  6540  8.8981e-01  1.1019e-01  8.3447e-07  1.1778e-04
  6560  8.8981e-01  1.1019e-01  0.0000e+00  1.1778e-04
  6580  8.8981e-01  1.1019e-01  2.3842e-07  1.1778e-04
  6600  8.8981e-01  1.1019e-01  1.1921e-07  1.1778e-04
  6620  8.8981e-01  1.1019e-01  0.0000e+00  1.1778e-04
  6640  8.8981e-01  1.1019e-01  0.0000e+00  1.1778e-04
  6660  8.8981e-01  1.1019e-01  2.3842e-07  1.1778e-04
  6680  8.8980e-01  1.1020e-01  3.5763e-07  1.1778e-04
  6700  8.8980e-01  1.1020e-01  0.0000e+00  1.1778e-04
  6720  8.8980e-01  1.1020e-01  0.0000e+00  1.1778e-04
  6740  8.8979e-01  1.1021e-01  0.0000e+00  1.1778e-04
  6760  8.8979e-01  1.1021e-01  0.0000e+00  1.1778e-04
  6780  8.8979e-01  1.1021e-01  3.5763e-07  1.1778e-04
  6800  8.8979e-01  1.1021e-01  0.0000e+00  1.1778e-04
  6820  8.8979e-01  1.1021e-01  8.3447e-07  1.1778e-04
  6840  8.8979e-01  1.1021e-01  0.0000e+00  1.1778e-04
  6860  8.8978e-01  1.1022e-01  0.0000e+00  1.1778e-04
  6880  8.8978e-01  1.1022e-01  5.3644e-07  1.1778e-04
  6900  8.8978e-01  1.1022e-01  0.0000e+00  1.1778e-04
  6920  8.8978e-01  1.1022e-01  0.0000e+00  1.1778e-04
  6940  8.8977e-01  1.1023e-01  0.0000e+00  1.1778e-04
  6960  8.8977e-01  1.1023e-01  0.0000e+00  1.1778e-04
  6980  8.8977e-01  1.1023e-01  2.9802e-07  1.1778e-04
  7000  8.8977e-01  1.1023e-01  2.9802e-07  1.1778e-04
  7020  8.8977e-01  1.1023e-01  4.7684e-07  1.1778e-04
  7040  8.8976e-01  1.1024e-01  1.7881e-07  1.1778e-04
  7060  8.8976e-01  1.1024e-01  1.7881e-07  1.1778e-04
  7080  8.8976e-01  1.1024e-01  1.7881e-07  1.1778e-04
  7100  8.8976e-01  1.1024e-01  5.9605e-08  1.1778e-04
  7120  8.8976e-01  1.1024e-01  0.0000e+00  1.1778e-04
  7140  8.8976e-01  1.1024e-01  0.0000e+00  1.1778e-04
  7160  8.8976e-01  1.1024e-01  7.1526e-07  1.1778e-04
  7180  8.8975e-01  1.1025e-01  2.9802e-07  1.1778e-04
  7200  8.8975e-01  1.1025e-01  1.1921e-07  1.1778e-04
  7220  8.8975e-01  1.1025e-01  3.5763e-07  1.1778e-04
  7240  8.8975e-01  1.1025e-01  3.5763e-07  1.1778e-04
  7260  8.8975e-01  1.1025e-01  4.7684e-07  1.1778e-04
  7280  8.8975e-01  1.1025e-01  0.0000e+00  1.1778e-04
  7300  8.8975e-01  1.1025e-01  1.1921e-07  1.1778e-04
  7320  8.8974e-01  1.1026e-01  2.3842e-07  1.1778e-04
  7340  8.8974e-01  1.1026e-01  0.0000e+00  1.1778e-04
  7360  8.8974e-01  1.1026e-01  0.0000e+00  1.1778e-04
  7380  8.8974e-01  1.1026e-01  1.1921e-07  1.1778e-04
  7400  8.8974e-01  1.1026e-01  0.0000e+00  1.1778e-04
  7420  8.8974e-01  1.1026e-01  1.7881e-07  1.1778e-04
  7440  8.8973e-01  1.1027e-01  4.1723e-07  1.1778e-04
  7460  8.8973e-01  1.1027e-01  0.0000e+00  1.1778e-04
  7480  8.8973e-01  1.1027e-01  0.0000e+00  1.1778e-04
  7500  8.8973e-01  1.1027e-01  0.0000e+00  1.1778e-04
  7520  8.8973e-01  1.1027e-01  5.9605e-08  1.1778e-04
  7540  8.8973e-01  1.1027e-01  2.9802e-07  1.1778e-04
  7560  8.8972e-01  1.1028e-01  0.0000e+00  1.1778e-04
  7580  8.8972e-01  1.1028e-01  0.0000e+00  1.1778e-04
  7600  8.8972e-01  1.1028e-01  3.5763e-07  1.1778e-04
  7620  8.8972e-01  1.1028e-01  1.1921e-07  1.1778e-04
  7640  8.8972e-01  1.1028e-01  0.0000e+00  1.1778e-04
  7660  8.8972e-01  1.1028e-01  0.0000e+00  1.1724e-04
  7680  8.8972e-01  1.1028e-01  1.1921e-07  1.1641e-04
  7700  8.8972e-01  1.1028e-01  5.9605e-08  1.1522e-04
  7720  8.8971e-01  1.1029e-01  0.0000e+00  1.1402e-04
  7740  8.8971e-01  1.1029e-01  4.7684e-07  1.1283e-04
  7760  8.8971e-01  1.1029e-01  2.9802e-07  1.1164e-04
  7780  8.8971e-01  1.1029e-01  0.0000e+00  1.1045e-04
  7800  8.8971e-01  1.1029e-01  2.3842e-07  1.0926e-04
  7820  8.8970e-01  1.1030e-01  0.0000e+00  1.0806e-04
  7840  8.8970e-01  1.1030e-01  0.0000e+00  1.0687e-04
  7860  8.8970e-01  1.1030e-01  3.5763e-07  1.0568e-04
  7880  8.8970e-01  1.1030e-01  1.7881e-07  1.0449e-04
  7900  8.8970e-01  1.1030e-01  0.0000e+00  1.0329e-04
  7920  8.8970e-01  1.1030e-01  0.0000e+00  1.0210e-04
  7940  8.8969e-01  1.1031e-01  4.1723e-07  1.0091e-04
  7955  8.8969e-01  0.0000e+00  1.1031e-01  0.0000e+00  9.9957e-05
# Std.corr:  FIRST=   0.07420015   LAST=   0.11030778  TIME=  16390 s
