# imodfit> Score file
# Iter       Score cross.corr. Delta_Score D_Score_Avg
     0  9.2486e-01  7.5142e-02
    20  9.2482e-01  7.5185e-02  2.5630e-06  9.1834e-41
    40  9.2477e-01  7.5231e-02  0.0000e+00  9.1834e-41
    60  9.2473e-01  7.5274e-02  0.0000e+00  9.1834e-41
    80  9.2470e-01  7.5296e-02  3.3379e-06  9.1834e-41
   100  9.2466e-01  7.5342e-02  2.2650e-06  9.1834e-41
   120  9.2462e-01  7.5376e-02  3.7551e-06  9.1834e-41
   140  9.2458e-01  7.5420e-02  0.0000e+00  9.1834e-41
   160  9.2455e-01  7.5452e-02  1.1921e-06  9.1834e-41
   180  9.2452e-01  7.5481e-02  4.1127e-06  9.1834e-41
   200  9.1058e-01  8.9417e-02  7.1526e-07  9.1834e-41
   220  9.1056e-01  8.9441e-02  0.0000e+00  9.1834e-41
   240  9.1054e-01  8.9461e-02  3.1590e-06  9.1834e-41
   260  9.1052e-01  8.9477e-02  2.9802e-06  9.1834e-41
   280  9.1049e-01  8.9507e-02  3.2783e-06  9.1834e-41
   300  9.1048e-01  8.9522e-02  5.3644e-07  9.1834e-41
   320  9.1046e-01  8.9540e-02  4.2319e-06  9.1834e-41
   340  9.1045e-01  8.9547e-02  0.0000e+00  9.1834e-41
   360  9.1043e-01  8.9571e-02  0.0000e+00  9.1834e-41
   380  9.1041e-01  8.9587e-02  0.0000e+00  9.1834e-41
   400  9.0888e-01  9.1120e-02  0.0000e+00  9.1834e-41
   420  9.0886e-01  9.1141e-02  2.1458e-06  9.1834e-41
   440  9.0885e-01  9.1154e-02  1.3113e-06  9.1834e-41
   460  9.0883e-01  9.1173e-02  1.0729e-06  9.1834e-41
   480  9.0881e-01  9.1192e-02  0.0000e+00  9.1834e-41
   500  9.0879e-01  9.1213e-02  0.0000e+00  9.1834e-41
   520  9.0877e-01  9.1229e-02  2.3246e-06  9.1834e-41
   540  9.0876e-01  9.1242e-02  2.6226e-06  9.1834e-41
   560  9.0874e-01  9.1265e-02  0.0000e+00  9.1834e-41
   580  9.0871e-01  9.1288e-02  1.0729e-06  9.1834e-41
   600  9.0814e-01  9.1860e-02  0.0000e+00  9.1834e-41
   620  9.0810e-01  9.1896e-02  0.0000e+00  9.1834e-41
   640  9.0807e-01  9.1929e-02  1.3709e-06  9.1834e-41
   660  9.0804e-01  9.1959e-02  2.5630e-06  9.1834e-41
   680  9.0802e-01  9.1981e-02  3.5763e-07  9.1834e-41
   700  9.0800e-01  9.2002e-02  0.0000e+00  9.1834e-41
   720  9.0798e-01  9.2020e-02  2.1458e-06  9.1834e-41
   740  9.0796e-01  9.2044e-02  2.8610e-06  9.1834e-41
   760  9.0794e-01  9.2062e-02  2.0266e-06  9.1834e-41
   780  9.0793e-01  9.2067e-02  0.0000e+00  9.1834e-41
   800  9.0782e-01  9.2180e-02  1.7881e-06  9.1834e-41
   820  9.0780e-01  9.2202e-02  2.9802e-07  9.1834e-41
   840  9.0778e-01  9.2218e-02  0.0000e+00  9.1834e-41
   860  9.0777e-01  9.2234e-02  0.0000e+00  9.1834e-41
   880  9.0775e-01  9.2254e-02  4.5896e-06  9.1834e-41
   900  9.0772e-01  9.2283e-02  0.0000e+00  9.1834e-41
   920  9.0770e-01  9.2301e-02  0.0000e+00  9.1834e-41
   940  9.0769e-01  9.2313e-02  4.1723e-07  9.1834e-41
   960  9.0768e-01  9.2322e-02  1.6689e-06  9.1834e-41
   980  9.0766e-01  9.2339e-02  0.0000e+00  9.1834e-41
  1000  9.0765e-01  9.2347e-02  1.3113e-06  9.1834e-41
  1020  9.0764e-01  9.2360e-02  0.0000e+00  9.1834e-41
  1040  9.0763e-01  9.2370e-02  9.5367e-07  9.1834e-41
  1060  9.0762e-01  9.2385e-02  0.0000e+00  9.1834e-41
  1080  9.0759e-01  9.2405e-02  0.0000e+00  9.1834e-41
  1100  9.0759e-01  9.2413e-02  0.0000e+00  9.1834e-41
  1120  9.0757e-01  9.2426e-02  2.3842e-06  9.1834e-41
  1140  9.0757e-01  9.2431e-02  8.3447e-07  9.1834e-41
  1160  9.0756e-01  9.2440e-02  0.0000e+00  9.1834e-41
  1180  9.0755e-01  9.2446e-02  6.5565e-07  9.1834e-41
  1200  9.0755e-01  9.2451e-02  2.6822e-06  9.1834e-41
  1220  9.0754e-01  9.2459e-02  7.1526e-07  9.1834e-41
  1240  9.0753e-01  9.2471e-02  0.0000e+00  9.1834e-41
  1260  9.0752e-01  9.2484e-02  0.0000e+00  9.1834e-41
  1280  9.0751e-01  9.2494e-02  5.9605e-08  9.1834e-41
  1300  9.0750e-01  9.2504e-02  1.1325e-06  9.1834e-41
  1320  9.0749e-01  9.2513e-02  0.0000e+00  9.1834e-41
  1340  9.0748e-01  9.2522e-02  5.9605e-07  9.1834e-41
  1360  9.0747e-01  9.2527e-02  1.4305e-06  9.1834e-41
  1380  9.0747e-01  9.2534e-02  8.9407e-07  9.1834e-41
  1400  9.0743e-01  9.2572e-02  2.0266e-06  9.1834e-41
  1420  9.0742e-01  9.2581e-02  0.0000e+00  9.1834e-41
  1440  9.0741e-01  9.2590e-02  1.1921e-07  9.1834e-41
  1460  9.0740e-01  9.2600e-02  0.0000e+00  9.1834e-41
  1480  9.0739e-01  9.2609e-02  5.9605e-08  9.1834e-41
  1500  9.0738e-01  9.2615e-02  0.0000e+00  9.1834e-41
  1520  9.0738e-01  9.2621e-02  0.0000e+00  9.1834e-41
  1540  9.0738e-01  9.2625e-02  0.0000e+00  9.1834e-41
  1560  9.0737e-01  9.2627e-02  3.5763e-07  9.1834e-41
  1580  9.0737e-01  9.2632e-02  7.1526e-07  9.1834e-41
  1600  9.0736e-01  9.2635e-02  5.3644e-07  9.1834e-41
  1620  9.0736e-01  9.2639e-02  0.0000e+00  9.1834e-41
  1640  9.0736e-01  9.2644e-02  0.0000e+00  9.1834e-41
  1660  9.0735e-01  9.2648e-02  1.7285e-06  9.1834e-41
  1680  9.0735e-01  9.2653e-02  0.0000e+00  9.1834e-41
  1700  9.0734e-01  9.2658e-02  0.0000e+00  9.1834e-41
  1720  9.0734e-01  9.2664e-02  0.0000e+00  9.1834e-41
  1740  9.0733e-01  9.2669e-02  0.0000e+00  9.1834e-41
  1760  9.0733e-01  9.2674e-02  2.3842e-07  9.1834e-41
  1780  9.0732e-01  9.2679e-02  6.5565e-07  9.1834e-41
  1800  9.0732e-01  9.2682e-02  0.0000e+00  9.1834e-41
  1820  9.0731e-01  9.2686e-02  1.7881e-06  9.1834e-41
  1840  9.0731e-01  9.2692e-02  0.0000e+00  9.1834e-41
  1860  9.0730e-01  9.2696e-02  9.5367e-07  9.1834e-41
  1880  9.0730e-01  9.2701e-02  0.0000e+00  9.1834e-41
  1900  9.0729e-01  9.2707e-02  0.0000e+00  9.1834e-41
  1920  9.0729e-01  9.2712e-02  0.0000e+00  9.1834e-41
  1940  9.0728e-01  9.2718e-02  0.0000e+00  9.1834e-41
  1960  9.0728e-01  9.2725e-02  2.3842e-07  9.1834e-41
  1980  9.0727e-01  9.2728e-02  1.4305e-06  9.1834e-41
  2000  9.0726e-01  9.2735e-02  0.0000e+00  9.1834e-41
  2020  9.0726e-01  9.2736e-02  8.3447e-07  4.1744e-03
  2040  9.0726e-01  9.2744e-02  6.5565e-07  3.8382e-03
  2060  9.0725e-01  9.2748e-02  0.0000e+00  3.5031e-03
  2080  9.0725e-01  9.2753e-02  7.7486e-07  3.1681e-03
  2100  9.0724e-01  9.2757e-02  3.5763e-07  2.8334e-03
  2120  9.0724e-01  9.2764e-02  0.0000e+00  2.4996e-03
  2140  9.0723e-01  9.2766e-02  7.1526e-07  2.1658e-03
  2160  9.0723e-01  9.2770e-02  3.5763e-07  1.8332e-03
  2180  9.0722e-01  9.2776e-02  0.0000e+00  1.5005e-03
  2200  9.0722e-01  9.2780e-02  0.0000e+00  1.1688e-03
  2220  9.0721e-01  9.2785e-02  0.0000e+00  1.1143e-03
  2240  9.0721e-01  9.2789e-02  0.0000e+00  1.0598e-03
  2260  9.0721e-01  9.2793e-02  1.1921e-07  1.0058e-03
  2280  9.0720e-01  9.2799e-02  1.7881e-07  9.5212e-04
  2300  9.0720e-01  9.2801e-02  7.1526e-07  8.9848e-04
  2320  9.0720e-01  9.2804e-02  0.0000e+00  8.4484e-04
  2340  9.0719e-01  9.2810e-02  0.0000e+00  7.9119e-04
  2360  9.0718e-01  9.2815e-02  5.3644e-07  7.3755e-04
  2380  9.0718e-01  9.2818e-02  0.0000e+00  6.8462e-04
  2400  9.0718e-01  9.2821e-02  0.0000e+00  6.3217e-04
  2420  9.0717e-01  9.2825e-02  0.0000e+00  6.0833e-04
  2440  9.0717e-01  9.2829e-02  1.0133e-06  5.8448e-04
  2460  9.0717e-01  9.2832e-02  7.7486e-07  5.6064e-04
  2480  9.0716e-01  9.2839e-02  0.0000e+00  5.3680e-04
  2500  9.0716e-01  9.2844e-02  7.1526e-07  5.1296e-04
  2520  9.0715e-01  9.2848e-02  0.0000e+00  4.8989e-04
  2540  9.0715e-01  9.2850e-02  3.5763e-07  4.6724e-04
  2560  9.0715e-01  9.2854e-02  2.9802e-07  4.4459e-04
  2580  9.0714e-01  9.2858e-02  0.0000e+00  4.2194e-04
  2600  9.0714e-01  9.2861e-02  0.0000e+00  4.0025e-04
  2620  9.0714e-01  9.2864e-02  4.1723e-07  3.8952e-04
  2640  9.0713e-01  9.2868e-02  7.7486e-07  3.7998e-04
  2660  9.0713e-01  9.2871e-02  1.7881e-07  3.7044e-04
  2680  9.0712e-01  9.2876e-02  0.0000e+00  3.6204e-04
  2700  9.0712e-01  9.2878e-02  8.3447e-07  3.5369e-04
  2720  9.0712e-01  9.2883e-02  0.0000e+00  3.4535e-04
  2740  9.0711e-01  9.2887e-02  0.0000e+00  3.3712e-04
  2760  9.0711e-01  9.2890e-02  5.9605e-07  3.2961e-04
  2780  9.0711e-01  9.2895e-02  2.9802e-07  3.2246e-04
  2800  9.0710e-01  9.2898e-02  1.1921e-06  3.1531e-04
  2820  9.0710e-01  9.2901e-02  0.0000e+00  3.1054e-04
  2840  9.0710e-01  9.2904e-02  0.0000e+00  3.0577e-04
  2860  9.0709e-01  9.2909e-02  0.0000e+00  3.0100e-04
  2880  9.0709e-01  9.2913e-02  4.7684e-07  2.9635e-04
  2900  9.0708e-01  9.2916e-02  0.0000e+00  2.9272e-04
  2920  9.0708e-01  9.2919e-02  0.0000e+00  2.8861e-04
  2940  9.0708e-01  9.2923e-02  0.0000e+00  2.8384e-04
  2960  9.0707e-01  9.2925e-02  0.0000e+00  2.7907e-04
  2980  9.0707e-01  9.2930e-02  0.0000e+00  2.7430e-04
  3000  9.0706e-01  9.2935e-02  3.5763e-07  2.7001e-04
  3020  9.0706e-01  9.2940e-02  4.1723e-07  2.6637e-04
  3040  9.0705e-01  9.2947e-02  0.0000e+00  2.6280e-04
  3060  9.0705e-01  9.2950e-02  0.0000e+00  2.5922e-04
  3080  9.0705e-01  9.2951e-02  1.3113e-06  2.5564e-04
  3100  9.0705e-01  9.2955e-02  5.9605e-08  2.5207e-04
  3120  9.0704e-01  9.2959e-02  0.0000e+00  2.4849e-04
  3140  9.0704e-01  9.2963e-02  0.0000e+00  2.4492e-04
  3160  9.0703e-01  9.2965e-02  0.0000e+00  2.4134e-04
  3180  9.0703e-01  9.2970e-02  1.1921e-07  2.3788e-04
  3200  9.0703e-01  9.2971e-02  0.0000e+00  2.3431e-04
  3220  9.0703e-01  9.2975e-02  5.9605e-07  2.3156e-04
  3240  9.0702e-01  9.2978e-02  0.0000e+00  2.2918e-04
  3260  9.0702e-01  9.2983e-02  1.0729e-06  2.2680e-04
  3280  9.0701e-01  9.2987e-02  4.1723e-07  2.2441e-04
  3300  9.0701e-01  9.2990e-02  1.1921e-07  2.2203e-04
  3320  9.0701e-01  9.2994e-02  1.7881e-07  2.1964e-04
  3340  9.0700e-01  9.2998e-02  4.1723e-07  2.1726e-04
  3360  9.0700e-01  9.3000e-02  2.3842e-07  2.1487e-04
  3380  9.0699e-01  9.3005e-02  0.0000e+00  2.1249e-04
  3400  9.0699e-01  9.3007e-02  8.9407e-07  2.1011e-04
  3420  9.0699e-01  9.3009e-02  0.0000e+00  2.0891e-04
  3440  9.0699e-01  9.3011e-02  1.7881e-07  2.0772e-04
  3460  9.0698e-01  9.3016e-02  0.0000e+00  2.0653e-04
  3480  9.0698e-01  9.3018e-02  4.1723e-07  2.0534e-04
  3500  9.0698e-01  9.3020e-02  1.7881e-07  2.0415e-04
  3520  9.0698e-01  9.3025e-02  5.9605e-07  2.0295e-04
  3540  9.0697e-01  9.3026e-02  0.0000e+00  2.0176e-04
  3560  9.0697e-01  9.3028e-02  1.7881e-07  2.0057e-04
  3580  9.0697e-01  9.3031e-02  1.7881e-07  1.9938e-04
  3600  9.0697e-01  9.3033e-02  1.7881e-07  1.9819e-04
  3620  9.0696e-01  9.3037e-02  0.0000e+00  1.9699e-04
  3640  9.0696e-01  9.3040e-02  0.0000e+00  1.9580e-04
  3660  9.0696e-01  9.3043e-02  3.5763e-07  1.9461e-04
  3680  9.0695e-01  9.3046e-02  1.0729e-06  1.9342e-04
  3700  9.0695e-01  9.3047e-02  5.3644e-07  1.9222e-04
  3720  9.0695e-01  9.3050e-02  0.0000e+00  1.9103e-04
  3740  9.0695e-01  9.3052e-02  5.9605e-07  1.8984e-04
  3760  9.0695e-01  9.3055e-02  6.5565e-07  1.8865e-04
  3780  9.0694e-01  9.3059e-02  2.3842e-07  1.8746e-04
  3800  9.0694e-01  9.3061e-02  5.9605e-07  1.8626e-04
  3820  9.0694e-01  9.3064e-02  0.0000e+00  1.8507e-04
  3840  9.0693e-01  9.3068e-02  1.7881e-07  1.8388e-04
  3860  9.0693e-01  9.3070e-02  2.9802e-07  1.8269e-04
  3880  9.0693e-01  9.3073e-02  1.1921e-07  1.8150e-04
  3900  9.0693e-01  9.3074e-02  1.1921e-07  1.8030e-04
  3920  9.0692e-01  9.3076e-02  0.0000e+00  1.7965e-04
  3940  9.0692e-01  9.3079e-02  0.0000e+00  1.7965e-04
  3960  9.0692e-01  9.3081e-02  0.0000e+00  1.7965e-04
  3980  9.0692e-01  9.3082e-02  0.0000e+00  1.7965e-04
  4000  9.0692e-01  9.3084e-02  0.0000e+00  1.7959e-04
  4020  9.0691e-01  9.3087e-02  0.0000e+00  1.7864e-04
  4040  9.0691e-01  9.3090e-02  0.0000e+00  1.7744e-04
  4060  9.0691e-01  9.3092e-02  0.0000e+00  1.7625e-04
  4080  9.0691e-01  9.3094e-02  4.7684e-07  1.7506e-04
  4100  9.0690e-01  9.3098e-02  4.1723e-07  1.7387e-04
  4120  9.0690e-01  9.3100e-02  0.0000e+00  1.7267e-04
  4140  9.0690e-01  9.3103e-02  0.0000e+00  1.7148e-04
  4160  9.0689e-01  9.3106e-02  0.0000e+00  1.7029e-04
  4180  9.0689e-01  9.3109e-02  1.1921e-07  1.6910e-04
  4200  9.0689e-01  9.3111e-02  1.1325e-06  1.6791e-04
  4220  9.0689e-01  9.3113e-02  0.0000e+00  1.6671e-04
  4240  9.0688e-01  9.3116e-02  0.0000e+00  1.6552e-04
  4260  9.0688e-01  9.3118e-02  0.0000e+00  1.6433e-04
  4280  9.0688e-01  9.3120e-02  1.1921e-07  1.6314e-04
  4300  9.0688e-01  9.3120e-02  7.1526e-07  1.6195e-04
  4320  9.0688e-01  9.3123e-02  2.3842e-07  1.6075e-04
  4340  9.0687e-01  9.3126e-02  1.1921e-07  1.5956e-04
  4360  9.0687e-01  9.3129e-02  0.0000e+00  1.5837e-04
  4380  9.0687e-01  9.3132e-02  6.5565e-07  1.5718e-04
  4400  9.0687e-01  9.3134e-02  1.7881e-07  1.5599e-04
  4420  9.0686e-01  9.3136e-02  6.5565e-07  1.5479e-04
  4440  9.0686e-01  9.3138e-02  1.0133e-06  1.5360e-04
  4460  9.0686e-01  9.3141e-02  3.5763e-07  1.5241e-04
  4480  9.0686e-01  9.3145e-02  0.0000e+00  1.5122e-04
  4500  9.0685e-01  9.3147e-02  1.1921e-07  1.5002e-04
  4520  9.0685e-01  9.3150e-02  1.1921e-07  1.4883e-04
  4540  9.0685e-01  9.3154e-02  0.0000e+00  1.4764e-04
  4560  9.0684e-01  9.3157e-02  1.1921e-07  1.4645e-04
  4580  9.0684e-01  9.3160e-02  0.0000e+00  1.4526e-04
  4600  9.0684e-01  9.3162e-02  5.9605e-07  1.4406e-04
  4620  9.0684e-01  9.3164e-02  0.0000e+00  1.4287e-04
  4640  9.0683e-01  9.3165e-02  2.9802e-07  1.4168e-04
  4660  9.0683e-01  9.3168e-02  0.0000e+00  1.4049e-04
  4680  9.0683e-01  9.3171e-02  4.1723e-07  1.3930e-04
  4700  9.0682e-01  9.3176e-02  0.0000e+00  1.3810e-04
  4720  9.0682e-01  9.3178e-02  0.0000e+00  1.3691e-04
  4740  9.0682e-01  9.3180e-02  0.0000e+00  1.3572e-04
  4760  9.0682e-01  9.3183e-02  3.5763e-07  1.3453e-04
  4780  9.0681e-01  9.3186e-02  2.3842e-07  1.3334e-04
  4800  9.0681e-01  9.3189e-02  0.0000e+00  1.3214e-04
  4820  9.0681e-01  9.3192e-02  6.5565e-07  1.3095e-04
  4840  9.0681e-01  9.3194e-02  0.0000e+00  1.2976e-04
  4860  9.0680e-01  9.3195e-02  1.7881e-07  1.2857e-04
  4880  9.0680e-01  9.3197e-02  2.3842e-07  1.2738e-04
  4900  9.0680e-01  9.3200e-02  3.5763e-07  1.2618e-04
  4920  9.0680e-01  9.3201e-02  1.7881e-07  1.2499e-04
  4940  9.0680e-01  9.3203e-02  3.5763e-07  1.2380e-04
  4960  9.0679e-01  9.3206e-02  0.0000e+00  1.2261e-04
  4980  9.0679e-01  9.3209e-02  1.1921e-07  1.2141e-04
  5000  9.0679e-01  9.3210e-02  1.1921e-07  1.2028e-04
  5020  9.0679e-01  9.3212e-02  0.0000e+00  1.2004e-04
  5040  9.0679e-01  9.3215e-02  3.5763e-07  1.2004e-04
  5060  9.0678e-01  9.3216e-02  0.0000e+00  1.2004e-04
  5080  9.0678e-01  9.3221e-02  0.0000e+00  1.2004e-04
  5100  9.0678e-01  9.3224e-02  5.9605e-08  1.2004e-04
  5120  9.0677e-01  9.3227e-02  1.1921e-07  1.2004e-04
  5140  9.0677e-01  9.3229e-02  0.0000e+00  1.2004e-04
  5160  9.0677e-01  9.3232e-02  0.0000e+00  1.2004e-04
  5180  9.0677e-01  9.3235e-02  0.0000e+00  1.2004e-04
  5200  9.0676e-01  9.3237e-02  1.1325e-06  1.2004e-04
  5220  9.0676e-01  9.3239e-02  0.0000e+00  1.2004e-04
  5240  9.0676e-01  9.3241e-02  0.0000e+00  1.2004e-04
  5260  9.0676e-01  9.3242e-02  2.9802e-07  1.2004e-04
  5280  9.0676e-01  9.3243e-02  8.9407e-07  1.2004e-04
  5300  9.0675e-01  9.3245e-02  8.9407e-07  1.2004e-04
  5320  9.0675e-01  9.3247e-02  0.0000e+00  1.2004e-04
  5340  9.0675e-01  9.3250e-02  0.0000e+00  1.2004e-04
  5360  9.0675e-01  9.3254e-02  1.1921e-07  1.2004e-04
  5380  9.0675e-01  9.3255e-02  0.0000e+00  1.2004e-04
  5400  9.0674e-01  9.3258e-02  0.0000e+00  1.2004e-04
  5420  9.0674e-01  9.3261e-02  0.0000e+00  1.2004e-04
  5440  9.0674e-01  9.3263e-02  0.0000e+00  1.2004e-04
  5460  9.0673e-01  9.3265e-02  5.3644e-07  1.2004e-04
  5480  9.0673e-01  9.3268e-02  2.3842e-07  1.2004e-04
  5500  9.0673e-01  9.3269e-02  0.0000e+00  1.2004e-04
  5520  9.0673e-01  9.3270e-02  2.3842e-07  1.2004e-04
  5540  9.0673e-01  9.3272e-02  8.3447e-07  1.2004e-04
  5560  9.0673e-01  9.3274e-02  1.1921e-07  1.2004e-04
  5580  9.0672e-01  9.3276e-02  4.1723e-07  1.2004e-04
  5600  9.0672e-01  9.3278e-02  5.9605e-08  1.2004e-04
  5620  9.0672e-01  9.3282e-02  1.7881e-07  1.2004e-04
  5640  9.0672e-01  9.3283e-02  2.9802e-07  1.2004e-04
  5660  9.0672e-01  9.3285e-02  0.0000e+00  1.2004e-04
  5680  9.0671e-01  9.3287e-02  5.9605e-07  1.2004e-04
  5700  9.0671e-01  9.3289e-02  5.9605e-07  1.2004e-04
  5720  9.0671e-01  9.3292e-02  4.1723e-07  1.2004e-04
  5740  9.0671e-01  9.3293e-02  5.3644e-07  1.2004e-04
  5760  9.0671e-01  9.3294e-02  5.3644e-07  1.2004e-04
  5780  9.0670e-01  9.3297e-02  0.0000e+00  1.2004e-04
  5800  9.0670e-01  9.3300e-02  0.0000e+00  1.2004e-04
  5820  9.0670e-01  9.3301e-02  0.0000e+00  1.2004e-04
  5840  9.0670e-01  9.3304e-02  5.9605e-08  1.2004e-04
  5860  9.0670e-01  9.3305e-02  0.0000e+00  1.2004e-04
  5880  9.0669e-01  9.3307e-02  9.5367e-07  1.2004e-04
  5900  9.0669e-01  9.3308e-02  2.3842e-07  1.2004e-04
  5920  9.0669e-01  9.3311e-02  5.9605e-08  1.2004e-04
  5940  9.0669e-01  9.3314e-02  0.0000e+00  1.2004e-04
  5960  9.0668e-01  9.3316e-02  2.3842e-07  1.2004e-04
  5980  9.0668e-01  9.3318e-02  0.0000e+00  1.2004e-04
  6000  9.0668e-01  9.3320e-02  0.0000e+00  1.2004e-04
  6020  9.0668e-01  9.3321e-02  1.7881e-07  1.2004e-04
  6040  9.0668e-01  9.3323e-02  0.0000e+00  1.2004e-04
  6060  9.0668e-01  9.3325e-02  1.7881e-07  1.2004e-04
  6080  9.0667e-01  9.3326e-02  0.0000e+00  1.2004e-04
  6100  9.0667e-01  9.3328e-02  7.1526e-07  1.2004e-04
  6120  9.0667e-01  9.3329e-02  4.7684e-07  1.2004e-04
  6140  9.0667e-01  9.3332e-02  5.9605e-08  1.2004e-04
  6160  9.0667e-01  9.3332e-02  2.3842e-07  1.2004e-04
  6180  9.0666e-01  9.3335e-02  0.0000e+00  1.2004e-04
  6200  9.0666e-01  9.3336e-02  2.9802e-07  1.2004e-04
  6220  9.0666e-01  9.3339e-02  1.7881e-07  1.2004e-04
  6240  9.0666e-01  9.3340e-02  2.3842e-07  1.2004e-04
  6260  9.0666e-01  9.3341e-02  7.7486e-07  1.2004e-04
  6280  9.0666e-01  9.3343e-02  5.3644e-07  1.2004e-04
  6300  9.0665e-01  9.3345e-02  2.9802e-07  1.2004e-04
  6320  9.0665e-01  9.3347e-02  0.0000e+00  1.2004e-04
  6340  9.0665e-01  9.3349e-02  5.9605e-08  1.2004e-04
  6360  9.0665e-01  9.3350e-02  4.1723e-07  1.2004e-04
  6380  9.0665e-01  9.3352e-02  0.0000e+00  1.2004e-04
  6400  9.0665e-01  9.3353e-02  0.0000e+00  1.2004e-04
  6420  9.0665e-01  9.3354e-02  7.1526e-07  1.2004e-04
  6440  9.0664e-01  9.3356e-02  5.3644e-07  1.2004e-04
  6460  9.0664e-01  9.3357e-02  1.7881e-07  1.2004e-04
  6480  9.0664e-01  9.3360e-02  0.0000e+00  1.2004e-04
  6500  9.0664e-01  9.3361e-02  2.9802e-07  1.2004e-04
  6520  9.0664e-01  9.3363e-02  1.1921e-07  1.2004e-04
  6540  9.0664e-01  9.3364e-02  2.3842e-07  1.2004e-04
  6560  9.0663e-01  9.3366e-02  1.1921e-07  1.2004e-04
  6580  9.0663e-01  9.3367e-02  7.1526e-07  1.2004e-04
  6600  9.0663e-01  9.3370e-02  3.5763e-07  1.2004e-04
  6620  9.0663e-01  9.3373e-02  1.1921e-07  1.2004e-04
  6640  9.0662e-01  9.3376e-02  0.0000e+00  1.2004e-04
  6660  9.0662e-01  9.3377e-02  0.0000e+00  1.2004e-04
  6680  9.0662e-01  9.3379e-02  5.3644e-07  1.2004e-04
  6700  9.0662e-01  9.3380e-02  2.3842e-07  1.2004e-04
  6720  9.0662e-01  9.3381e-02  0.0000e+00  1.1986e-04
  6740  9.0662e-01  9.3382e-02  3.5763e-07  1.1897e-04
  6760  9.0662e-01  9.3384e-02  0.0000e+00  1.1826e-04
  6780  9.0661e-01  9.3385e-02  3.5763e-07  1.1712e-04
  6800  9.0661e-01  9.3386e-02  1.7881e-07  1.1593e-04
  6820  9.0661e-01  9.3388e-02  3.5763e-07  1.1474e-04
  6840  9.0661e-01  9.3389e-02  0.0000e+00  1.1355e-04
  6860  9.0661e-01  9.3390e-02  2.3842e-07  1.1235e-04
  6880  9.0661e-01  9.3391e-02  0.0000e+00  1.1116e-04
  6900  9.0661e-01  9.3393e-02  2.3842e-07  1.0997e-04
  6920  9.0661e-01  9.3395e-02  0.0000e+00  1.0878e-04
  6940  9.0660e-01  9.3398e-02  5.9605e-08  1.0759e-04
  6960  9.0660e-01  9.3398e-02  0.0000e+00  1.0639e-04
  6980  9.0660e-01  9.3399e-02  0.0000e+00  1.0520e-04
  7000  9.0660e-01  9.3400e-02  1.1921e-07  1.0401e-04
  7020  9.0660e-01  9.3401e-02  4.1723e-07  1.0282e-04
  7040  9.0660e-01  9.3402e-02  5.9605e-08  1.0163e-04
  7060  9.0660e-01  9.3403e-02  0.0000e+00  1.0043e-04
  7067  9.0660e-01  0.0000e+00  9.3403e-02  6.5565e-07  9.9957e-05
# Std.corr:  FIRST=   0.07514167   LAST=   0.09340269  TIME=  14454 s
