0 31.095611572265625
1 31.095603942871094
2 33.43470001220703
3 33.851104736328125
4 30.722801208496094
5 26.45020294189453
6 28.89850616455078
7 26.94860076904297
8 31.450607299804688
9 30.72320556640625
10 29.265304565429688
11 27.52130126953125
12 28.438995361328125
13 24.91400146484375
14 25.118202209472656
15 23.621803283691406
16 19.818199157714844
17 17.083702087402344
18 19.05780792236328
19 22.024696350097656
20 22.061203002929688
21 22.56690216064453
22 21.38189697265625
23 20.109298706054688
24 21.274093627929688
25 20.210205078125
26 19.66460418701172
27 21.092605590820313
28 20.958999633789063
29 25.484207153320313
30 23.370994567871094
31 22.59429931640625
32 23.15070343017578
33 23.25110626220703
34 23.44219970703125
35 22.260604858398438
36 22.12890625
37 21.65300750732422
38 22.488494873046875
39 19.807098388671875
40 19.68151092529297
41 22.50170135498047
42 20.54009246826172
43 21.306900024414063
44 23.189598083496094
45 23.936798095703125
46 20.72600555419922
47 21.099197387695313
48 20.746803283691406
49 21.846900939941406
50 21.089195251464844
51 19.18470001220703
52 19.957901000976563
53 19.219406127929688
54 21.035903930664063
55 20.713401794433594
56 19.730789184570313
57 20.803604125976563
58 21.311302185058594
59 21.362098693847656
60 22.07720184326172
61 22.53820037841797
62 23.172607421875
63 23.100006103515625
64 23.03260040283203
65 23.98389434814453
66 22.199005126953125
67 24.008499145507813
68 20.930198669433594
69 21.779891967773438
70 25.3865966796875
71 24.030799865722656
72 22.99720001220703
73 21.861595153808594
74 21.36479949951172
75 21.613800048828125
76 19.673500061035156
77 20.348403930664063
78 21.095001220703125
79 19.390594482421875
80 21.593093872070313
81 21.647201538085938
82 21.045509338378906
83 19.27790069580078
84 21.497802734375
85 21.70220947265625
86 22.728607177734375
87 23.293899536132813
88 20.95660400390625
89 21.91490936279297
90 20.7196044921875
91 21.013099670410156
92 19.769607543945313
93 20.69499969482422
94 20.41449737548828
95 20.26220703125
96 20.513206481933594
97 20.493202209472656
98 19.557601928710938
99 21.978805541992188
100 20.773895263671875
101 21.028594970703125
102 21.542701721191406
103 22.047500610351563
104 23.057708740234375
105 20.581100463867188
106 21.270103454589844
107 24.477203369140625
108 24.187301635742188
109 23.799598693847656
110 20.827598571777344
111 24.384506225585938
112 24.131507873535156
113 23.20850372314453
114 24.464599609375
115 21.91820526123047
116 20.846702575683594
117 20.05860137939453
118 19.961097717285156
119 19.575096130371094
120 20.39179229736328
121 18.667198181152344
122 19.9158935546875
123 21.682205200195313
124 21.862701416015625
125 21.486907958984375
126 24.84880828857422
127 21.908004760742188
128 21.899200439453125
129 22.010101318359375
130 20.971900939941406
131 22.578895568847656
132 23.09649658203125
133 21.37200164794922
134 21.282508850097656
135 20.535903930664063
136 20.45909881591797
137 19.297401428222656
138 19.50049591064453
139 20.739295959472656
140 21.307403564453125
141 21.710800170898438
142 20.4071044921875
143 22.25690460205078
144 21.9927978515625
145 20.94330596923828
146 20.326499938964844
147 21.911399841308594
148 19.58160400390625
149 20.547103881835938
150 20.5166015625
151 22.03130340576172
152 20.85900115966797
153 19.709304809570313
154 17.364601135253906
155 18.37470245361328
156 19.371498107910156
157 19.153396606445313
158 18.176292419433594
159 16.640907287597656
160 19.0458984375
161 18.116600036621094
162 17.484298706054688
163 14.364303588867188
164 16.695396423339844
165 16.358505249023438
166 19.328109741210938
167 18.32080078125
168 19.72509765625
169 17.10309600830078
170 20.77080535888672
171 21.012802124023438
172 20.99329376220703
173 23.053604125976563
174 17.82770538330078
175 18.43329620361328
176 18.734298706054688
177 19.818199157714844
178 19.461105346679688
179 19.439102172851563
180 15.886604309082031
181 17.989402770996094
182 18.339202880859375
183 18.393699645996094
184 16.987205505371094
185 19.045791625976563
186 18.72930145263672
187 19.58869171142578
188 19.661903381347656
189 15.567794799804688
190 16.266403198242188
191 16.39989471435547
192 16.37340545654297
193 13.808494567871094
194 16.30030059814453
195 17.226600646972656
196 17.28710174560547
197 16.633201599121094
198 13.998199462890625
199 17.50000762939453
200 18.54039764404297
201 18.61529541015625
202 19.548004150390625
203 18.507102966308594
204 19.50470733642578
205 18.677597045898438
206 17.24311065673828
207 16.17729949951172
208 17.90569305419922
209 19.87529754638672
210 19.005096435546875
211 18.005104064941406
212 19.825096130371094
213 18.22600555419922
214 20.327407836914063
215 18.785804748535156
216 16.652603149414063
217 18.217002868652344
218 19.930999755859375
219 18.205604553222656
220 18.58550262451172
221 17.573402404785156
222 19.364295959472656
223 18.395896911621094
224 18.80249786376953
225 16.802597045898438
226 17.425498962402344
227 17.550796508789063
228 17.573097229003906
229 18.302001953125
230 18.8406982421875
231 17.444900512695313
232 17.57109832763672
233 16.332199096679688
234 18.630699157714844
235 15.071990966796875
236 18.288002014160156
237 16.285598754882813
238 17.895591735839844
239 18.574806213378906
240 20.06999969482422
241 19.715904235839844
242 20.053993225097656
243 20.279800415039063
244 22.10900115966797
245 20.956695556640625
246 20.27099609375
247 20.64850616455078
248 20.352005004882813
249 19.5548095703125
250 17.414695739746094
251 18.34130859375
252 20.91260528564453
253 17.008499145507813
254 15.567703247070313
255 17.30249786376953
256 18.248397827148438
257 18.520904541015625
258 16.697097778320313
259 18.17510223388672
260 17.548202514648438
261 19.67730712890625
262 18.023597717285156
263 16.748497009277344
264 18.537704467773438
265 18.60309600830078
266 18.914794921875
267 19.839202880859375
268 17.541397094726563
269 21.607398986816406
270 21.45269775390625
271 18.66179656982422
272 19.19329833984375
273 20.374107360839844
274 19.051597595214844
275 19.20600128173828
276 20.37110137939453
277 20.171897888183594
278 20.676101684570313
279 18.514007568359375
280 18.720802307128906
281 18.688697814941406
282 19.63030242919922
283 18.772605895996094
284 19.913604736328125
285 20.953697204589844
286 19.61479949951172
287 18.615501403808594
288 19.18830108642578
289 20.743499755859375
290 19.984703063964844
291 19.53949737548828
292 18.127105712890625
293 20.127395629882813
294 17.4989013671875
295 18.450393676757813
296 18.4678955078125
297 17.911598205566406
298 18.4425048828125
299 17.773902893066406
300 16.424301147460938
301 18.765296936035156
302 18.385093688964844
303 19.55310821533203
304 19.67670440673828
305 19.17969512939453
306 20.992294311523438
307 19.196701049804688
308 21.1654052734375
309 19.945404052734375
310 18.245994567871094
311 17.540000915527344
312 22.09760284423828
313 22.278900146484375
314 20.739601135253906
315 20.859207153320313
316 19.3927001953125
317 18.440101623535156
318 18.038497924804688
319 19.171005249023438
320 20.100608825683594
321 19.906898498535156
322 20.10150146484375
323 17.7301025390625
324 18.278099060058594
325 17.91320037841797
326 17.147201538085938
327 16.949302673339844
328 19.84239959716797
329 19.935104370117188
330 20.637100219726563
331 19.870201110839844
332 21.8074951171875
333 21.30809783935547
334 22.39080047607422
335 20.693702697753906
336 18.830307006835938
337 17.90630340576172
338 21.14800262451172
339 20.964805603027344
340 19.61290740966797
341 22.20330047607422
342 20.855697631835938
343 17.918800354003906
344 17.295799255371094
345 18.435997009277344
346 18.171493530273438
347 17.482803344726563
348 16.721595764160156
349 17.517196655273438
350 17.25579833984375
351 16.155006408691406
352 17.045501708984375
353 17.206398010253906
354 18.45720672607422
355 20.711105346679688
356 20.842201232910156
357 20.038497924804688
358 18.285606384277344
359 16.97980499267578
360 20.180206298828125
361 18.092201232910156
362 18.609901428222656
363 17.859100341796875
364 20.725807189941406
365 20.059906005859375
366 20.532699584960938
367 18.4281005859375
368 18.609298706054688
369 20.020301818847656
370 20.12999725341797
371 21.504196166992188
372 19.64300537109375
373 20.14459991455078
374 18.315093994140625
375 18.39179229736328
376 18.903594970703125
377 19.810096740722656
378 22.249496459960938
379 19.609100341796875
380 20.882301330566406
381 21.753395080566406
382 18.94530487060547
383 21.17060089111328
384 21.089599609375
385 18.416397094726563
386 18.27069854736328
387 16.96129608154297
388 16.42180633544922
389 17.646202087402344
390 19.00420379638672
391 18.253807067871094
392 17.744598388671875
393 19.19390106201172
394 16.955299377441406
395 17.169700622558594
396 19.39659881591797
397 15.667694091796875
398 17.1156005859375
399 16.672500610351563
400 16.6968994140625
401 16.219406127929688
402 17.857505798339844
403 16.23639678955078
404 17.253402709960938
405 17.43621063232422
406 17.792396545410156
407 17.52179718017578
408 20.21100616455078
409 20.03990936279297
410 19.10089874267578
411 20.40709686279297
412 18.62750244140625
413 17.590606689453125
414 17.172401428222656
415 16.95940399169922
416 14.593406677246094
417 16.649795532226563
418 16.994110107421875
419 17.852798461914063
420 18.813697814941406
421 18.627601623535156
422 18.898101806640625
423 18.326805114746094
424 22.595504760742188
425 20.604095458984375
426 19.80829620361328
427 19.22229766845703
428 18.412696838378906
429 18.537994384765625
430 19.833999633789063
431 18.40709686279297
432 20.156005859375
433 19.95000457763672
434 18.872596740722656
435 19.519805908203125
436 20.669097900390625
437 20.054298400878906
438 18.829498291015625
439 19.7991943359375
440 21.218597412109375
441 19.08660125732422
442 18.50860595703125
443 19.257102966308594
444 20.18360137939453
445 19.173202514648438
446 19.66350555419922
447 17.51610565185547
448 18.82860565185547
449 17.74030303955078
450 17.723403930664063
451 17.530494689941406
452 18.11339569091797
453 20.185394287109375
454 20.25940704345703
455 18.8092041015625
456 19.639297485351563
457 19.58349609375
458 19.405502319335938
459 17.83519744873047
460 17.034805297851563
461 16.53949737548828
462 18.499107360839844
463 18.224197387695313
464 15.918998718261719
465 17.103599548339844
466 16.036102294921875
467 18.666091918945313
468 22.129600524902344
469 20.922401428222656
470 19.792098999023438
471 19.31090545654297
472 18.447097778320313
473 17.3125
474 18.720504760742188
475 17.966705322265625
476 19.16199493408203
477 17.11639404296875
478 18.505508422851563
479 17.602005004882813
480 17.14959716796875
481 17.067703247070313
482 16.059799194335938
483 17.73999786376953
484 19.726699829101563
485 19.232803344726563
486 18.31890106201172
487 18.2998046875
488 18.662498474121094
489 22.209205627441406
490 20.65019989013672
491 20.48389434814453
492 21.230499267578125
493 21.18280029296875
494 18.979202270507813
495 17.713897705078125
496 20.675796508789063
497 18.91650390625
498 19.958602905273438
499 19.263999938964844
500 18.258010864257813
