0 40.17560577392578
1 40.17559814453125
2 38.614707946777344
3 39.531105041503906
4 38.022796630859375
5 34.980201721191406
6 36.94850158691406
7 35.978599548339844
8 39.92060852050781
9 40.49320983886719
10 37.095306396484375
11 39.311302185058594
12 38.28899383544922
13 38.254005432128906
14 38.878204345703125
15 37.301795959472656
16 34.658203125
17 32.43370819091797
18 32.897804260253906
19 34.594696044921875
20 32.451194763183594
21 32.77690124511719
22 31.51190185546875
23 30.499298095703125
24 31.614105224609375
25 30.84020233154297
26 29.864601135253906
27 30.932594299316406
28 30.749000549316406
29 32.73419952392578
30 32.071006774902344
31 29.54430389404297
32 29.390701293945313
33 29.481101989746094
34 29.25220489501953
35 29.340606689453125
36 30.238906860351563
37 29.483009338378906
38 31.108497619628906
39 28.817092895507813
40 27.11151123046875
41 30.481704711914063
42 29.09009552001953
43 27.776901245117188
44 27.919593811035156
45 27.97679901123047
46 27.806007385253906
47 28.67919158935547
48 29.646804809570313
49 30.156906127929688
50 29.919204711914063
51 27.25469970703125
52 28.327896118164063
53 27.479408264160156
54 30.255905151367188
55 31.163406372070313
56 30.840789794921875
57 30.81360626220703
58 30.561309814453125
59 29.552101135253906
60 27.647201538085938
61 29.698196411132813
62 29.632606506347656
63 30.330001831054688
64 28.252601623535156
65 29.963897705078125
66 29.71900177001953
67 31.02849578857422
68 30.01020050048828
69 29.009902954101563
70 30.14659881591797
71 27.040802001953125
72 25.957191467285156
73 28.221603393554688
74 29.074798583984375
75 29.223800659179688
76 28.633506774902344
77 30.09839630126953
78 29.93500518798828
79 28.460601806640625
80 29.68309783935547
81 30.217193603515625
82 29.055503845214844
83 28.547897338867188
84 29.457801818847656
85 29.412208557128906
86 30.99859619140625
87 29.773902893066406
88 30.08660125732422
89 30.554901123046875
90 28.109596252441406
91 27.903099060058594
92 27.579605102539063
93 30.084999084472656
94 29.93450927734375
95 27.772201538085938
96 28.353195190429688
97 30.123207092285156
98 28.627601623535156
99 28.448806762695313
100 30.703903198242188
101 31.838600158691406
102 32.77269744873047
103 31.017501831054688
104 33.937705993652344
105 31.5010986328125
106 32.770103454589844
107 36.357200622558594
108 33.517303466796875
109 33.96959686279297
110 31.807601928710938
111 33.274505615234375
112 32.11150360107422
113 32.22850036621094
114 30.044601440429688
115 30.64820098876953
116 30.05670166015625
117 28.048606872558594
118 27.281105041503906
119 27.205101013183594
120 28.011795043945313
121 27.87720489501953
122 28.085899353027344
123 29.44219970703125
124 29.052703857421875
125 27.866897583007813
126 30.76880645751953
127 28.848007202148438
128 32.16919708251953
129 29.42009735107422
130 28.64189910888672
131 28.50890350341797
132 30.686500549316406
133 30.16199493408203
134 32.18251037597656
135 31.24590301513672
136 30.599098205566406
137 29.667396545410156
138 28.060501098632813
139 31.819305419921875
140 31.64739990234375
141 31.56079864501953
142 31.357101440429688
143 33.036903381347656
144 33.26280212402344
145 32.96330261230469
146 31.986495971679688
147 32.50139617919922
148 30.431602478027344
149 31.84709930419922
150 32.18659973144531
151 33.871299743652344
152 32.26899719238281
153 30.699302673339844
154 29.234603881835938
155 31.654708862304688
156 30.34149932861328
157 29.68340301513672
158 30.07630157470703
159 30.06090545654297
160 32.15589904785156
161 30.866607666015625
162 30.54430389404297
163 29.384300231933594
164 32.125404357910156
165 31.46849822998047
166 33.528106689453125
167 31.530807495117188
168 32.3551025390625
169 31.393096923828125
170 34.74079895019531
171 34.04279327392578
172 31.87329864501953
173 33.0635986328125
174 29.03771209716797
175 29.793304443359375
176 28.864303588867188
177 30.448196411132813
178 31.06110382080078
179 31.2091064453125
180 28.506607055664063
181 31.089401245117188
182 30.719200134277344
183 30.033706665039063
184 28.077194213867188
185 29.20580291748047
186 31.33930206298828
187 30.72869873046875
188 31.38190460205078
189 29.387802124023438
190 29.99640655517578
191 28.44989776611328
192 29.54340362548828
193 27.738502502441406
194 29.24029541015625
195 30.856605529785156
196 29.957107543945313
197 30.113204956054688
198 29.308204650878906
199 30.860008239746094
200 31.900405883789063
201 30.87529754638672
202 30.76799774169922
203 32.107093811035156
204 32.1947021484375
205 31.48760223388672
206 30.593109130859375
207 29.617294311523438
208 31.345703125
209 33.655296325683594
210 32.49510192871094
211 32.22510528564453
212 32.14509582519531
213 31.876007080078125
214 33.27740478515625
215 32.20580291748047
216 28.842605590820313
217 31.967002868652344
218 32.681007385253906
219 30.825599670410156
220 29.915496826171875
221 30.263404846191406
222 31.864295959472656
223 30.7958984375
224 31.702499389648438
225 29.312606811523438
226 29.855499267578125
227 28.920799255371094
228 30.133102416992188
229 30.54199981689453
230 31.740699768066406
231 30.174903869628906
232 29.32110595703125
233 30.772201538085938
234 31.85070037841797
235 28.5419921875
236 30.94800567626953
237 29.43560791015625
238 30.775596618652344
239 29.014808654785156
240 31.699996948242188
241 30.80590057373047
242 32.323997497558594
243 30.589797973632813
244 32.759002685546875
245 31.7467041015625
246 30.980995178222656
247 29.07849884033203
248 31.80199432373047
249 32.524810791015625
250 29.204696655273438
251 30.811302185058594
252 32.952598571777344
253 30.77850341796875
254 29.38770294189453
255 31.782501220703125
256 30.598403930664063
257 32.010902404785156
258 30.28710174560547
259 32.05510711669922
260 30.818199157714844
261 31.1173095703125
262 30.37360382080078
263 31.13849639892578
264 30.917709350585938
265 28.61309814453125
266 30.004798889160156
267 27.30919647216797
268 27.781402587890625
269 29.877403259277344
270 29.172698974609375
271 27.951797485351563
272 30.293304443359375
273 30.684104919433594
274 28.101600646972656
275 26.725997924804688
276 26.52111053466797
277 29.89189910888672
278 27.44609832763672
279 27.92400360107422
280 28.220802307128906
281 27.948692321777344
282 28.330307006835938
283 28.09259796142578
284 27.24359893798828
285 27.433700561523438
286 26.36480712890625
287 25.855499267578125
288 26.01830291748047
289 29.183502197265625
290 29.57470703125
291 28.319496154785156
292 27.297103881835938
293 27.237403869628906
294 26.4989013671875
295 25.620391845703125
296 28.597900390625
297 27.26160430908203
298 27.852508544921875
299 27.11389923095703
300 26.2742919921875
301 28.385299682617188
302 27.77509307861328
303 29.193099975585938
304 29.886703491210938
305 28.55970001220703
306 31.412307739257813
307 28.506698608398438
308 30.40540313720703
309 30.005401611328125
310 28.916000366210938
311 29.670005798339844
312 30.92760467529297
313 31.93889617919922
314 29.509597778320313
315 29.68920135498047
316 28.89270782470703
317 28.79010009765625
318 28.118499755859375
319 29.451004028320313
320 29.390602111816406
321 30.08690643310547
322 30.151504516601563
323 27.17010498046875
324 27.978103637695313
325 29.243202209472656
326 27.657203674316406
327 27.989295959472656
328 27.612403869628906
329 30.315109252929688
330 30.32709503173828
331 28.84020233154297
332 29.837501525878906
333 29.878097534179688
334 31.110801696777344
335 30.6636962890625
336 28.590301513671875
337 27.456298828125
338 30.00799560546875
339 29.784805297851563
340 29.742904663085938
341 29.343299865722656
342 26.805694580078125
343 25.528793334960938
344 26.095802307128906
345 25.755996704101563
346 26.90149688720703
347 26.67279815673828
348 27.061607360839844
349 27.617202758789063
350 28.615806579589844
351 27.884994506835938
352 27.245506286621094
353 27.1864013671875
354 28.167198181152344
355 29.871109008789063
356 30.032196044921875
357 29.52849578857422
358 29.665603637695313
359 27.369796752929688
360 30.170196533203125
361 29.75220489501953
362 29.729904174804688
363 29.539100646972656
364 30.235809326171875
365 30.59990692138672
366 29.90270233154297
367 29.208099365234375
368 28.769302368164063
369 28.970298767089844
370 29.720001220703125
371 30.094200134277344
372 30.00299835205078
373 30.85460662841797
374 30.275100708007813
375 29.431793212890625
376 29.343605041503906
377 28.560096740722656
378 30.42949676513672
379 28.77910614013672
380 30.392303466796875
381 29.29340362548828
382 28.86530303955078
383 28.070602416992188
384 30.199607849121094
385 28.856399536132813
386 29.10070037841797
387 28.741302490234375
388 27.61180877685547
389 28.29620361328125
390 28.034202575683594
391 29.993804931640625
392 27.144607543945313
393 28.613906860351563
394 27.215301513671875
395 27.599708557128906
396 29.786605834960938
397 27.5177001953125
398 28.025596618652344
399 28.582504272460938
400 29.786895751953125
401 27.619400024414063
402 29.43750762939453
403 28.786399841308594
404 26.473403930664063
405 27.626205444335938
406 28.752403259277344
407 27.091796875
408 28.060997009277344
409 29.15990447998047
410 29.150894165039063
411 29.71710968017578
412 27.67749786376953
413 29.13060760498047
414 28.822402954101563
415 27.279403686523438
416 26.6033935546875
417 28.509796142578125
418 27.494102478027344
419 28.382797241210938
420 29.40369415283203
421 27.9075927734375
422 29.36811065673828
423 29.556793212890625
424 30.655502319335938
425 29.544097900390625
426 26.43830108642578
427 27.67230224609375
428 28.862701416015625
429 30.057998657226563
430 30.42400360107422
431 28.697105407714844
432 30.5159912109375
433 30.169998168945313
434 28.85260009765625
435 28.809799194335938
436 31.089096069335938
437 29.054306030273438
438 27.11949920654297
439 28.04920196533203
440 30.74859619140625
441 28.846595764160156
442 27.158599853515625
443 28.107101440429688
444 27.833602905273438
445 27.383201599121094
446 28.673507690429688
447 27.646102905273438
448 29.088607788085938
449 28.880294799804688
450 29.05340576171875
451 28.430496215820313
452 30.62340545654297
453 30.29540252685547
454 30.549407958984375
455 27.649200439453125
456 28.78929901123047
457 29.623504638671875
458 28.915504455566406
459 27.295204162597656
460 26.47479248046875
461 26.199508666992188
462 27.619102478027344
463 26.794204711914063
464 25.65900421142578
465 26.723602294921875
466 25.546096801757813
467 27.846099853515625
468 29.369598388671875
469 30.412399291992188
470 29.27210235595703
471 28.530906677246094
472 29.167098999023438
473 28.5625
474 28.370498657226563
475 28.19670867919922
476 29.571998596191406
477 27.11639404296875
478 27.87549591064453
479 27.102005004882813
480 26.999595642089844
481 27.21770477294922
482 27.34980010986328
483 26.720001220703125
484 29.42670440673828
485 29.44280242919922
486 28.298904418945313
487 27.709800720214844
488 27.662506103515625
489 30.269203186035156
490 29.65019989013672
491 29.42389678955078
492 30.040496826171875
493 29.382797241210938
494 26.729202270507813
495 27.92389678955078
496 28.19579315185547
497 27.646499633789063
498 28.228607177734375
499 27.824005126953125
500 27.858009338378906
