0 13.24560546875
1 13.245597839355469
2 14.364707946777344
3 12.561103820800781
4 12.392799377441406
5 7.700202941894531
6 10.438499450683594
7 7.228599548339844
8 11.970603942871094
9 11.323204040527344
10 9.355300903320313
11 8.641304016113281
12 9.038993835449219
13 7.384002685546875
14 9.738197326660156
15 6.4718017578125
16 5.2982025146484375
17 2.3137054443359375
18 1.8178024291992188
19 3.1547012329101563
20 1.881195068359375
21 3.8768997192382813
22 5.071907043457031
23 1.4292984008789063
24 3.6440963745117188
25 3.300201416015625
26 1.8546066284179688
27 2.5026016235351563
28 2.0890045166015625
29 6.3542022705078125
30 2.5309982299804688
31 3.4542999267578125
32 3.4307022094726563
33 3.6511001586914063
34 2.8422012329101563
35 0.55059814453125
36 1.7789077758789063
37 1.2230072021484375
38 2.2284927368164063
39 0.1470947265625
40 -0.9384994506835938
41 2.401702880859375
42 2.2500991821289063
43 1.7968978881835938
44 4.9496002197265625
45 4.5968017578125
46 1.6460037231445313
47 1.98919677734375
48 3.15679931640625
49 1.5868988037109375
50 3.6091995239257813
51 1.1646957397460938
52 1.497894287109375
53 0.549407958984375
54 3.5759048461914063
55 2.1234054565429688
56 2.0707931518554688
57 2.9836044311523438
58 3.5112991333007813
59 5.442100524902344
60 4.047203063964844
61 4.938194274902344
62 4.862602233886719
63 3.9000015258789063
64 4.5225982666015625
65 6.503898620605469
66 4.7389984130859375
67 4.6284942626953125
68 2.360198974609375
69 2.8698959350585938
70 4.256599426269531
71 1.8407974243164063
72 1.0571975708007813
73 1.9715957641601563
74 2.5047988891601563
75 3.1337966918945313
76 2.2835006713867188
77 2.2883987426757813
78 3.2750015258789063
79 2.1305999755859375
80 2.523101806640625
81 3.6072006225585938
82 2.355499267578125
83 0.16790008544921875
84 1.777801513671875
85 1.4522018432617188
86 3.3685989379882813
87 4.643898010253906
88 3.7565994262695313
89 1.5149002075195313
90 0.9795989990234375
91 -0.0868988037109375
92 -0.2404022216796875
93 0.845001220703125
94 -0.3054962158203125
95 -0.02779388427734375
96 -1.1968002319335938
97 -0.17679595947265625
98 -0.21240234375
99 1.4788055419921875
100 3.9939041137695313
101 4.2386016845703125
102 5.492706298828125
103 3.4775009155273438
104 5.08770751953125
105 3.4510955810546875
106 4.1800994873046875
107 7.577201843261719
108 4.637298583984375
109 6.049598693847656
110 3.7975921630859375
111 5.0944976806640625
112 4.191505432128906
113 5.328498840332031
114 5.314598083496094
115 4.308197021484375
116 2.0367050170898438
117 1.9986038208007813
118 2.69110107421875
119 3.0150985717773438
120 4.341796875
121 3.537200927734375
122 4.4358978271484375
123 4.0222015380859375
124 3.9327011108398438
125 2.6569061279296875
126 6.5388031005859375
127 4.447998046875
128 6.17919921875
129 4.190101623535156
130 3.351898193359375
131 4.878898620605469
132 4.376495361328125
133 2.6020050048828125
134 2.2925033569335938
135 0.6958999633789063
136 1.609100341796875
137 1.2974014282226563
138 0.30049896240234375
139 2.0692977905273438
140 2.8274002075195313
141 2.1208038330078125
142 2.2370986938476563
143 3.0768966674804688
144 2.652801513671875
145 2.3032989501953125
146 2.6164932250976563
147 3.531402587890625
148 2.0116043090820313
149 3.2871017456054688
150 2.0565948486328125
151 3.9713058471679688
152 3.5589981079101563
153 2.2593002319335938
154 1.3945999145507813
155 2.7046966552734375
156 2.1215057373046875
157 1.6933975219726563
158 1.1862945556640625
159 1.5308990478515625
160 2.765899658203125
161 0.7566070556640625
162 2.0743026733398438
163 4.264305114746094
164 2.6153945922851563
165 1.8584976196289063
166 4.2281036376953125
167 2.8608016967773438
168 3.255096435546875
169 1.7130966186523438
170 4.670799255371094
171 5.232795715332031
172 3.88330078125
173 4.913597106933594
174 1.5577011108398438
175 1.4933013916015625
176 0.32430267333984375
177 2.928192138671875
178 1.411102294921875
179 2.229095458984375
180 -0.263397216796875
181 0.7493972778320313
182 1.4792022705078125
183 1.1837005615234375
184 2.1572036743164063
185 1.415802001953125
186 2.6092987060546875
187 3.568695068359375
188 2.5519027709960938
189 0.3677978515625
190 1.656402587890625
191 -0.04010772705078125
192 -0.5065994262695313
193 -1.5015029907226563
194 0.0102996826171875
195 1.20660400390625
196 0.4770965576171875
197 0.7132034301757813
198 1.5082015991210938
199 1.8700027465820313
200 3.2704010009765625
201 0.8553009033203125
202 0.0879974365234375
203 1.527099609375
204 1.4547042846679688
205 1.72760009765625
206 1.5731048583984375
207 -0.362701416015625
208 0.6156997680664063
209 2.0652999877929688
210 1.3350982666015625
211 1.6451034545898438
212 1.7350921630859375
213 1.1360015869140625
214 2.4674072265625
215 1.3257980346679688
216 -1.1573944091796875
217 1.23699951171875
218 1.8310012817382813
219 -0.2444000244140625
220 -0.9944992065429688
221 -1.2666015625
222 0.5542984008789063
223 0.35590362548828125
224 0.50250244140625
225 -1.6573944091796875
226 -1.514495849609375
227 -2.3292007446289063
228 -1.0569000244140625
229 0.052001953125
230 1.6407012939453125
231 -0.12509918212890625
232 -0.68890380859375
233 0.4022064208984375
234 0.6107025146484375
235 -1.7280044555664063
236 0.11800384521484375
237 -1.8043975830078125
238 -0.264404296875
239 -1.105194091796875
240 0.45999908447265625
241 -0.22409820556640625
242 1.2939987182617188
243 0.04979705810546875
244 2.0589981079101563
245 0.42669677734375
246 -0.1490020751953125
247 -1.1214981079101563
248 0.9219970703125
249 1.204803466796875
250 -1.775299072265625
251 -0.068695068359375
252 2.572601318359375
253 0.9585037231445313
254 -0.1822967529296875
255 0.782501220703125
256 -0.18160247802734375
257 1.8009033203125
258 -0.252899169921875
259 1.7151031494140625
260 0.2982025146484375
261 0.4972991943359375
262 -0.2964019775390625
263 1.5885009765625
264 -0.1123046875
265 -1.5569000244140625
266 -0.495208740234375
267 -1.13079833984375
268 -2.408599853515625
269 0.797393798828125
270 0.07269287109375
271 -1.378204345703125
272 0.11330413818359375
273 0.7240982055664063
274 -1.0584030151367188
275 -2.3040008544921875
276 -1.0488967895507813
277 0.231903076171875
278 -0.6738967895507813
279 -2.1360015869140625
280 -2.209197998046875
281 -1.9113082885742188
282 -1.5796966552734375
283 -1.5573959350585938
284 -1.3563995361328125
285 -0.706298828125
286 -1.1851959228515625
287 -2.7345046997070313
288 -2.3716964721679688
289 0.15350341796875
290 -0.455291748046875
291 -2.20050048828125
292 -2.502899169921875
293 -0.882598876953125
294 -2.271099090576172
295 -1.5896072387695313
296 -1.2821044921875
297 -1.3083953857421875
298 -1.337493896484375
299 -1.9261016845703125
300 -3.075702667236328
301 -1.8047027587890625
302 -1.4149017333984375
303 -0.7668991088867188
304 0.18670654296875
305 -0.7502975463867188
306 1.4322967529296875
307 -2.0333023071289063
308 0.22540283203125
309 -0.19460296630859375
310 -0.8440017700195313
311 0.100006103515625
312 1.5475997924804688
313 1.2089004516601563
314 -0.07039642333984375
315 -0.470794677734375
316 -0.5172958374023438
317 -0.6699066162109375
318 -1.3715019226074219
319 -0.128997802734375
320 1.0306015014648438
321 1.00689697265625
322 1.5914993286132813
323 -1.0998992919921875
324 -1.3718948364257813
325 0.4832000732421875
326 -1.3328018188476563
327 -1.4607009887695313
328 0.49239349365234375
329 1.0550994873046875
330 1.9570999145507813
331 0.5701980590820313
332 1.0475006103515625
333 1.0680999755859375
334 1.7707977294921875
335 1.763702392578125
336 0.29030609130859375
337 -1.3136978149414063
338 1.2779998779296875
339 1.5548019409179688
340 1.0029067993164063
341 1.6132965087890625
342 0.77569580078125
343 -0.9412002563476563
344 -1.714202880859375
345 -2.2340011596679688
346 -1.618499755859375
347 -2.077198028564453
348 -3.0283966064453125
349 -2.7328033447265625
350 -1.80419921875
351 -2.835002899169922
352 -1.9744987487792969
353 -2.3035964965820313
354 -1.9128036499023438
355 0.04109954833984375
356 0.412200927734375
357 -0.631500244140625
358 -1.4644012451171875
359 -3.6902008056640625
360 0.07019805908203125
361 -0.6177978515625
362 -0.0200958251953125
363 -0.23090362548828125
364 0.5158004760742188
365 0.8098983764648438
366 -0.4673004150390625
367 -0.6519012451171875
368 -1.3406982421875
369 -0.6196975708007813
370 0.4199981689453125
371 1.774200439453125
372 0.572998046875
373 1.5345993041992188
374 -0.06490325927734375
375 -0.34820556640625
376 -0.7564010620117188
377 0.10009765625
378 2.139495849609375
379 -0.2808990478515625
380 2.012298583984375
381 1.7233963012695313
382 -0.19469451904296875
383 2.93060302734375
384 1.3796005249023438
385 -0.5836029052734375
386 -1.1993026733398438
387 -1.8087005615234375
388 -1.4981918334960938
389 0.5662002563476563
390 1.99420166015625
391 -0.3961944580078125
392 -0.30539703369140625
393 1.2439041137695313
394 -1.25469970703125
395 -0.7303009033203125
396 1.1366043090820313
397 -1.9323043823242188
398 0.325592041015625
399 -0.4174957275390625
400 0.06690216064453125
401 -1.80059814453125
402 -0.7224960327148438
403 -2.2536087036132813
404 -1.7065963745117188
405 -1.70379638671875
406 -1.6075973510742188
407 -2.2882003784179688
408 0.33100128173828125
409 -0.29010009765625
410 -0.25910186767578125
411 1.5471038818359375
412 -2.0425033569335938
413 -1.1993942260742188
414 -1.2776031494140625
415 -2.530597686767578
416 -4.056602478027344
417 -1.39019775390625
418 -2.1158981323242188
419 -0.917205810546875
420 0.06369781494140625
421 -1.0724029541015625
422 -0.45189666748046875
423 -1.1232070922851563
424 1.6655044555664063
425 0.6940994262695313
426 -1.2016983032226563
427 -0.82769775390625
428 -0.4873046875
429 -0.34200286865234375
430 0.753997802734375
431 -0.942901611328125
432 0.7360000610351563
433 -0.8800048828125
434 -0.3773956298828125
435 -0.27020263671875
436 1.669097900390625
437 1.1343002319335938
438 -1.8005027770996094
439 0.0691986083984375
440 1.8585968017578125
441 0.0966033935546875
442 0.0186004638671875
443 -0.21289825439453125
444 2.0536041259765625
445 0.033203125
446 -0.2465057373046875
447 -1.6239013671875
448 -0.14139556884765625
449 -0.229705810546875
450 -0.28659820556640625
451 -1.7595024108886719
452 -0.19660186767578125
453 1.1953964233398438
454 0.7194061279296875
455 -1.5607986450195313
456 0.439300537109375
457 0.743499755859375
458 0.41550445556640625
459 -1.3947982788085938
460 -3.0652084350585938
461 -2.5904998779296875
462 -0.6508941650390625
463 -0.6157989501953125
464 -3.0009994506835938
465 -1.1764068603515625
466 -2.8039016723632813
467 0.02610015869140625
468 0.7795944213867188
469 1.992401123046875
470 1.5220947265625
471 0.3108978271484375
472 0.45709991455078125
473 -1.0374984741210938
474 0.25049591064453125
475 -0.7532958984375
476 -0.39800262451171875
477 -2.1236038208007813
478 -0.4844970703125
479 -1.5680007934570313
480 -1.4204025268554688
481 -1.8722991943359375
482 -1.7802047729492188
483 -0.970001220703125
484 0.6666946411132813
485 0.8427963256835938
486 -0.971099853515625
487 -1.5401992797851563
488 -1.5475006103515625
489 2.2992019653320313
490 1.3802032470703125
491 1.4238967895507813
492 2.0605010986328125
493 1.1927947998046875
494 -1.040802001953125
495 0.17389678955078125
496 1.25579833984375
497 1.2164993286132813
498 0.8985977172851563
499 -0.01599884033203125
500 -0.5219955444335938
