0 34.86560821533203
1 34.8656005859375
2 34.01470184326172
3 34.70111083984375
4 33.31279754638672
5 29.83020782470703
6 32.01850128173828
7 30.80859375
8 34.94060516357422
9 35.193199157714844
10 32.01530456542969
11 33.991302490234375
12 32.92900085449219
13 32.97400665283203
14 33.91819763183594
15 32.121803283691406
16 30.16820526123047
17 27.43370819091797
18 27.93780517578125
19 29.484703063964844
20 27.151199340820313
21 27.716896057128906
22 27.02190399169922
23 25.58930206298828
24 26.784103393554688
25 25.90019989013672
26 25.14459991455078
27 25.91259765625
28 25.399002075195313
29 27.99420166015625
30 26.600997924804688
31 24.824302673339844
32 24.880699157714844
33 24.88109588623047
34 24.652206420898438
35 24.160606384277344
36 25.108909606933594
37 24.65300750732422
38 26.21849822998047
39 23.817092895507813
40 22.10150146484375
41 25.851699829101563
42 24.35009765625
43 23.38690185546875
44 23.679603576660156
45 24.066802978515625
46 23.126007080078125
47 23.909202575683594
48 24.976806640625
49 25.096900939941406
50 25.349205017089844
51 22.794700622558594
52 23.497901916503906
53 22.989402770996094
54 25.645904541015625
55 26.403396606445313
56 26.100791931152344
57 26.00360107421875
58 25.621299743652344
59 24.762100219726563
60 22.897193908691406
61 25.428207397460938
62 25.252601623535156
63 25.50000762939453
64 23.85260772705078
65 25.463905334472656
66 25.378997802734375
67 26.34850311279297
68 25.290199279785156
69 24.499893188476563
70 25.406600952148438
71 22.520797729492188
72 21.877197265625
73 23.3916015625
74 24.48480224609375
75 24.33380126953125
76 24.34349822998047
77 25.388397216796875
78 24.95500946044922
79 23.690597534179688
80 24.703102111816406
81 25.857200622558594
82 24.685501098632813
83 23.557907104492188
84 24.43779754638672
85 24.482208251953125
86 26.208602905273438
87 25.653900146484375
88 25.286605834960938
89 25.64490509033203
90 23.549606323242188
91 23.19310760498047
92 23.039596557617188
93 25.01500701904297
94 24.704505920410156
95 23.102195739746094
96 23.193199157714844
97 24.753196716308594
98 23.78759765625
99 24.128807067871094
100 26.213905334472656
101 27.398597717285156
102 28.672706604003906
103 26.207504272460938
104 29.107696533203125
105 26.711097717285156
106 28.05010223388672
107 31.737197875976563
108 28.387298583984375
109 28.929603576660156
110 26.96759796142578
111 28.454498291015625
112 27.201499938964844
113 27.598495483398438
114 25.484603881835938
115 26.328201293945313
116 25.16669464111328
117 23.468605041503906
118 23.331100463867188
119 22.715103149414063
120 24.15180206298828
121 23.407196044921875
122 24.36589813232422
123 24.872207641601563
124 25.062698364257813
125 23.526901245117188
126 26.618797302246094
127 24.738006591796875
128 27.669204711914063
129 24.91010284423828
130 23.861907958984375
131 24.42890167236328
132 26.066490173339844
133 25.532005310058594
134 26.8125
135 25.97589874267578
136 25.45909881591797
137 24.437400817871094
138 23.040496826171875
139 26.869293212890625
140 26.917396545410156
141 26.770797729492188
142 26.307098388671875
143 27.846900939941406
144 28.06280517578125
145 27.733299255371094
146 26.71649932861328
147 27.571395874023438
148 25.33160400390625
149 26.977096557617188
150 27.786605834960938
151 28.51129913330078
152 27.268997192382813
153 25.709304809570313
154 24.244606018066406
155 26.784698486328125
156 25.511505126953125
157 24.6134033203125
158 25.26630401611328
159 25.040908813476563
160 27.315902709960938
161 25.45660400390625
162 25.54430389404297
163 25.124298095703125
164 27.325401306152344
165 26.488502502441406
166 28.338111877441406
167 26.620803833007813
168 27.29509735107422
169 26.55309295654297
170 29.39080047607422
171 29.25279998779297
172 27.32329559326172
173 28.25360107421875
174 24.39769744873047
175 24.923301696777344
176 23.934303283691406
177 25.688201904296875
178 26.33110809326172
179 25.969100952148438
180 24.12659454345703
181 26.349403381347656
182 25.779197692871094
183 25.083709716796875
184 23.927200317382813
185 24.335800170898438
186 26.20929718017578
187 26.058692932128906
188 26.651901245117188
189 24.607803344726563
190 25.276405334472656
191 23.71990203857422
192 24.43341064453125
193 22.818496704101563
194 24.270301818847656
195 25.81659698486328
196 24.72710418701172
197 25.34320068359375
198 24.628204345703125
199 25.62000274658203
200 27.090408325195313
201 26.015296936035156
202 25.5679931640625
203 26.607093811035156
204 27.094703674316406
205 26.587600708007813
206 25.99311065673828
207 24.687301635742188
208 26.325706481933594
209 28.335304260253906
210 27.115097045898438
211 27.075103759765625
212 26.815101623535156
213 26.496002197265625
214 27.797401428222656
215 26.95580291748047
216 23.5426025390625
217 26.73700714111328
218 27.180999755859375
219 25.655601501464844
220 24.615493774414063
221 24.913406372070313
222 26.494300842285156
223 25.445899963378906
224 26.462509155273438
225 24.202598571777344
226 24.495506286621094
227 23.680809020996094
228 24.93309783935547
229 25.30200958251953
230 26.690704345703125
231 25.074905395507813
232 24.06110382080078
233 25.812210083007813
234 26.750701904296875
235 23.61199951171875
236 25.858001708984375
237 24.265602111816406
238 25.80559539794922
239 23.754806518554688
240 26.45000457763672
241 25.455902099609375
242 26.843994140625
243 25.309799194335938
244 27.298995971679688
245 26.446701049804688
246 25.740997314453125
247 23.808509826660156
248 26.591995239257813
249 27.284805297851563
250 23.844703674316406
251 25.34130096435547
252 27.642601013183594
253 25.628501892089844
254 24.25769805908203
255 26.792503356933594
256 25.318405151367188
257 26.780899047851563
258 25.237098693847656
259 26.715103149414063
260 25.698196411132813
261 25.597305297851563
262 24.99359893798828
263 26.128501892089844
264 25.89769744873047
265 23.283103942871094
266 24.90479278564453
267 22.459197998046875
268 22.291404724121094
269 24.69739532470703
270 24.022705078125
271 22.931800842285156
272 24.973297119140625
273 25.344100952148438
274 23.051597595214844
275 21.616004943847656
276 21.781105041503906
277 24.681900024414063
278 22.57610321044922
279 22.59400177001953
280 22.81079864501953
281 22.90869903564453
282 23.050308227539063
283 22.67259979248047
284 22.19359588623047
285 22.61370086669922
286 21.324806213378906
287 20.865493774414063
288 21.058303833007813
289 24.243507385253906
290 24.434707641601563
291 22.759498596191406
292 21.857101440429688
293 22.27740478515625
294 21.398895263671875
295 21.09040069580078
296 23.647903442382813
297 22.311599731445313
298 23.00250244140625
299 21.93389892578125
300 21.03429412841797
301 23.155296325683594
302 22.54509735107422
303 23.703102111816406
304 24.826705932617188
305 23.459701538085938
306 26.332305908203125
307 22.956703186035156
308 25.215408325195313
309 24.78539276123047
310 23.756004333496094
311 24.400009155273438
312 25.547607421875
313 26.548904418945313
314 24.28961181640625
315 24.389205932617188
316 23.632705688476563
317 23.390098571777344
318 22.808502197265625
319 24.141006469726563
320 24.0006103515625
321 24.62689971923828
322 24.73150634765625
323 21.900100708007813
324 22.908103942871094
325 23.983200073242188
326 22.63719940185547
327 23.08929443359375
328 22.552391052246094
329 25.065101623535156
330 25.067092895507813
331 23.920196533203125
332 24.737503051757813
333 24.4281005859375
334 25.960800170898438
335 25.523696899414063
336 23.37030029296875
337 22.566307067871094
338 24.917999267578125
339 24.524803161621094
340 24.552902221679688
341 23.95330810546875
342 22.20569610595703
343 20.478797912597656
344 20.925796508789063
345 20.615997314453125
346 21.701492309570313
347 21.592796325683594
348 22.031600952148438
349 22.26720428466797
350 23.225799560546875
351 22.534996032714844
352 21.915504455566406
353 21.676406860351563
354 22.74720001220703
355 24.591110229492188
356 24.732200622558594
357 24.188499450683594
358 24.165603637695313
359 22.139801025390625
360 24.64020538330078
361 24.232208251953125
362 24.249900817871094
363 24.209091186523438
364 24.925804138183594
365 25.69989776611328
366 24.412696838378906
367 23.698104858398438
368 23.549301147460938
369 23.840301513671875
370 24.420005798339844
371 25.00420379638672
372 24.64300537109375
373 25.804603576660156
374 25.175094604492188
375 24.011795043945313
376 24.06360626220703
377 23.570098876953125
378 25.399505615234375
379 23.499099731445313
380 25.162307739257813
381 24.183395385742188
382 23.48529815673828
383 23.660598754882813
384 25.02960205078125
385 23.456398010253906
386 23.770706176757813
387 23.571304321289063
388 22.41180419921875
389 22.806198120117188
390 23.05419921875
391 24.65380096435547
392 22.124603271484375
393 23.593894958496094
394 22.275299072265625
395 22.68970489501953
396 24.876602172851563
397 22.32769775390625
398 23.315597534179688
399 23.402503967285156
400 24.866905212402344
401 22.589401245117188
402 24.11750030517578
403 23.456398010253906
404 21.72339630126953
405 22.326202392578125
406 23.39240264892578
407 21.761795043945313
408 23.09100341796875
409 23.679901123046875
410 23.86089324951172
411 24.417098999023438
412 22.227493286132813
413 23.62059783935547
414 23.552398681640625
415 22.089401245117188
416 21.323394775390625
417 23.449798583984375
418 22.124099731445313
419 23.142807006835938
420 24.313697814941406
421 22.887596130371094
422 24.028106689453125
423 24.446800231933594
424 25.385498046875
425 24.19409942626953
426 21.528297424316406
427 22.262298583984375
428 23.70269775390625
429 24.697998046875
430 24.993995666503906
431 23.687095642089844
432 25.26599884033203
433 24.800003051757813
434 23.652603149414063
435 23.84980010986328
436 26.049095153808594
437 24.35430145263672
438 22.09949493408203
439 23.37920379638672
440 25.67859649658203
441 23.626602172851563
442 22.528594970703125
443 22.927108764648438
444 22.863609313964844
445 22.383201599121094
446 23.173500061035156
447 22.74610137939453
448 23.808609008789063
449 23.900306701660156
450 23.963409423828125
451 23.040496826171875
452 25.413406372070313
453 24.995399475097656
454 25.12940216064453
455 22.409202575683594
456 23.999298095703125
457 24.66350555419922
458 23.96550750732422
459 22.115203857421875
460 21.254798889160156
461 21.22949981689453
462 22.559104919433594
463 21.844200134277344
464 20.59899139404297
465 21.55359649658203
466 20.546096801757813
467 22.68609619140625
468 24.419601440429688
469 25.232398986816406
470 24.09209442138672
471 23.450897216796875
472 23.987091064453125
473 23.45250701904297
474 23.180496215820313
475 23.136695861816406
476 24.141998291015625
477 21.766395568847656
478 22.50550079345703
479 21.962005615234375
480 21.77960205078125
481 21.877700805664063
482 22.4197998046875
483 21.44000244140625
484 24.37670135498047
485 24.17279815673828
486 23.04889678955078
487 22.47979736328125
488 22.4425048828125
489 25.029197692871094
490 24.32019805908203
491 24.143898010253906
492 24.790504455566406
493 24.352798461914063
494 21.819198608398438
495 22.86389923095703
496 23.335792541503906
497 22.656494140625
498 23.05860137939453
499 22.78399658203125
500 22.75800323486328
