0 29.035606384277344
1 29.035598754882813
2 25.974693298339844
3 28.541107177734375
4 33.272804260253906
5 27.77020263671875
6 31.008506774902344
7 25.388595581054688
8 33.42060089111328
9 31.73320770263672
10 31.69530487060547
11 32.171302795410156
12 27.929000854492188
13 28.824005126953125
14 34.88819885253906
15 29.431800842285156
16 29.33820343017578
17 25.903709411621094
18 25.667800903320313
19 28.104705810546875
20 25.461196899414063
21 28.776901245117188
22 30.951904296875
23 27.40929412841797
24 29.494102478027344
25 27.65019989013672
26 26.65460205078125
27 25.262603759765625
28 25.22899627685547
29 28.98419952392578
30 25.671005249023438
31 25.744300842285156
32 26.070701599121094
33 25.641098022460938
34 25.57220458984375
35 22.44060516357422
36 24.718902587890625
37 25.27300262451172
38 27.27849578857422
39 23.297096252441406
40 21.35150909423828
41 25.641700744628906
42 25.620094299316406
43 24.366897583007813
44 26.129600524902344
45 26.886802673339844
46 24.246002197265625
47 23.91919708251953
48 26.53680419921875
49 24.00690460205078
50 27.18920135498047
51 23.984703063964844
52 24.47789764404297
53 25.12940216064453
54 27.60590362548828
55 25.883407592773438
56 26.20079803466797
57 28.423599243164063
58 26.621307373046875
59 28.22209930419922
60 26.167198181152344
61 27.95819854736328
62 26.78260040283203
63 26.540000915527344
64 25.212600708007813
65 28.093902587890625
66 28.899002075195313
67 27.258499145507813
68 25.39019775390625
69 27.559890747070313
70 25.37659454345703
71 21.670799255371094
72 22.147201538085938
73 24.5115966796875
74 24.61479949951172
75 24.943801879882813
76 26.363502502441406
77 27.96839141845703
78 28.795005798339844
79 26.400596618652344
80 26.42310333251953
81 26.94720458984375
82 27.08550262451172
83 23.98790740966797
84 25.43779754638672
85 25.342201232910156
86 28.218597412109375
87 29.033897399902344
88 29.316604614257813
89 26.874900817871094
90 26.39960479736328
91 23.093101501464844
92 24.02960205078125
93 26.18499755859375
94 25.54450225830078
95 26.56220245361328
96 23.383201599121094
97 24.863204956054688
98 26.11760711669922
99 26.20880889892578
100 28.913902282714844
101 28.768592834472656
102 31.362701416015625
103 27.327499389648438
104 30.107704162597656
105 28.351097106933594
106 30.990097045898438
107 33.467201232910156
108 29.55730438232422
109 30.989593505859375
110 28.987594604492188
111 29.894500732421875
112 28.891502380371094
113 30.298500061035156
114 27.114601135253906
115 28.20819854736328
116 26.826698303222656
117 24.148597717285156
118 25.921096801757813
119 26.375099182128906
120 29.181793212890625
121 28.107200622558594
122 29.24590301513672
123 28.87220001220703
124 27.70269775390625
125 27.046905517578125
126 30.878807067871094
127 29.368003845214844
128 30.639198303222656
129 29.010101318359375
130 27.831893920898438
131 28.9989013671875
132 27.60649871826172
133 26.072006225585938
134 25.9425048828125
135 25.785903930664063
136 24.75910186767578
137 26.307403564453125
138 24.63050079345703
139 28.059295654296875
140 30.33740234375
141 30.000808715820313
142 29.997100830078125
143 30.62689971923828
144 26.872802734375
145 26.81330108642578
146 27.496498107910156
147 28.55139923095703
148 27.111595153808594
149 28.65709686279297
150 27.406600952148438
151 28.26129913330078
152 27.999000549316406
153 28.14929962158203
154 27.504600524902344
155 29.12470245361328
156 27.511505126953125
157 25.55340576171875
158 24.38629913330078
159 25.460906982421875
160 26.815895080566406
161 24.106597900390625
162 26.29430389404297
163 26.804298400878906
164 25.96540069580078
165 24.38849639892578
166 28.478111267089844
167 28.480804443359375
168 27.60509490966797
169 27.42310333251953
170 28.9407958984375
171 30.42279815673828
172 29.31330108642578
173 28.333602905273438
174 26.75769805908203
175 26.183303833007813
176 24.684303283691406
177 26.678199768066406
178 26.111106872558594
179 26.619102478027344
180 26.0166015625
181 26.679405212402344
182 26.23920440673828
183 26.393699645996094
184 26.677200317382813
185 25.615798950195313
186 27.46929931640625
187 28.54869842529297
188 27.401901245117188
189 26.18780517578125
190 27.766403198242188
191 26.179893493652344
192 24.18340301513672
193 23.77849578857422
194 24.87030029296875
195 26.07659912109375
196 25.427101135253906
197 27.703201293945313
198 26.618202209472656
199 27.360008239746094
200 29.810394287109375
201 27.30530548095703
202 24.787994384765625
203 26.26709747314453
204 26.114707946777344
205 26.957603454589844
206 27.853103637695313
207 24.717300415039063
208 25.33570098876953
209 26.36530303955078
210 25.375099182128906
211 27.435104370117188
212 24.255096435546875
213 26.916000366210938
214 25.53740692138672
215 27.12580108642578
216 24.432601928710938
217 25.74700164794922
218 24.53099822998047
219 23.37560272216797
220 21.64550018310547
221 23.713409423828125
222 24.97429656982422
223 23.515899658203125
224 23.302505493164063
225 22.502593994140625
226 22.31549835205078
227 20.980796813964844
228 20.463104248046875
229 23.522003173828125
230 24.010696411132813
231 23.88489532470703
232 22.891098022460938
233 23.37220001220703
234 25.720703125
235 22.54199981689453
236 23.728004455566406
237 20.875595092773438
238 23.73560333251953
239 22.634803771972656
240 25.5
241 22.095901489257813
242 23.91400146484375
243 21.7998046875
244 22.97899627685547
245 22.916702270507813
246 22.571006774902344
247 21.07849884033203
248 24.972000122070313
249 23.74480438232422
250 19.38470458984375
251 23.14130401611328
252 24.252601623535156
253 22.948509216308594
254 22.08769989013672
255 23.972496032714844
256 20.888397216796875
257 22.86090087890625
258 22.887107849121094
259 24.655105590820313
260 23.168197631835938
261 23.35730743408203
262 22.273597717285156
263 24.09850311279297
264 22.237701416015625
265 21.973106384277344
266 24.22479248046875
267 21.949203491210938
268 21.011398315429688
269 23.4573974609375
270 22.20269775390625
271 21.551795959472656
272 23.553306579589844
273 22.414108276367188
274 21.82160186767578
275 18.496002197265625
276 20.361106872558594
277 22.591903686523438
278 21.416099548339844
279 20.964004516601563
280 21.210800170898438
281 20.988693237304688
282 18.37030029296875
283 19.892601013183594
284 19.663597106933594
285 21.133705139160156
286 18.874801635742188
287 19.715499877929688
288 20.598304748535156
289 22.70349884033203
290 22.89470672607422
291 20.269493103027344
292 21.067100524902344
293 22.33740234375
294 22.56890106201172
295 20.360389709472656
296 22.117897033691406
297 20.08159637451172
298 23.542503356933594
299 18.333900451660156
300 17.574295043945313
301 20.655296325683594
302 20.15509796142578
303 22.42310333251953
304 22.346702575683594
305 21.44969940185547
306 24.442298889160156
307 19.06670379638672
308 21.47540283203125
309 20.58539581298828
310 23.746002197265625
311 24.160003662109375
312 24.327598571777344
313 22.43890380859375
314 20.869606018066406
315 22.49919891357422
316 18.662696838378906
317 22.04010009765625
318 19.77849578857422
319 23.96100616455078
320 22.710601806640625
321 21.666900634765625
322 25.331504821777344
323 22.890098571777344
324 21.87810516357422
325 24.983200073242188
326 21.467201232910156
327 23.299301147460938
328 20.66240692138672
329 23.215110778808594
330 23.227096557617188
331 22.870201110839844
332 21.50749969482422
333 25.23810577392578
334 26.030792236328125
335 23.843704223632813
336 22.75030517578125
337 20.046302795410156
338 23.038002014160156
339 23.344802856445313
340 26.022903442382813
341 22.653305053710938
342 20.335693359375
343 19.038795471191406
344 18.615798950195313
345 17.445999145507813
346 21.231491088867188
347 20.68280029296875
348 21.09160614013672
349 17.99720001220703
350 21.465805053710938
351 19.63500213623047
352 19.19550323486328
353 19.1864013671875
354 20.297203063964844
355 19.991104125976563
356 20.12220001220703
357 20.858505249023438
358 20.67560577392578
359 19.829795837402344
360 20.230201721191406
361 19.83220672607422
362 20.95989990234375
363 20.809104919433594
364 21.915802001953125
365 23.83990478515625
366 20.722702026367188
367 19.11810302734375
368 21.389297485351563
369 21.18030548095703
370 21.6300048828125
371 20.094200134277344
372 20.352996826171875
373 22.954605102539063
374 21.645095825195313
375 20.631790161132813
376 19.99359893798828
377 21.810096740722656
378 21.86949920654297
379 19.489097595214844
380 22.49230194091797
381 21.04339599609375
382 21.0552978515625
383 22.100601196289063
384 22.169601440429688
385 21.636398315429688
386 22.430694580078125
387 21.65130615234375
388 21.9818115234375
389 21.836196899414063
390 23.234207153320313
391 22.343795776367188
392 22.014602661132813
393 23.88390350341797
394 21.98529815673828
395 21.979705810546875
396 24.44660186767578
397 21.00769805908203
398 23.345603942871094
399 23.37249755859375
400 24.926895141601563
401 23.19940948486328
402 22.047500610351563
403 19.966392517089844
404 21.253402709960938
405 20.246200561523438
406 22.062400817871094
407 19.34180450439453
408 20.441001892089844
409 20.439903259277344
410 21.86090087890625
411 23.207107543945313
412 20.277496337890625
413 21.68061065673828
414 19.77240753173828
415 19.06940460205078
416 17.643394470214844
417 20.949798583984375
418 20.104110717773438
419 21.372802734375
420 22.243698120117188
421 20.197593688964844
422 20.168106079101563
423 20.83679962158203
424 22.07550811767578
425 20.494102478027344
426 17.43830108642578
427 18.902305603027344
428 21.33269500732422
429 21.347999572753906
430 21.204002380371094
431 21.167098999023438
432 22.39600372314453
433 20.580001831054688
434 20.382598876953125
435 23.079803466796875
436 26.099098205566406
437 24.754302978515625
438 20.009498596191406
439 22.67919158935547
440 24.168594360351563
441 22.2666015625
442 22.24859619140625
443 21.747108459472656
444 22.62360382080078
445 22.52320098876953
446 22.613502502441406
447 21.756103515625
448 22.86859893798828
449 24.030296325683594
450 24.313400268554688
451 20.58049774169922
452 23.6134033203125
453 23.255393981933594
454 21.57939910888672
455 20.029197692871094
456 22.359298706054688
457 24.513504028320313
458 23.175506591796875
459 22.01520538330078
460 17.74480438232422
461 20.459503173828125
462 21.379104614257813
463 21.924209594726563
464 20.189002990722656
465 20.893600463867188
466 19.18610382080078
467 23.756103515625
468 24.489601135253906
469 24.812400817871094
470 23.992103576660156
471 23.24089813232422
472 23.617095947265625
473 23.512496948242188
474 22.21050262451172
475 21.92670440673828
476 21.05199432373047
477 18.556396484375
478 20.555503845214844
479 20.202003479003906
480 21.229598999023438
481 21.08770751953125
482 22.319793701171875
483 20.30999755859375
484 22.24669647216797
485 21.762794494628906
486 20.578903198242188
487 17.449806213378906
488 16.39250946044922
489 21.909210205078125
490 21.620201110839844
491 20.643898010253906
492 21.57049560546875
493 21.24280548095703
494 19.569198608398438
495 21.333900451660156
496 22.115798950195313
497 21.7864990234375
498 21.45861053466797
499 20.894004821777344
500 19.688003540039063
