0 38.13560485839844
1 38.13560485839844
2 37.084693908691406
3 39.351104736328125
4 38.85279846191406
5 35.16020965576172
6 37.46849822998047
7 34.658599853515625
8 40.210601806640625
9 39.70320129394531
10 37.465301513671875
11 38.181304931640625
12 36.51898956298828
13 35.313995361328125
14 38.41819763183594
15 35.91179656982422
16 32.248207092285156
17 30.463699340820313
18 30.407798767089844
19 33.174705505371094
20 31.431198120117188
21 32.666900634765625
22 32.06190490722656
23 30.939300537109375
24 31.57410430908203
25 31.03020477294922
26 29.944602966308594
27 30.97260284423828
28 30.28900909423828
29 33.49420166015625
30 31.420997619628906
31 30.514305114746094
32 30.960708618164063
33 30.551101684570313
34 30.402206420898438
35 29.12059783935547
36 30.268905639648438
37 29.38300323486328
38 31.368499755859375
39 28.867095947265625
40 27.401504516601563
41 31.18170166015625
42 29.05010223388672
43 28.776901245117188
44 29.57959747314453
45 29.746803283691406
46 28.5260009765625
47 29.439193725585938
48 30.566802978515625
49 30.31690216064453
50 30.529197692871094
51 28.57469940185547
52 28.52790069580078
53 27.89940643310547
54 31.015907287597656
55 31.003395080566406
56 30.51079559326172
57 30.943603515625
58 30.751304626464844
59 30.732101440429688
60 28.967201232910156
61 30.59819793701172
62 31.002609252929688
63 31.20000457763672
64 29.772605895996094
65 31.163902282714844
66 30.8489990234375
67 31.888504028320313
68 29.59020233154297
69 30.239898681640625
70 31.236602783203125
71 27.95079803466797
72 27.717201232910156
73 28.791603088378906
74 30.094802856445313
75 29.923805236816406
76 29.15351104736328
77 29.998390197753906
78 29.835006713867188
79 29.18059539794922
80 29.8031005859375
81 30.897201538085938
82 30.415496826171875
83 28.317901611328125
84 29.627792358398438
85 29.852203369140625
86 31.228599548339844
87 31.31389617919922
88 30.77660369873047
89 30.824905395507813
90 28.729598999023438
91 28.513099670410156
92 28.389602661132813
93 29.965003967285156
94 29.7344970703125
95 28.872207641601563
96 27.803207397460938
97 29.263198852539063
98 29.207603454589844
99 29.758804321289063
100 31.643905639648438
101 32.30860137939453
102 33.70270538330078
103 31.67749786376953
104 34.33770751953125
105 31.861106872558594
106 32.06010437011719
107 35.77720642089844
108 33.007301330566406
109 33.52960205078125
110 31.247596740722656
111 33.55450439453125
112 32.49150085449219
113 32.26849365234375
114 31.324600219726563
115 31.85820770263672
116 30.026695251464844
117 28.958602905273438
118 29.021102905273438
119 28.04509735107422
120 29.48180389404297
121 29.12720489501953
122 29.515892028808594
123 30.3822021484375
124 30.70270538330078
125 28.596900939941406
126 32.368804931640625
127 30.358001708984375
128 32.839202880859375
129 30.700096130371094
130 29.231903076171875
131 30.038902282714844
132 31.886497497558594
133 31.162002563476563
134 31.042503356933594
135 30.535903930664063
136 30.25910186767578
137 29.447402954101563
138 28.65050506591797
139 32.15929412841797
140 31.497398376464844
141 31.89080047607422
142 31.427101135253906
143 33.38690185546875
144 32.102806091308594
145 32.18329620361328
146 30.79650115966797
147 31.971405029296875
148 30.07160186767578
149 31.987098693847656
150 32.55659484863281
151 32.331298828125
152 31.699005126953125
153 30.749298095703125
154 28.864601135253906
155 30.104698181152344
156 29.961502075195313
157 29.54340362548828
158 29.306297302246094
159 28.100906372070313
160 31.975906372070313
161 29.08660125732422
162 29.274307250976563
163 27.694305419921875
164 30.485397338867188
165 28.59850311279297
166 32.328102111816406
167 30.02080535888672
168 31.455101013183594
169 31.013092041015625
170 33.470802307128906
171 33.662803649902344
172 31.713302612304688
173 33.17359924316406
174 29.177711486816406
175 29.173301696777344
176 28.814300537109375
177 30.628196716308594
178 30.711105346679688
179 30.569107055664063
180 27.666603088378906
181 29.939407348632813
182 29.839202880859375
183 29.55370330810547
184 28.5072021484375
185 29.43579864501953
186 30.309303283691406
187 31.02869415283203
188 30.901901245117188
189 27.707809448242188
190 28.406402587890625
191 27.439895629882813
192 27.993408203125
193 25.84850311279297
194 27.580291748046875
195 29.226608276367188
196 28.107101440429688
197 28.85320281982422
198 27.91820526123047
199 29.220001220703125
200 30.47039794921875
201 30.31529998779297
202 29.89800262451172
203 30.357093811035156
204 30.414703369140625
205 30.207595825195313
206 29.603111267089844
207 27.947296142578125
208 29.045700073242188
209 31.31529998779297
210 30.085098266601563
211 30.36510467529297
212 31.145095825195313
213 28.996002197265625
214 31.377403259277344
215 30.165794372558594
216 27.762603759765625
217 30.196998596191406
218 31.081008911132813
219 28.785606384277344
220 28.385498046875
221 28.1134033203125
222 30.194297790527344
223 28.905906677246094
224 30.152496337890625
225 27.932601928710938
226 28.44550323486328
227 27.58080291748047
228 27.573097229003906
229 29.48200225830078
230 29.02069854736328
231 28.46489715576172
232 28.31110382080078
233 28.62220001220703
234 30.04070281982422
235 26.082000732421875
236 29.748001098632813
237 27.05559539794922
238 29.80559539794922
239 28.724807739257813
240 29.87000274658203
241 28.905906677246094
242 29.90399932861328
243 29.23980712890625
244 31.058998107910156
245 30.55670166015625
246 30.16100311279297
247 29.108505249023438
248 29.871994018554688
249 30.404808044433594
250 26.894699096679688
251 29.181304931640625
252 30.582603454589844
253 28.02849578857422
254 27.697708129882813
255 29.332504272460938
256 27.97840118408203
257 29.260902404785156
258 28.507102966308594
259 30.135101318359375
260 28.618194580078125
261 29.817306518554688
262 28.263595581054688
263 29.358505249023438
264 28.83770751953125
265 27.913101196289063
266 28.92479705810547
267 27.99919891357422
268 26.071395874023438
269 29.247406005859375
270 28.82269287109375
271 27.90179443359375
272 29.163307189941406
273 29.4541015625
274 27.561607360839844
275 26.505996704101563
276 27.021095275878906
277 28.741905212402344
278 27.656097412109375
279 26.944000244140625
280 27.07080078125
281 27.498695373535156
282 27.00029754638672
283 27.262611389160156
284 26.863601684570313
285 27.073707580566406
286 25.944808959960938
287 25.275497436523438
288 26.00830841064453
289 29.173507690429688
290 29.154708862304688
291 27.41950225830078
292 26.21710205078125
293 27.28740692138672
294 26.278907775878906
295 26.60039520263672
296 28.487892150878906
297 27.551605224609375
298 28.01250457763672
299 26.8739013671875
300 25.854293823242188
301 28.085304260253906
302 27.245101928710938
303 28.263107299804688
304 29.096710205078125
305 28.00969696044922
306 30.68230438232422
307 26.92669677734375
308 29.835403442382813
309 29.005393981933594
310 28.055999755859375
311 28.600006103515625
312 30.22760009765625
313 30.41889190673828
314 29.15960693359375
315 28.49920654296875
316 28.02269744873047
317 27.67009735107422
318 27.288497924804688
319 28.660995483398438
320 29.13060760498047
321 28.736900329589844
322 28.951499938964844
323 27.54010009765625
324 27.668106079101563
325 28.79320526123047
326 27.647201538085938
327 28.46929168701172
328 27.692405700683594
329 30.10509490966797
330 29.637100219726563
331 29.03020477294922
332 29.107498168945313
333 29.198104858398438
334 30.800796508789063
335 30.433700561523438
336 28.25031280517578
337 27.236305236816406
338 30.13800048828125
339 29.80480194091797
340 29.522903442382813
341 29.183303833007813
342 27.85570526123047
343 26.06879425048828
344 25.725807189941406
345 25.65599822998047
346 26.6614990234375
347 26.67279815673828
348 26.221595764160156
349 26.88719940185547
350 27.525802612304688
351 26.144996643066406
352 26.235504150390625
353 25.926406860351563
354 26.907196044921875
355 28.5111083984375
356 28.842201232910156
357 28.618507385253906
358 28.1256103515625
359 26.129798889160156
360 28.76020050048828
361 27.722206115722656
362 28.88990020751953
363 28.43909454345703
364 28.985809326171875
365 30.349899291992188
366 28.252700805664063
367 27.4281005859375
368 27.809303283691406
369 28.12029266357422
370 29.0
371 29.144195556640625
372 28.793006896972656
373 29.53459930419922
374 28.685104370117188
375 28.541793823242188
376 28.223594665527344
377 28.65009307861328
378 30.66950225830078
379 27.689109802246094
380 29.87230682373047
381 29.073402404785156
382 28.3153076171875
383 29.070602416992188
384 29.419601440429688
385 28.226402282714844
386 28.27069854736328
387 27.2113037109375
388 27.071807861328125
389 27.47620391845703
390 28.24420166015625
391 29.13379669189453
392 27.34459686279297
393 28.25389862060547
394 27.395301818847656
395 27.219703674316406
396 29.096603393554688
397 25.95769500732422
398 27.905593872070313
399 27.43250274658203
400 28.786903381347656
401 27.19940185546875
402 28.37751007080078
403 26.346397399902344
404 26.74340057373047
405 27.336204528808594
406 28.16240692138672
407 26.071800231933594
408 27.881004333496094
409 27.82990264892578
410 28.270896911621094
411 29.64710235595703
412 26.99749755859375
413 28.030601501464844
414 27.442398071289063
415 26.359397888183594
416 24.513397216796875
417 27.1697998046875
418 26.624099731445313
419 27.632797241210938
420 28.823699951171875
421 27.77759552001953
422 27.888099670410156
423 28.176795959472656
424 30.115501403808594
425 29.314102172851563
426 26.56830596923828
427 26.562301635742188
428 28.492698669433594
429 28.928001403808594
430 29.083999633789063
431 27.937103271484375
432 29.665992736816406
433 29.48999786376953
434 27.682601928710938
435 28.899795532226563
436 30.64910125732422
437 29.614303588867188
438 26.719497680664063
439 28.56920623779297
440 29.93860626220703
441 28.38660430908203
442 27.218597412109375
443 27.84709930419922
444 28.393600463867188
445 27.46319580078125
446 27.973495483398438
447 27.546096801757813
448 28.588607788085938
449 28.410293579101563
450 28.283401489257813
451 27.550498962402344
452 29.41339874267578
453 29.77539825439453
454 29.119400024414063
455 27.44921112060547
456 29.21929931640625
457 29.293502807617188
458 29.09551239013672
459 26.625198364257813
460 25.654800415039063
461 25.899497985839844
462 27.7091064453125
463 26.474205017089844
464 25.569000244140625
465 25.49359893798828
466 25.606109619140625
467 27.1260986328125
468 29.489601135253906
469 29.8323974609375
470 28.732101440429688
471 28.49089813232422
472 28.727096557617188
473 28.042503356933594
474 28.010498046875
475 27.75670623779297
476 27.972000122070313
477 25.87639617919922
478 27.20550537109375
479 26.37200164794922
480 26.739593505859375
481 27.007705688476563
482 27.61980438232422
483 26.110000610351563
484 28.776695251464844
485 28.93280029296875
486 27.56890106201172
487 26.869796752929688
488 26.43250274658203
489 29.449203491210938
490 29.300201416015625
491 28.923904418945313
492 29.07049560546875
493 29.022804260253906
494 27.129196166992188
495 27.73389434814453
496 29.785797119140625
497 28.41649627685547
498 28.398597717285156
499 27.513999938964844
500 27.038002014160156
