0 33.80560302734375
1 33.80559539794922
2 35.77470397949219
3 36.86109924316406
4 34.36279296875
5 30.220199584960938
6 32.47850799560547
7 29.87860107421875
8 35.18060302734375
9 34.193206787109375
10 33.04529571533203
11 30.571304321289063
12 31.10900115966797
13 27.554000854492188
14 28.438194274902344
15 26.171798706054688
16 23.28820037841797
17 20.253700256347656
18 22.44780731201172
19 25.664703369140625
20 25.80120086669922
21 26.306900024414063
22 25.161903381347656
23 23.869300842285156
24 25.114097595214844
25 23.990196228027344
26 23.384605407714844
27 24.802597045898438
28 24.59900665283203
29 28.964202880859375
30 26.89099884033203
31 26.21430206298828
32 26.800704956054688
33 26.82109832763672
34 26.792205810546875
35 25.56060028076172
36 25.718902587890625
37 24.9530029296875
38 26.068504333496094
39 23.33710479736328
40 23.561508178710938
41 26.041702270507813
42 24.28009796142578
43 24.976898193359375
44 26.39960479736328
45 27.006797790527344
46 24.46600341796875
47 24.41919708251953
48 24.496803283691406
49 25.336898803710938
50 24.87920379638672
51 22.75469970703125
52 23.487899780273438
53 22.989402770996094
54 24.905906677246094
55 24.463401794433594
56 23.4407958984375
57 24.62359619140625
58 25.181304931640625
59 25.242103576660156
60 25.44719696044922
61 26.078201293945313
62 26.74260711669922
63 26.75000762939453
64 26.382598876953125
65 27.49390411376953
66 25.879005432128906
67 27.46849822998047
68 24.600204467773438
69 25.479904174804688
70 28.716598510742188
71 26.710800170898438
72 26.037200927734375
73 25.591598510742188
74 25.0447998046875
75 25.233795166015625
76 23.543502807617188
77 24.28839111328125
78 24.785003662109375
79 22.960601806640625
80 25.3031005859375
81 25.457199096679688
82 24.88550567626953
83 22.97789764404297
84 25.087799072265625
85 25.402206420898438
86 26.31859588623047
87 26.793899536132813
88 24.816604614257813
89 25.364898681640625
90 24.389602661132813
91 24.5531005859375
92 23.309600830078125
93 24.285003662109375
94 24.224502563476563
95 23.962203979492188
96 23.9031982421875
97 24.203201293945313
98 23.40760040283203
99 25.58880615234375
100 24.50389862060547
101 24.798606872558594
102 25.122703552246094
103 25.897499084472656
104 26.797698974609375
105 24.421096801757813
106 25.050094604492188
107 28.267196655273438
108 27.90729522705078
109 27.609603881835938
110 24.60759735107422
111 28.084503173828125
112 27.681503295898438
113 27.02850341796875
114 27.91460418701172
115 25.688201904296875
116 24.646697998046875
117 23.44860076904297
118 23.651100158691406
119 23.265106201171875
120 24.14179229736328
121 22.5072021484375
122 23.815895080566406
123 25.612205505371094
124 25.70270538330078
125 25.01690673828125
126 28.38880157470703
127 25.647994995117188
128 25.699203491210938
129 25.740097045898438
130 24.791900634765625
131 26.208908081054688
132 26.7864990234375
133 25.06200408935547
134 24.95250701904297
135 24.025901794433594
136 24.38910675048828
137 22.90740203857422
138 23.240501403808594
139 24.549301147460938
140 25.007400512695313
141 25.39080047607422
142 24.267105102539063
143 26.096900939941406
144 25.63280487060547
145 24.593299865722656
146 24.03650665283203
147 25.62139892578125
148 23.431602478027344
149 24.377105712890625
150 24.226600646972656
151 25.52130126953125
152 24.65899658203125
153 23.3992919921875
154 21.074600219726563
155 22.144699096679688
156 23.22150421142578
157 22.9833984375
158 22.036300659179688
159 20.390907287597656
160 22.835899353027344
161 21.846603393554688
162 21.254302978515625
163 17.694297790527344
164 19.96540069580078
165 19.26850128173828
166 22.638099670410156
167 21.930801391601563
168 23.40509796142578
169 20.783096313476563
170 24.19080352783203
171 24.662796020507813
172 24.803298950195313
173 26.793601989746094
174 21.75769805908203
175 22.33330535888672
176 22.60430145263672
177 23.628196716308594
178 23.12110137939453
179 23.189102172851563
180 19.44660186767578
181 21.57939910888672
182 22.06920623779297
183 22.113693237304688
184 20.597206115722656
185 22.835800170898438
186 22.369300842285156
187 23.34870147705078
188 23.301902770996094
189 19.12779998779297
190 19.896400451660156
191 20.15990447998047
192 19.92340850830078
193 17.418495178222656
194 19.75029754638672
195 20.616607666015625
196 20.927108764648438
197 20.243202209472656
198 17.34820556640625
199 20.850006103515625
200 22.170394897460938
201 22.48529815673828
202 23.248001098632813
203 21.917098999023438
204 22.9447021484375
205 22.307594299316406
206 20.783103942871094
207 19.627304077148438
208 21.125701904296875
209 23.395301818847656
210 22.205093383789063
211 20.875099182128906
212 22.91510009765625
213 21.76599884033203
214 23.9674072265625
215 22.39580535888672
216 20.0426025390625
217 21.586997985839844
218 23.311004638671875
219 21.62560272216797
220 22.2655029296875
221 21.273406982421875
222 23.084304809570313
223 21.98590087890625
224 22.222496032714844
225 20.16260528564453
226 20.775497436523438
227 20.790802001953125
228 20.653106689453125
229 21.702003479003906
230 21.610694885253906
231 20.854904174804688
232 21.261093139648438
233 19.242202758789063
234 22.29070281982422
235 18.16199493408203
236 21.728004455566406
237 19.60559844970703
238 21.36559295654297
239 22.12480926513672
240 23.60999298095703
241 23.2958984375
242 23.093994140625
243 23.449798583984375
244 25.548995971679688
245 24.276695251464844
246 23.740997314453125
247 24.008506774902344
248 23.582000732421875
249 22.73480224609375
250 20.51470184326172
251 21.78130340576172
252 24.312606811523438
253 20.14849853515625
254 18.847702026367188
255 20.522499084472656
256 21.128395080566406
257 21.510910034179688
258 19.737098693847656
259 21.625106811523438
260 21.198204040527344
261 23.277305603027344
262 21.583595275878906
263 20.058502197265625
264 22.037704467773438
265 22.133102416992188
266 22.554794311523438
267 23.329200744628906
268 20.921401977539063
269 24.677398681640625
270 24.602699279785156
271 22.451797485351563
272 22.7532958984375
273 23.904098510742188
274 22.45159912109375
275 22.5159912109375
276 23.361106872558594
277 23.661895751953125
278 24.01610565185547
279 21.91399383544922
280 22.170791625976563
281 22.198699951171875
282 23.020301818847656
283 22.30260467529297
284 23.203598022460938
285 24.35370635986328
286 22.80480194091797
287 21.975494384765625
288 22.468299865722656
289 24.453506469726563
290 23.50469970703125
291 23.11949920654297
292 21.70709991455078
293 23.52740478515625
294 21.04889678955078
295 22.16039276123047
296 22.16790008544922
297 21.65160369873047
298 22.00251007080078
299 21.203895568847656
300 19.934295654296875
301 22.325294494628906
302 21.67510223388672
303 22.93310546875
304 23.346694946289063
305 22.619705200195313
306 24.582298278808594
307 22.576705932617188
308 24.765403747558594
309 23.375396728515625
310 22.055999755859375
311 21.06000518798828
312 25.397605895996094
313 25.518898010253906
314 24.03960418701172
315 24.17919921875
316 22.47270965576172
317 21.60010528564453
318 21.318496704101563
319 22.861000061035156
320 23.710609436035156
321 23.406906127929688
322 23.461502075195313
323 21.270095825195313
324 22.038101196289063
325 21.813201904296875
326 20.93720245361328
327 20.749298095703125
328 23.232398986816406
329 23.685104370117188
330 23.867095947265625
331 23.610191345214844
332 25.44750213623047
333 24.73809814453125
334 25.88079833984375
335 24.153701782226563
336 22.600303649902344
337 21.296302795410156
338 24.468002319335938
339 24.384803771972656
340 23.03290557861328
341 25.533302307128906
342 24.165695190429688
343 21.598800659179688
344 20.875808715820313
345 21.795997619628906
346 21.701492309570313
347 21.0028076171875
348 20.301597595214844
349 20.88719940185547
350 20.845802307128906
351 19.75499725341797
352 20.495498657226563
353 20.596405029296875
354 21.88719940185547
355 24.151100158691406
356 24.26219940185547
357 23.498504638671875
358 21.595611572265625
359 20.459800720214844
360 23.410202026367188
361 21.112205505371094
362 21.809898376464844
363 21.26909637451172
364 24.315811157226563
365 23.57990264892578
366 23.672698974609375
367 21.568099975585938
368 22.149307250976563
369 23.63030242919922
370 23.44000244140625
371 24.574203491210938
372 23.063003540039063
373 23.374603271484375
374 21.48509979248047
375 22.011795043945313
376 22.43360137939453
377 23.400100708007813
378 25.91949462890625
379 22.96910858154297
380 24.49230194091797
381 25.18340301513672
382 22.24530029296875
383 24.94060516357422
384 24.609603881835938
385 22.086395263671875
386 21.930702209472656
387 20.27130126953125
388 20.141807556152344
389 21.146194458007813
390 22.67420196533203
391 21.843795776367188
392 21.624603271484375
393 22.913902282714844
394 20.795303344726563
395 20.909698486328125
396 23.116607666015625
397 19.307693481445313
398 20.635597229003906
399 20.332504272460938
400 20.31690216064453
401 19.94940185546875
402 21.62750244140625
403 19.4364013671875
404 21.013397216796875
405 20.766197204589844
406 21.422393798828125
407 21.191802978515625
408 23.951011657714844
409 23.679901123046875
410 22.590896606445313
411 24.127105712890625
412 22.207496643066406
413 20.81060028076172
414 20.422401428222656
415 20.419403076171875
416 17.833396911621094
417 19.829795837402344
418 20.694107055664063
419 21.532798767089844
420 22.523696899414063
421 22.15760040283203
422 22.078109741210938
423 21.636795043945313
424 25.985504150390625
425 23.934097290039063
426 23.028305053710938
427 22.002296447753906
428 22.062698364257813
429 21.777999877929688
430 22.883995056152344
431 21.957107543945313
432 23.65599822998047
433 23.209999084472656
434 22.322601318359375
435 23.079803466796875
436 24.309104919433594
437 23.79430389404297
438 22.409500122070313
439 23.529197692871094
440 24.828598022460938
441 22.566604614257813
442 22.288597106933594
443 22.497108459472656
444 23.75360870361328
445 22.733200073242188
446 23.14350128173828
447 21.106101989746094
448 22.368606567382813
449 21.460296630859375
450 21.29340362548828
451 20.71050262451172
452 21.72339630126953
453 23.895401000976563
454 23.639404296875
455 22.399208068847656
456 23.249298095703125
457 23.103500366210938
458 23.055503845214844
459 21.435203552246094
460 20.204795837402344
461 20.17950439453125
462 22.059104919433594
463 22.084205627441406
464 19.708999633789063
465 20.613601684570313
466 19.656105041503906
467 22.25609588623047
468 25.65959930419922
469 24.572402954101563
470 23.302101135253906
471 22.92089080810547
472 22.02709197998047
473 21.00250244140625
474 22.090499877929688
475 21.516700744628906
476 22.281997680664063
477 20.476402282714844
478 21.94550323486328
479 21.192001342773438
480 20.589599609375
481 20.487701416015625
482 19.559791564941406
483 21.389999389648438
484 23.476699829101563
485 22.592796325683594
486 21.60889434814453
487 21.27979278564453
488 21.152503967285156
489 24.899200439453125
490 23.95020294189453
491 23.763893127441406
492 24.530502319335938
493 24.692794799804688
494 22.069198608398438
495 21.383895874023438
496 24.235794067382813
497 22.67650604248047
498 23.43860626220703
499 22.684005737304688
500 21.83800506591797
