0 33.475608825683594
1 33.47560119628906
2 34.80470275878906
3 34.531105041503906
4 31.032798767089844
5 27.170196533203125
6 29.378501892089844
7 28.79859161376953
8 32.210601806640625
9 32.76319885253906
10 30.525299072265625
11 29.791305541992188
12 31.358993530273438
13 28.423995971679688
14 28.14820098876953
15 26.931800842285156
16 22.58819580078125
17 20.34369659423828
18 21.80780792236328
19 23.75469970703125
20 23.401199340820313
21 23.356903076171875
22 21.671905517578125
23 21.28929901123047
24 22.0740966796875
25 21.27020263671875
26 20.684608459472656
27 22.302597045898438
28 22.65900421142578
29 25.86419677734375
30 23.611000061035156
31 22.374305725097656
32 22.71070098876953
33 22.991104125976563
34 22.852203369140625
35 22.230606079101563
36 22.638900756835938
37 21.77301025390625
38 22.808502197265625
39 20.877098083496094
40 20.221511840820313
41 23.101699829101563
42 21.140098571777344
43 20.626907348632813
44 21.59960174560547
45 21.97679901123047
46 21.136001586914063
47 21.479202270507813
48 21.366806030273438
49 22.036903381347656
50 21.42919921875
51 19.734703063964844
52 20.28790283203125
53 19.089401245117188
54 21.36590576171875
55 22.04340362548828
56 21.090797424316406
57 21.37360382080078
58 21.89129638671875
59 21.47209930419922
60 20.977203369140625
61 21.828201293945313
62 22.522605895996094
63 23.400001525878906
64 22.372596740722656
65 23.223907470703125
66 22.21900177001953
67 24.71849822998047
68 21.590194702148438
69 21.83989715576172
70 24.116600036621094
71 22.650802612304688
72 21.44720458984375
73 21.651596069335938
74 21.574798583984375
75 21.693801879882813
76 20.433502197265625
77 20.54839324951172
78 20.965003967285156
79 19.750595092773438
80 21.37310028076172
81 21.56719970703125
82 20.935501098632813
83 20.127899169921875
84 21.577804565429688
85 21.652206420898438
86 22.588592529296875
87 22.223899841308594
88 21.026596069335938
89 21.994895935058594
90 21.089599609375
91 21.073104858398438
92 19.539596557617188
93 21.204994201660156
94 21.214500427246094
95 20.07220458984375
96 20.47319793701172
97 21.253204345703125
98 20.127601623535156
99 21.63880157470703
100 20.953903198242188
101 21.88860321044922
102 22.482704162597656
103 22.177505493164063
104 23.697708129882813
105 21.541099548339844
106 22.470108032226563
107 25.767196655273438
108 24.91729736328125
109 24.339599609375
110 21.84759521484375
111 24.774497985839844
112 24.341506958007813
113 23.51849365234375
114 23.164596557617188
115 22.138206481933594
116 21.336708068847656
117 19.6885986328125
118 20.051101684570313
119 18.685104370117188
120 19.53179931640625
121 18.827194213867188
122 20.005905151367188
123 21.31220245361328
124 21.862701416015625
125 20.7069091796875
126 23.948806762695313
127 21.608001708984375
128 22.409202575683594
129 21.760093688964844
130 20.661895751953125
131 21.87889862060547
132 22.79650115966797
133 21.98199462890625
134 22.81250762939453
135 22.24590301513672
136 21.309097290039063
137 20.197402954101563
138 20.20050048828125
139 22.279296875
140 22.507400512695313
141 22.780807495117188
142 21.34710693359375
143 23.38690185546875
144 23.722801208496094
145 22.923301696777344
146 21.696502685546875
147 22.981399536132813
148 20.431602478027344
149 21.71709442138672
150 21.866600036621094
151 23.671302795410156
152 21.839004516601563
153 21.09930419921875
154 18.684600830078125
155 20.05469512939453
156 20.41150665283203
157 20.313400268554688
158 19.656295776367188
159 18.790908813476563
160 21.11589813232422
161 20.0166015625
162 19.564300537109375
163 17.08429718017578
164 19.785400390625
165 19.46849822998047
166 21.698104858398438
167 20.170799255371094
168 21.525100708007813
169 19.133102416992188
170 22.850799560546875
171 22.952804565429688
172 21.863304138183594
173 24.153602600097656
174 18.57770538330078
175 19.423301696777344
176 19.574302673339844
177 20.168197631835938
178 20.851104736328125
179 20.51910400390625
180 17.476600646972656
181 19.7593994140625
182 19.949203491210938
183 19.703704833984375
184 17.907203674316406
185 19.8157958984375
186 19.989295959472656
187 20.768692016601563
188 20.8218994140625
189 17.577804565429688
190 18.06640625
191 17.46990203857422
192 18.3634033203125
193 16.248497009277344
194 18.480300903320313
195 19.236602783203125
196 19.267105102539063
197 19.013206481933594
198 16.738204956054688
199 19.8800048828125
200 20.250404357910156
201 20.25530242919922
202 20.907997131347656
203 21.45709991455078
204 21.7047119140625
205 20.1676025390625
206 18.953102111816406
207 18.197296142578125
208 20.435699462890625
209 22.435302734375
210 21.685096740722656
211 21.075096130371094
212 21.84510040283203
213 20.796005249023438
214 22.747406005859375
215 21.035804748535156
216 18.992599487304688
217 20.5570068359375
218 22.02100372314453
219 20.695602416992188
220 20.335494995117188
221 19.583404541015625
222 21.2843017578125
223 20.645904541015625
224 21.232498168945313
225 18.672607421875
226 19.89550018310547
227 19.51079559326172
228 20.50310516357422
229 20.912010192871094
230 22.08069610595703
231 19.804901123046875
232 19.671096801757813
233 19.332199096679688
234 20.84070587158203
235 17.712005615234375
236 20.367996215820313
237 18.92559814453125
238 20.095596313476563
239 20.254806518554688
240 22.160003662109375
241 21.085899353027344
242 22.994003295898438
243 22.709793090820313
244 24.52899932861328
245 23.076698303222656
246 21.91100311279297
247 21.64850616455078
248 22.102005004882813
249 22.274803161621094
250 19.974700927734375
251 20.741302490234375
252 23.332603454589844
253 19.96849822998047
254 18.397705078125
255 20.24250030517578
256 21.018402099609375
257 21.630905151367188
258 19.03710174560547
259 20.79510498046875
260 20.188201904296875
261 21.42729949951172
262 20.573593139648438
263 19.598495483398438
264 20.747703552246094
265 20.04309844970703
266 20.114791870117188
267 21.009201049804688
268 19.071395874023438
269 22.547401428222656
270 21.57270050048828
271 19.611801147460938
272 20.593299865722656
273 22.104103088378906
274 20.08160400390625
275 20.356002807617188
276 20.44110107421875
277 21.27190399169922
278 20.93610382080078
279 20.003997802734375
280 20.430801391601563
281 19.998695373535156
282 21.1903076171875
283 20.072601318359375
284 20.87359619140625
285 21.42369842529297
286 20.444801330566406
287 19.805496215820313
288 20.06830596923828
289 22.043502807617188
290 21.174705505371094
291 20.399497985839844
292 19.607101440429688
293 20.757408142089844
294 18.36890411376953
295 18.440399169921875
296 19.377906799316406
297 18.78160858154297
298 19.37250518798828
299 19.05389404296875
300 18.374298095703125
301 20.17530059814453
302 20.03509521484375
303 21.25310516357422
304 21.346702575683594
305 20.719703674316406
306 22.74230194091797
307 20.896697998046875
308 22.525405883789063
309 21.615402221679688
310 19.95600128173828
311 19.800010681152344
312 24.007606506347656
313 23.658897399902344
314 21.7196044921875
315 22.0592041015625
316 21.432701110839844
317 20.010101318359375
318 20.158493041992188
319 20.6510009765625
320 21.640609741210938
321 21.76689910888672
322 21.41150665283203
323 19.070098876953125
324 19.56810760498047
325 19.363204956054688
326 18.627197265625
327 17.84929656982422
328 20.852401733398438
329 21.015106201171875
330 21.777099609375
331 20.5802001953125
332 22.37750244140625
333 22.54810333251953
334 23.230796813964844
335 21.93370819091797
336 19.950302124023438
337 19.46630096435547
338 21.897994995117188
339 21.73480224609375
340 21.152908325195313
341 22.143295288085938
342 20.605697631835938
343 18.82879638671875
344 18.665802001953125
345 19.675994873046875
346 19.181495666503906
347 19.202804565429688
348 18.15160369873047
349 18.94720458984375
350 19.155807495117188
351 18.2550048828125
352 19.115493774414063
353 19.046401977539063
354 20.047195434570313
355 21.991104125976563
356 21.8822021484375
357 21.07849884033203
358 20.155609130859375
359 18.019798278808594
360 21.89019775390625
361 20.362205505371094
362 20.39990234375
363 19.979103088378906
364 22.165802001953125
365 21.429901123046875
366 22.162704467773438
367 21.05810546875
368 19.939300537109375
369 20.780303955078125
370 21.709999084472656
371 22.99420166015625
372 21.472999572753906
373 21.984603881835938
374 20.685104370117188
375 20.621795654296875
376 20.51360321044922
377 20.940093994140625
378 23.039505004882813
379 21.419105529785156
380 22.152297973632813
381 22.663406372070313
382 20.905303955078125
383 21.320594787597656
384 21.689598083496094
385 19.646392822265625
386 19.53069305419922
387 18.83130645751953
388 18.02179718017578
389 18.586204528808594
390 19.584197998046875
391 20.15380096435547
392 18.074600219726563
393 20.033897399902344
394 18.075294494628906
395 18.44969940185547
396 20.27660369873047
397 17.157699584960938
398 18.255599975585938
399 17.732498168945313
400 18.546897888183594
401 17.469406127929688
402 19.167503356933594
403 18.526397705078125
404 18.063400268554688
405 19.196205139160156
406 18.95240020751953
407 18.85179901123047
408 21.09100341796875
409 21.01990509033203
410 20.680892944335938
411 21.447097778320313
412 19.047500610351563
413 19.650611877441406
414 19.78240203857422
415 18.489402770996094
416 16.643402099609375
417 18.79979705810547
418 18.484100341796875
419 19.592796325683594
420 20.303695678710938
421 19.65760040283203
422 20.898109436035156
423 20.3468017578125
424 23.805503845214844
425 22.19409942626953
426 20.81829833984375
427 20.99230194091797
428 19.71269989013672
429 21.06800079345703
430 22.063995361328125
431 19.84709930419922
432 21.78600311279297
433 21.8699951171875
434 20.572601318359375
435 20.72980499267578
436 22.219093322753906
437 21.244300842285156
438 19.3594970703125
439 20.339195251464844
440 21.918601989746094
441 20.7666015625
442 18.828598022460938
443 19.66710662841797
444 20.483604431152344
445 20.323196411132813
446 20.503501892089844
447 19.24610137939453
448 20.07860565185547
449 18.730300903320313
450 19.183395385742188
451 19.840499877929688
452 19.593399047851563
453 21.005401611328125
454 21.679405212402344
455 19.56920623779297
456 20.53929901123047
457 20.843505859375
458 20.315505981445313
459 18.805198669433594
460 18.17479705810547
461 17.779502868652344
462 19.32910919189453
463 18.61420440673828
464 16.91899871826172
465 17.99359893798828
466 16.986099243164063
467 19.206092834472656
468 22.13959503173828
469 22.102401733398438
470 20.632095336914063
471 19.98089599609375
472 19.687103271484375
473 18.75250244140625
474 20.090492248535156
475 19.396705627441406
476 21.021995544433594
477 19.216392517089844
478 19.39550018310547
479 18.572006225585938
480 18.89960479736328
481 18.547706604003906
482 17.61980438232422
483 19.069992065429688
484 20.93669891357422
485 20.632797241210938
486 20.05889892578125
487 20.079795837402344
488 20.25250244140625
489 23.069198608398438
490 21.90019989013672
491 21.50389862060547
492 21.920501708984375
493 22.25279998779297
494 19.269195556640625
495 18.793899536132813
496 20.715789794921875
497 18.936500549316406
498 20.538604736328125
499 19.933998107910156
500 19.628005981445313
