0 23.735610961914063
1 23.73560333251953
2 22.794700622558594
3 24.041107177734375
4 25.092796325683594
5 20.3302001953125
6 23.178504943847656
7 20.1885986328125
8 24.780593872070313
9 24.1531982421875
10 22.605300903320313
11 23.731307983398438
12 22.138999938964844
13 21.843994140625
14 24.77819061279297
15 21.91180419921875
16 20.948204040527344
17 18.16370391845703
18 17.697799682617188
19 19.294700622558594
20 17.17119598388672
21 18.63690185546875
22 19.801902770996094
23 16.84929656982422
24 18.58409881591797
25 17.84020233154297
26 16.484603881835938
27 16.47259521484375
28 15.819000244140625
29 19.234207153320313
30 16.4010009765625
31 16.524307250976563
32 16.59070587158203
33 15.941093444824219
34 15.502197265625
35 14.260604858398438
36 15.608901977539063
37 14.803001403808594
38 16.44849395751953
39 14.427093505859375
40 13.23150634765625
41 16.171707153320313
42 14.930091857910156
43 14.866897583007813
44 16.189605712890625
45 16.386802673339844
46 14.606002807617188
47 14.519195556640625
48 15.826805114746094
49 15.346908569335938
50 16.579208374023438
51 13.544700622558594
52 14.747901916503906
53 13.989410400390625
54 17.005905151367188
55 16.453399658203125
56 15.970794677734375
57 17.13360595703125
58 16.2113037109375
59 17.622100830078125
60 15.607200622558594
61 17.378204345703125
62 16.80260467529297
63 16.73999786376953
64 15.522605895996094
65 17.92389678955078
66 17.308998107910156
67 17.288497924804688
68 15.970207214355469
69 16.14989471435547
70 16.086593627929688
71 12.870796203613281
72 12.857192993164063
73 15.101600646972656
74 15.064796447753906
75 15.283798217773438
76 15.543510437011719
77 16.328399658203125
78 17.215003967285156
79 16.140594482421875
80 16.173095703125
81 17.31719970703125
82 16.485504150390625
83 13.717903137207031
84 15.017799377441406
85 15.742202758789063
86 17.328598022460938
87 18.293899536132813
88 17.196609497070313
89 15.794898986816406
90 15.519599914550781
91 13.713104248046875
92 13.64959716796875
93 15.865005493164063
94 15.474502563476563
95 14.962196350097656
96 13.773193359375
97 15.233200073242188
98 14.78759765625
99 14.758804321289063
100 18.133895874023438
101 19.078598022460938
102 20.51270294189453
103 17.727500915527344
104 20.287704467773438
105 17.961097717285156
106 19.570106506347656
107 22.917198181152344
108 19.23729705810547
109 20.319602966308594
110 18.257598876953125
111 19.384506225585938
112 18.331497192382813
113 19.21849822998047
114 17.08460235595703
115 18.128204345703125
116 16.476707458496094
117 15.208602905273438
118 15.511100769042969
119 15.875099182128906
120 17.72179412841797
121 16.417205810546875
122 17.145896911621094
123 17.372207641601563
124 16.872695922851563
125 15.656906127929688
126 19.71880340576172
127 17.917999267578125
128 19.5491943359375
129 17.950103759765625
130 16.471900939941406
131 17.788902282714844
132 17.986495971679688
133 17.121994018554688
134 16.772506713867188
135 16.04590606689453
136 16.06909942626953
137 16.107398986816406
138 14.540496826171875
139 16.669296264648438
140 18.08740234375
141 16.930801391601563
142 16.747108459472656
143 17.716896057128906
144 17.7427978515625
145 18.163307189941406
146 18.016502380371094
147 18.411399841308594
148 17.721595764160156
149 19.297103881835938
150 18.186599731445313
151 18.97130584716797
152 18.319000244140625
153 17.489303588867188
154 16.184600830078125
155 17.88469696044922
156 17.001502990722656
157 16.373397827148438
158 15.936294555664063
159 16.940902709960938
160 18.455902099609375
161 16.066604614257813
162 17.85430145263672
163 18.934303283691406
164 18.135398864746094
165 17.878501892089844
166 19.768104553222656
167 18.480804443359375
168 18.59510040283203
169 17.98310089111328
170 20.550804138183594
171 20.872802734375
172 19.153289794921875
173 19.343605041503906
174 16.77770233154297
175 16.70330810546875
176 15.274299621582031
177 17.298202514648438
178 17.111099243164063
179 17.309104919433594
180 15.626602172851563
181 16.969398498535156
182 17.199203491210938
183 17.433700561523438
184 17.047195434570313
185 16.295799255371094
186 17.83929443359375
187 18.72869873046875
188 18.501907348632813
189 15.877799987792969
190 17.016403198242188
191 15.309898376464844
192 14.943405151367188
193 14.328498840332031
194 15.240303039550781
195 17.106605529785156
196 15.947105407714844
197 16.863204956054688
198 17.22820281982422
199 17.340003967285156
200 18.92040252685547
201 16.75530242919922
202 15.818000793457031
203 17.52709197998047
204 17.234703063964844
205 17.267601013183594
206 16.943099975585938
207 15.567298889160156
208 16.47570037841797
209 18.395301818847656
210 16.53510284423828
211 17.375099182128906
212 16.305091857910156
213 17.005996704101563
214 17.877410888671875
215 17.365798950195313
216 13.902603149414063
217 16.657005310058594
218 16.761001586914063
219 15.175605773925781
220 14.055496215820313
221 14.42340087890625
222 16.144302368164063
223 15.475898742675781
224 16.13250732421875
225 13.642601013183594
226 14.585502624511719
227 12.870803833007813
228 14.013099670410156
229 15.112007141113281
230 16.500701904296875
231 15.164901733398438
232 14.0010986328125
233 16.44219970703125
234 16.41069793701172
235 14.011993408203125
236 15.987998962402344
237 13.445594787597656
238 15.655593872070313
239 14.414802551269531
240 15.959991455078125
241 14.935905456542969
242 16.333999633789063
243 14.2998046875
244 16.579002380371094
245 15.246696472167969
246 14.761001586914063
247 13.438499450683594
248 15.621994018554688
249 16.47480010986328
250 12.9447021484375
251 15.251304626464844
252 17.66260528564453
253 15.798500061035156
254 15.297698974609375
255 16.542503356933594
256 14.728401184082031
257 16.690902709960938
258 15.577102661132813
259 16.805099487304688
260 15.538200378417969
261 15.92730712890625
262 14.943595886230469
263 16.008506774902344
264 15.757698059082031
265 13.463096618652344
266 14.624794006347656
267 13.049201965332031
268 11.541397094726563
269 14.247398376464844
270 13.272705078125
271 12.961799621582031
272 14.653297424316406
273 14.27410888671875
274 13.061599731445313
275 11.375999450683594
276 11.791099548339844
277 14.231903076171875
278 12.646102905273438
279 11.893997192382813
280 12.280799865722656
281 12.328697204589844
282 12.300300598144531
283 12.382606506347656
284 11.993598937988281
285 11.923698425292969
286 10.614799499511719
287 10.07550048828125
288 11.278305053710938
289 13.793502807617188
290 14.094703674316406
291 12.129501342773438
292 11.267105102539063
293 12.507400512695313
294 11.798904418945313
295 11.820396423339844
296 13.557899475097656
297 12.33160400390625
298 13.052497863769531
299 11.173896789550781
300 10.444297790527344
301 12.74530029296875
302 11.565093994140625
303 13.623100280761719
304 14.196701049804688
305 13.389701843261719
306 15.402297973632813
307 11.896697998046875
308 13.595405578613281
309 13.435401916503906
310 13.905998229980469
311 14.459999084472656
312 15.347602844238281
313 15.148895263671875
314 13.829605102539063
315 14.089202880859375
316 12.712699890136719
317 12.630104064941406
318 12.388496398925781
319 14.84100341796875
320 14.93060302734375
321 14.51690673828125
322 15.481498718261719
323 13.280105590820313
324 13.858108520507813
325 15.413200378417969
326 13.2572021484375
327 13.929298400878906
328 12.932395935058594
329 15.185104370117188
330 15.1571044921875
331 14.600196838378906
332 14.297500610351563
333 15.298095703125
334 16.110801696777344
335 15.993698120117188
336 15.020301818847656
337 12.676300048828125
338 15.38800048828125
339 15.624801635742188
340 15.962905883789063
341 14.913299560546875
342 13.265701293945313
343 11.598800659179688
344 11.345802307128906
345 11.236000061035156
346 12.281494140625
347 12.112800598144531
348 12.201606750488281
349 10.937202453613281
350 13.175804138183594
351 11.704994201660156
352 11.375503540039063
353 11.466407775878906
354 11.967193603515625
355 13.69110107421875
356 13.552200317382813
357 13.488502502441406
358 13.905601501464844
359 11.589797973632813
360 13.750198364257813
361 13.532203674316406
362 14.259902954101563
363 13.9490966796875
364 14.535797119140625
365 15.759902954101563
366 13.722694396972656
367 12.898094177246094
368 13.479293823242188
369 13.490303039550781
370 14.530006408691406
371 14.484199523925781
372 14.14300537109375
373 15.574607849121094
374 14.505104064941406
375 13.241798400878906
376 13.183601379394531
377 14.220100402832031
378 14.829505920410156
379 12.629096984863281
380 14.832298278808594
381 14.283401489257813
382 13.105300903320313
383 14.190597534179688
384 14.639602661132813
385 13.986396789550781
386 13.630699157714844
387 13.291305541992188
388 13.421806335449219
389 13.646194458007813
390 14.734199523925781
391 14.813796997070313
392 13.204605102539063
393 14.8739013671875
394 13.485298156738281
395 13.109703063964844
396 15.966606140136719
397 12.967697143554688
398 14.775596618652344
399 14.592506408691406
400 15.9468994140625
401 14.289398193359375
402 14.027503967285156
403 12.586395263671875
404 12.813400268554688
405 12.946205139160156
406 13.842399597167969
407 11.7218017578125
408 13.641006469726563
409 13.299903869628906
410 14.350906372070313
411 15.377105712890625
412 12.527496337890625
413 14.020599365234375
414 12.872398376464844
415 11.669403076171875
416 10.313400268554688
417 12.369796752929688
418 11.564102172851563
419 13.322799682617188
420 14.023696899414063
421 12.587600708007813
422 13.198104858398438
423 13.02679443359375
424 15.065505981445313
425 14.064102172851563
426 11.368301391601563
427 12.302299499511719
428 13.842697143554688
429 14.407997131347656
430 14.613998413085938
431 13.517097473144531
432 15.225997924804688
433 13.480003356933594
434 12.842605590820313
435 13.529800415039063
436 16.419097900390625
437 15.224296569824219
438 11.669502258300781
439 13.529197692871094
440 15.238601684570313
441 13.216598510742188
442 13.088600158691406
443 13.067108154296875
444 13.553604125976563
445 13.233200073242188
446 14.033493041992188
447 12.596099853515625
448 13.928604125976563
449 13.860298156738281
450 14.153396606445313
451 12.770500183105469
452 14.993400573730469
453 15.305397033691406
454 14.57940673828125
455 12.859199523925781
456 14.59930419921875
457 15.333511352539063
458 14.085502624511719
459 12.465202331542969
460 11.134796142578125
461 11.669502258300781
462 12.889106750488281
463 12.49420166015625
464 11.399002075195313
465 11.433601379394531
466 11.266098022460938
467 13.276100158691406
468 15.219596862792969
469 16.002395629882813
470 14.96209716796875
471 13.870895385742188
472 14.45709228515625
473 13.702499389648438
474 13.130500793457031
475 12.986701965332031
476 13.372001647949219
477 11.536399841308594
478 12.315498352050781
479 12.431999206542969
480 11.969596862792969
481 12.127708435058594
482 12.639793395996094
483 11.8699951171875
484 13.756698608398438
485 14.472801208496094
486 12.948898315429688
487 11.579803466796875
488 11.652503967285156
489 15.189193725585938
490 14.790199279785156
491 13.873893737792969
492 14.440505981445313
493 14.102798461914063
494 11.889198303222656
495 13.273902893066406
496 14.5657958984375
497 13.996498107910156
498 13.838600158691406
499 13.153999328613281
500 12.438003540039063
