0 18.015602111816406
1 18.015602111816406
2 18.32469940185547
3 17.63111114501953
4 16.80280303955078
5 12.310203552246094
6 14.518501281738281
7 13.198600769042969
8 17.140594482421875
9 16.59320831298828
10 14.735305786132813
11 15.661300659179688
12 15.749000549316406
13 14.974006652832031
14 15.928199768066406
15 14.041801452636719
16 12.358200073242188
17 10.113700866699219
18 9.427803039550781
19 10.294700622558594
20 8.931198120117188
21 9.75689697265625
22 10.521903991699219
23 7.6492919921875
24 9.564094543457031
25 8.550201416015625
26 7.6045989990234375
27 8.402603149414063
28 7.769004821777344
29 11.074203491210938
30 7.851005554199219
31 8.064300537109375
32 8.020698547363281
33 7.57110595703125
34 7.6121978759765625
35 5.9906005859375
36 7.498908996582031
37 6.64300537109375
38 7.89849853515625
39 5.987098693847656
40 5.0514984130859375
41 7.7617034912109375
42 6.510093688964844
43 6.266899108886719
44 8.389602661132813
45 7.7667999267578125
46 6.416007995605469
47 6.639198303222656
48 8.176803588867188
49 7.206901550292969
50 7.8491973876953125
51 5.244697570800781
52 6.4678955078125
53 5.859405517578125
54 8.445899963378906
55 8.433403015136719
56 7.760795593261719
57 8.303604125976563
58 7.9613037109375
59 9.0321044921875
60 7.977195739746094
61 8.758201599121094
62 8.672599792480469
63 8.420005798339844
64 7.7126007080078125
65 9.743896484375
66 8.509002685546875
67 9.268501281738281
68 7.180206298828125
69 7.3199005126953125
70 7.786598205566406
71 5.8607940673828125
72 4.777198791503906
73 6.5216064453125
74 6.98480224609375
75 7.183799743652344
76 7.2335052490234375
77 7.5283966064453125
78 7.975006103515625
79 6.730598449707031
80 7.1631011962890625
81 8.547195434570313
82 6.865501403808594
83 5.28790283203125
84 6.4178009033203125
85 6.852203369140625
86 8.488594055175781
87 9.343902587890625
88 7.736602783203125
89 7.034904479980469
90 6.1996002197265625
91 5.1631011962890625
92 4.9496002197265625
93 6.7350006103515625
94 6.704498291015625
95 6.102203369140625
96 4.383201599121094
97 7.113197326660156
98 6.007598876953125
99 5.968803405761719
100 9.403900146484375
101 10.208595275878906
102 10.652702331542969
103 8.337501525878906
104 10.967704772949219
105 8.981094360351563
106 10.440101623535156
107 13.877197265625
108 10.79730224609375
109 11.499603271484375
110 9.107597351074219
111 10.67449951171875
112 9.641502380371094
113 10.698501586914063
114 9.344596862792969
115 9.298202514648438
116 7.866706848144531
117 6.468597412109375
118 6.701103210449219
119 6.5550994873046875
120 8.581794738769531
121 7.107200622558594
122 8.2958984375
123 8.472198486328125
124 8.062705993652344
125 6.6869049072265625
126 10.258804321289063
127 9.108001708984375
128 9.769203186035156
129 8.85009765625
130 8.01190185546875
131 9.238899230957031
132 9.266494750976563
133 8.371994018554688
134 8.572502136230469
135 7.525901794433594
136 7.319099426269531
137 7.717399597167969
138 5.800498962402344
139 8.129295349121094
140 8.997398376464844
141 8.830802917480469
142 7.9170989990234375
143 9.226905822753906
144 9.142799377441406
145 9.38330078125
146 9.216499328613281
147 9.291404724121094
148 8.561607360839844
149 9.107101440429688
150 8.796592712402344
151 10.52130126953125
152 9.22900390625
153 8.079299926757813
154 7.134605407714844
155 8.984695434570313
156 7.971504211425781
157 7.4434051513671875
158 6.9362945556640625
159 7.980903625488281
160 9.095901489257813
161 8.3966064453125
162 9.044303894042969
163 11.294303894042969
164 10.59539794921875
165 9.998504638671875
166 11.278106689453125
167 9.07080078125
168 9.705101013183594
169 8.823097229003906
170 11.670799255371094
171 11.842796325683594
172 9.44329833984375
173 9.943603515625
174 7.337699890136719
175 7.203300476074219
176 6.34429931640625
177 8.148200988769531
178 7.661102294921875
179 8.159103393554688
180 6.636604309082031
181 7.6194000244140625
182 8.209205627441406
183 8.443702697753906
184 7.597198486328125
185 6.605796813964844
186 9.109298706054688
187 10.188697814941406
188 9.651901245117188
189 7.267799377441406
190 7.87640380859375
191 5.9098968505859375
192 6.5034027099609375
193 5.478492736816406
194 6.800300598144531
195 8.536605834960938
196 7.557098388671875
197 8.353202819824219
198 8.96820068359375
199 8.890007019042969
200 10.170402526855469
201 7.5552978515625
202 7.037994384765625
203 9.1470947265625
204 8.804702758789063
205 8.387603759765625
206 8.74310302734375
207 7.04730224609375
208 8.505699157714844
209 9.585296630859375
210 8.945098876953125
211 9.135101318359375
212 8.775093078613281
213 9.305999755859375
214 9.757400512695313
215 9.205802917480469
216 6.48260498046875
217 8.897003173828125
218 8.821006774902344
219 7.955604553222656
220 6.295494079589844
221 6.833404541015625
222 8.304298400878906
223 7.975898742675781
224 8.182502746582031
225 5.9326019287109375
226 6.425498962402344
227 5.5207977294921875
228 6.873100280761719
229 7.972007751464844
230 9.850692749023438
231 6.8549041748046875
232 6.3910980224609375
233 8.162200927734375
234 7.8007049560546875
235 5.891998291015625
236 7.987998962402344
237 6.1956024169921875
238 7.395599365234375
239 5.994804382324219
240 7.659996032714844
241 6.8459014892578125
242 8.743995666503906
243 7.4297943115234375
244 9.418998718261719
245 7.6367034912109375
246 6.500999450683594
247 5.4485015869140625
248 7.86199951171875
249 8.86480712890625
250 5.444694519042969
251 7.691307067871094
252 9.942604064941406
253 8.488502502441406
254 7.07769775390625
255 8.732498168945313
256 7.3683929443359375
257 8.920906066894531
258 7.737098693847656
259 8.565109252929688
260 7.458198547363281
261 7.8572998046875
262 7.043601989746094
263 8.698501586914063
264 7.2476959228515625
265 5.523101806640625
266 6.7447967529296875
267 5.269203186035156
268 3.62139892578125
269 6.917396545410156
270 5.9727020263671875
271 5.191795349121094
272 6.233299255371094
273 7.024101257324219
274 5.5016021728515625
275 4.21600341796875
276 4.241096496582031
277 6.0718994140625
278 5.2761077880859375
279 4.694000244140625
280 3.9907989501953125
281 4.5386962890625
282 5.00030517578125
283 4.762603759765625
284 5.253593444824219
285 5.033699035644531
286 4.4048004150390625
287 3.885498046875
288 3.6382980346679688
289 6.173500061035156
290 6.32470703125
291 4.4394989013671875
292 3.6971054077148438
293 4.717399597167969
294 3.4188995361328125
295 3.5503921508789063
296 5.697898864746094
297 4.521598815917969
298 4.972503662109375
299 4.523902893066406
300 3.09429931640625
301 4.8052978515625
302 4.8650970458984375
303 5.803108215332031
304 6.346702575683594
305 5.669700622558594
306 7.742301940917969
307 5.2266998291015625
308 6.625404357910156
309 6.505401611328125
310 5.685997009277344
311 7.3300018310546875
312 7.987602233886719
313 8.358894348144531
314 6.499603271484375
315 6.969200134277344
316 6.202705383300781
317 6.610099792480469
318 5.438499450683594
319 7.4010009765625
320 7.590606689453125
321 7.7169036865234375
322 7.831504821777344
323 5.330101013183594
324 5.6781005859375
325 6.96319580078125
326 5.047203063964844
327 5.0493011474609375
328 5.502403259277344
329 7.8551025390625
330 7.7671051025390625
331 6.400199890136719
332 6.7975006103515625
333 7.448097229003906
334 8.030799865722656
335 8.063697814941406
336 6.1703033447265625
337 4.846305847167969
338 7.037994384765625
339 7.614799499511719
340 7.682899475097656
341 7.063301086425781
342 5.535697937011719
343 3.8687973022460938
344 3.5858001708984375
345 3.7760009765625
346 4.501495361328125
347 3.8527984619140625
348 3.9616012573242188
349 3.3572006225585938
350 4.7158050537109375
351 3.9949951171875
352 3.7255020141601563
353 3.846405029296875
354 4.3271942138671875
355 6.171104431152344
356 6.372200012207031
357 6.0885009765625
358 6.24560546875
359 3.7097930908203125
360 6.360198974609375
361 6.812202453613281
362 6.45989990234375
363 6.729095458984375
364 6.94580078125
365 7.119903564453125
366 6.272697448730469
367 6.368095397949219
368 5.2093048095703125
369 5.220298767089844
370 6.930000305175781
371 7.1641998291015625
372 6.562995910644531
373 7.094596862792969
374 5.985099792480469
375 5.501800537109375
376 4.9535980224609375
377 5.560096740722656
378 7.499504089355469
379 5.589103698730469
380 7.202301025390625
381 6.863395690917969
382 5.175300598144531
383 6.05059814453125
384 6.64959716796875
385 5.076393127441406
386 4.720703125
387 4.641304016113281
388 4.351806640625
389 5.196197509765625
390 6.094207763671875
391 6.053802490234375
392 4.424598693847656
393 5.773902893066406
394 4.49530029296875
395 4.449699401855469
396 6.776603698730469
397 4.487701416015625
398 5.645591735839844
399 5.87249755859375
400 6.986900329589844
401 5.139404296875
402 5.227500915527344
403 4.866401672363281
404 4.243400573730469
405 4.41619873046875
406 5.302398681640625
407 3.841796875
408 5.811004638671875
409 5.159904479980469
410 5.950897216796875
411 7.227104187011719
412 4.287498474121094
413 5.770606994628906
414 5.6024017333984375
415 3.729400634765625
416 2.7233963012695313
417 4.459800720214844
418 3.674102783203125
419 5.122795104980469
420 6.10369873046875
421 4.4875946044921875
422 5.688102722167969
423 5.246795654296875
424 7.2655029296875
425 6.9741058349609375
426 4.8983001708984375
427 5.332298278808594
428 5.5926971435546875
429 6.877998352050781
430 7.53399658203125
431 5.3871002197265625
432 6.685997009277344
433 5.629997253417969
434 5.3426055908203125
435 5.449798583984375
436 8.049095153808594
437 6.074302673339844
438 3.7594985961914063
439 5.1891937255859375
440 7.0785980224609375
441 5.486602783203125
442 4.7086029052734375
443 4.477104187011719
444 5.703605651855469
445 5.123199462890625
446 5.613494873046875
447 4.18609619140625
448 5.768608093261719
449 5.140296936035156
450 5.3634033203125
451 4.640495300292969
452 6.083396911621094
453 6.755393981933594
454 7.1493988037109375
455 4.5691986083984375
456 6.2993011474609375
457 7.1035003662109375
458 6.025505065917969
459 4.615203857421875
460 3.10479736328125
461 3.6194992065429688
462 5.059104919433594
463 4.1842041015625
464 2.7589950561523438
465 3.403594970703125
466 2.69610595703125
467 4.536102294921875
468 6.669593811035156
469 8.012397766113281
470 6.1920928955078125
471 5.510894775390625
472 5.9770965576171875
473 4.932502746582031
474 4.910499572753906
475 3.5167007446289063
476 5.411994934082031
477 3.9563980102539063
478 4.085502624511719
479 3.5120010375976563
480 3.4695968627929688
481 3.9076995849609375
482 4.159797668457031
483 3.9699935913085938
484 5.7467041015625
485 6.402793884277344
486 4.8589019775390625
487 4.579803466796875
488 5.402503967285156
489 6.939201354980469
490 7.1002044677734375
491 5.943901062011719
492 6.7805023193359375
493 5.982795715332031
494 3.5991973876953125
495 4.5438995361328125
496 6.165802001953125
497 5.16650390625
498 5.998603820800781
499 5.444000244140625
500 4.808006286621094
