0 15.645606994628906
1 15.645599365234375
2 15.174697875976563
3 12.261100769042969
4 12.562797546386719
5 8.180206298828125
6 10.538505554199219
7 12.118598937988281
8 13.350601196289063
9 14.573196411132813
10 10.125297546386719
11 15.091300964355469
12 13.228996276855469
13 15.134002685546875
14 15.508193969726563
15 14.921798706054688
16 16.14820098876953
17 14.603706359863281
18 11.30780029296875
19 12.824699401855469
20 7.421195983886719
21 7.63690185546875
22 9.781906127929688
23 5.279296875
24 7.7041015625
25 7.480201721191406
26 5.554603576660156
27 5.282600402832031
28 4.409004211425781
29 6.194206237792969
30 5.180999755859375
31 3.2242965698242188
32 3.5907058715820313
33 3.2311019897460938
34 2.3722000122070313
35 3.2906036376953125
36 4.468902587890625
37 3.423004150390625
38 4.438499450683594
39 3.5970993041992188
40 1.6615066528320313
41 5.021705627441406
42 2.6800994873046875
43 2.1569061279296875
44 1.8896026611328125
45 2.436798095703125
46 2.0460052490234375
47 2.1691970825195313
48 3.4568023681640625
49 4.38690185546875
50 5.0691986083984375
51 0.44469451904296875
52 2.6178970336914063
53 1.5194015502929688
54 4.545906066894531
55 5.233406066894531
56 5.75079345703125
57 6.13360595703125
58 3.7613067626953125
59 4.912101745605469
60 1.9571990966796875
61 4.2982025146484375
62 3.6926040649414063
63 3.6200027465820313
64 0.9426040649414063
65 3.8238983154296875
66 3.5989990234375
67 4.058494567871094
68 4.5301971435546875
69 3.6898956298828125
70 3.2765960693359375
71 -0.8092041015625
72 -0.5027999877929688
73 1.5216064453125
74 2.7248001098632813
75 2.3737945556640625
76 3.0335006713867188
77 4.8083953857421875
78 5.1750030517578125
79 3.5306015014648438
80 4.5330963134765625
81 5.887199401855469
82 3.4254989624023438
83 2.1179046630859375
84 3.1577987670898438
85 3.8622055053710938
86 5.7285919189453125
87 5.5738983154296875
88 5.70660400390625
89 4.114906311035156
90 2.559600830078125
91 1.4131011962890625
92 1.27960205078125
93 4.904998779296875
94 5.344505310058594
95 1.8822021484375
96 2.9932022094726563
97 4.253204345703125
98 2.7975997924804688
99 1.6488037109375
100 6.163902282714844
101 8.828598022460938
102 10.122703552246094
103 5.737495422363281
104 9.847702026367188
105 6.81109619140625
106 10.550102233886719
107 14.867195129394531
108 7.597297668457031
109 9.769599914550781
110 7.4875946044921875
111 7.5644989013671875
112 6.471504211425781
113 6.738502502441406
114 3.0046005249023438
115 5.46820068359375
116 3.7667007446289063
117 2.6085968017578125
118 1.6711044311523438
119 3.0550994873046875
120 4.301795959472656
121 4.4571990966796875
122 3.6259002685546875
123 5.142204284667969
124 4.062705993652344
125 2.51690673828125
126 6.588798522949219
127 4.4980010986328125
128 8.049201965332031
129 4.820098876953125
130 3.3418960571289063
131 3.7688980102539063
132 5.526496887207031
133 6.212005615234375
134 7.322502136230469
135 6.615898132324219
136 7.3390960693359375
137 6.797401428222656
138 3.0504989624023438
139 7.4792938232421875
140 7.967399597167969
141 6.580802917480469
142 7.3571014404296875
143 8.436904907226563
144 8.142799377441406
145 10.19329833984375
146 9.256492614746094
147 7.511405944824219
148 9.0216064453125
149 10.83709716796875
150 8.246597290039063
151 10.631301879882813
152 9.548995971679688
153 8.129302978515625
154 6.494598388671875
155 11.88470458984375
156 6.761497497558594
157 6.583404541015625
158 7.4662933349609375
159 10.49090576171875
160 12.455902099609375
161 9.786605834960938
162 10.964302062988281
163 15.804306030273438
164 15.415397644042969
165 14.978500366210938
166 16.218101501464844
167 12.390800476074219
168 11.825096130371094
169 12.103096008300781
170 13.810806274414063
171 13.372802734375
172 9.373298645019531
173 9.983596801757813
174 8.307701110839844
175 8.94329833984375
176 5.804298400878906
177 7.7781982421875
178 7.421104431152344
179 8.209098815917969
180 8.146598815917969
181 9.889396667480469
182 8.36920166015625
183 11.023696899414063
184 9.06719970703125
185 7.855796813964844
186 10.659294128417969
187 13.088699340820313
188 9.461906433105469
189 10.917800903320313
190 13.016403198242188
191 8.219902038574219
192 7.9734039306640625
193 7.8484954833984375
194 8.87030029296875
195 11.866600036621094
196 8.177101135253906
197 8.493202209472656
198 11.738204956054688
199 14.379997253417969
200 11.35040283203125
201 8.725303649902344
202 6.8179931640625
203 11.237098693847656
204 13.014701843261719
205 10.057601928710938
206 10.24310302734375
207 10.617294311523438
208 12.865699768066406
209 12.165298461914063
210 13.485099792480469
211 11.915107727050781
212 10.575096130371094
213 11.576004028320313
214 11.757400512695313
215 10.855796813964844
216 7.0525970458984375
217 10.347000122070313
218 9.46099853515625
219 10.1156005859375
220 5.785499572753906
221 10.193397521972656
222 11.374298095703125
223 11.085899353027344
224 11.152496337890625
225 7.202598571777344
226 8.145500183105469
227 4.910804748535156
228 8.853103637695313
229 9.001998901367188
230 12.890701293945313
231 9.454902648925781
232 5.0010986328125
233 13.112197875976563
234 9.990699768066406
235 8.071998596191406
236 9.337997436523438
237 6.7256011962890625
238 8.065597534179688
239 4.664802551269531
240 6.389991760253906
241 5.275901794433594
242 10.534004211425781
243 6.159797668457031
244 8.738998413085938
245 7.30670166015625
246 5.9010009765625
247 2.6685028076171875
248 7.951995849609375
249 10.9248046875
250 6.7046966552734375
251 8.601303100585938
252 10.532600402832031
253 10.758499145507813
254 10.437705993652344
255 10.922500610351563
256 11.558395385742188
257 11.980911254882813
258 10.937103271484375
259 11.995101928710938
260 8.558197021484375
261 7.6873016357421875
262 8.833595275878906
263 12.698501586914063
264 9.427696228027344
265 5.1930999755859375
266 6.074798583984375
267 0.8591995239257813
268 2.87139892578125
269 4.2073974609375
270 2.4326934814453125
271 2.4517974853515625
272 5.213294982910156
273 5.634101867675781
274 2.481597900390625
275 0.89599609375
276 0.3610992431640625
277 3.3319015502929688
278 0.35610198974609375
279 1.8740005493164063
280 1.9308013916015625
281 2.3886947631835938
282 3.1603012084960938
283 1.882598876953125
284 1.1035919189453125
285 1.8637008666992188
286 -0.6551971435546875
287 0.0254974365234375
288 0.18830108642578125
289 2.993499755859375
290 3.4646987915039063
291 2.3494949340820313
292 0.7270965576171875
293 -0.28260040283203125
294 1.2489013671875
295 -0.45960235595703125
296 4.7978973388671875
297 2.5615997314453125
298 1.8225021362304688
299 2.2838973999023438
300 0.9243011474609375
301 2.3252944946289063
302 2.3350982666015625
303 3.99310302734375
304 5.896705627441406
305 3.7197036743164063
306 6.362297058105469
307 3.3467025756835938
308 4.4954071044921875
309 5.305397033691406
310 3.4459991455078125
311 7.660003662109375
312 4.847602844238281
313 7.2588958740234375
314 3.9196014404296875
315 4.529205322265625
316 4.242698669433594
317 4.550102233886719
318 3.4384994506835938
319 5.311004638671875
320 4.220603942871094
321 5.7769012451171875
322 5.731498718261719
323 3.0000991821289063
324 3.6381072998046875
325 5.333198547363281
326 2.9672012329101563
327 4.779296875
328 2.0423965454101563
329 4.6051025390625
330 4.9470977783203125
331 3.7101974487304688
332 4.5774993896484375
333 6.118095397949219
334 6.3708038330078125
335 6.193702697753906
336 4.710304260253906
337 3.2163009643554688
338 5.157997131347656
339 5.394798278808594
340 6.5229034423828125
341 2.8032989501953125
342 0.65570068359375
343 1.2187957763671875
344 1.8957977294921875
345 0.6859970092773438
346 2.251495361328125
347 2.4528045654296875
348 3.5416030883789063
349 2.4672012329101563
350 4.815803527832031
351 5.665000915527344
352 2.8154983520507813
353 2.8864059448242188
354 2.1971969604492188
355 3.5011062622070313
356 3.9221954345703125
357 3.9885025024414063
358 6.175605773925781
359 4.359794616699219
360 4.810203552246094
361 6.852203369140625
362 4.8798980712890625
363 5.00909423828125
364 4.7158050537109375
365 7.0099029541015625
366 5.742698669433594
367 4.3480987548828125
368 3.8892974853515625
369 3.3602981567382813
370 7.349998474121094
371 5.2841949462890625
372 6.562995910644531
373 7.144599914550781
374 7.3551025390625
375 4.751792907714844
376 4.3036041259765625
377 2.85009765625
378 3.66949462890625
379 4.509101867675781
380 4.262298583984375
381 2.8733978271484375
382 3.2553024291992188
383 0.9305953979492188
384 3.2995986938476563
385 5.36639404296875
386 5.5106964111328125
387 6.401298522949219
388 4.5518035888671875
389 4.256202697753906
390 3.2842025756835938
391 6.623802185058594
392 2.9145965576171875
393 4.233894348144531
394 4.035301208496094
395 4.189704895019531
396 7.166603088378906
397 7.197700500488281
398 7.5655975341796875
399 9.13250732421875
400 9.956901550292969
401 7.419403076171875
402 8.147506713867188
403 6.066398620605469
404 4.293403625488281
405 3.8662033081054688
406 7.202400207519531
407 3.691802978515625
408 3.2509994506835938
409 4.389900207519531
410 6.5408935546875
411 6.037101745605469
412 3.6875
413 6.830604553222656
414 6.8824005126953125
415 3.1893997192382813
416 4.1233978271484375
417 2.97979736328125
418 2.5841064453125
419 4.622795104980469
420 5.293701171875
421 2.4375991821289063
422 4.148109436035156
423 4.1067962646484375
424 4.4055023193359375
425 3.4941024780273438
426 0.00830078125
427 3.5323028564453125
428 5.112701416015625
429 6.3280029296875
430 6.343994140625
431 3.6771011352539063
432 5.9759979248046875
433 4.8000030517578125
434 2.3926010131835938
435 2.5398025512695313
436 5.4391021728515625
437 3.72430419921875
438 0.54949951171875
439 2.209197998046875
440 5.1685943603515625
441 2.5566024780273438
442 0.8585968017578125
443 2.937103271484375
444 1.3535995483398438
445 1.2531967163085938
446 3.8535003662109375
447 3.7260971069335938
448 4.858604431152344
449 4.1302947998046875
450 4.273399353027344
451 4.340492248535156
452 7.303398132324219
453 6.475395202636719
454 5.859405517578125
455 2.5592041015625
456 3.9093017578125
457 6.303504943847656
458 4.635505676269531
459 2.5352020263671875
460 1.0647964477539063
461 2.0595016479492188
462 2.2791061401367188
463 1.9342041015625
464 2.03900146484375
465 1.3235931396484375
466 1.786102294921875
467 1.6260986328125
468 3.3295974731445313
469 5.52239990234375
470 4.582099914550781
471 2.950897216796875
472 5.08709716796875
473 4.4425048828125
474 3.07049560546875
475 2.7067031860351563
476 5.181999206542969
477 2.8463973999023438
478 1.8155059814453125
479 0.962005615234375
480 1.589599609375
481 1.5977020263671875
482 2.2397994995117188
483 0.7699966430664063
484 4.466697692871094
485 5.5727996826171875
486 4.618904113769531
487 4.3097991943359375
488 6.1725006103515625
489 6.159202575683594
490 6.0802001953125
491 4.623893737792969
492 5.650505065917969
493 4.762794494628906
494 2.3292007446289063
495 3.1038970947265625
496 2.9157943725585938
497 1.5164947509765625
498 3.4486007690429688
499 3.9739990234375
500 3.4380035400390625
