0 33.205604553222656
1 33.205604553222656
2 32.02470397949219
3 30.651107788085938
4 29.10279083251953
5 25.970199584960938
6 28.068504333496094
7 29.48859405517578
8 30.7406005859375
9 32.6632080078125
10 28.37529754638672
11 32.01130676269531
12 31.999000549316406
13 32.763999938964844
14 31.868202209472656
15 31.491806030273438
16 30.068199157714844
17 28.043701171875
18 27.56780242919922
19 27.604705810546875
20 24.811195373535156
21 24.666893005371094
22 24.00189971923828
23 22.009292602539063
24 23.724098205566406
25 22.46019744873047
26 21.804603576660156
27 22.72260284423828
28 22.199005126953125
29 23.284202575683594
30 22.60100555419922
31 20.0343017578125
32 20.0906982421875
33 20.351097106933594
34 19.892196655273438
35 20.75060272216797
36 21.398902893066406
37 20.51300048828125
38 21.89849853515625
39 20.59709930419922
40 18.23150634765625
41 21.43170166015625
42 19.560096740722656
43 18.27690887451172
44 17.879600524902344
45 17.53679656982422
46 18.986000061035156
47 19.159194946289063
48 20.376800537109375
49 21.716903686523438
50 21.329200744628906
51 17.774696350097656
52 19.757896423339844
53 18.309402465820313
54 21.255897521972656
55 22.93340301513672
56 22.900794982910156
57 22.51360321044922
58 21.121307373046875
59 20.2821044921875
60 17.75719451904297
61 20.178199768066406
62 20.082611083984375
63 21.26000213623047
64 17.752601623535156
65 19.853897094726563
66 20.518997192382813
67 21.408493041992188
68 21.510208129882813
69 20.099899291992188
70 20.536590576171875
71 17.43079376220703
72 16.347198486328125
73 18.77159881591797
74 20.274803161621094
75 19.493804931640625
76 19.633506774902344
77 21.088394165039063
78 20.955001831054688
79 20.37060546875
80 20.753097534179688
81 21.377197265625
82 19.855499267578125
83 19.807907104492188
84 20.467803955078125
85 20.412200927734375
86 22.05860137939453
87 20.823898315429688
88 21.496597290039063
89 21.614898681640625
90 19.609603881835938
91 18.60309600830078
92 18.729598999023438
93 22.334999084472656
94 22.42449951171875
95 19.152206420898438
96 20.21319580078125
97 21.943199157714844
98 19.427597045898438
99 18.90880584716797
100 21.773902893066406
101 24.51860809326172
102 24.802703857421875
103 21.987503051757813
104 26.27770233154297
105 23.82110595703125
106 25.91010284423828
107 29.82720184326172
108 25.077293395996094
109 25.999603271484375
110 23.497596740722656
111 24.664505004882813
112 23.241500854492188
113 23.188499450683594
114 20.124603271484375
115 22.378196716308594
116 21.79669952392578
117 19.318603515625
118 18.0010986328125
119 18.065093994140625
120 19.361801147460938
121 19.0072021484375
122 19.53589630126953
123 20.182205200195313
124 20.09270477294922
125 18.466903686523438
126 21.77880859375
127 19.788002014160156
128 23.79920196533203
129 20.53009796142578
130 19.51190185546875
131 18.898895263671875
132 21.606491088867188
133 21.852005004882813
134 24.63250732421875
135 24.125900268554688
136 23.099098205566406
137 22.44739532470703
138 19.70050048828125
139 24.259292602539063
140 23.817405700683594
141 23.670806884765625
142 23.447105407714844
143 25.276901245117188
144 25.692794799804688
145 26.26329803466797
146 25.056495666503906
147 24.44139862060547
148 23.061599731445313
149 24.747100830078125
150 25.236602783203125
151 27.431297302246094
152 24.879005432128906
153 23.619300842285156
154 22.014602661132813
155 24.82469940185547
156 22.891502380371094
157 22.583404541015625
158 22.546302795410156
159 25.220901489257813
160 26.205902099609375
161 25.08660888671875
162 25.154296875
163 26.754295349121094
164 28.64539337158203
165 28.27849578857422
166 28.288108825683594
167 25.900802612304688
168 26.395095825195313
169 25.36309814453125
170 28.27080535888672
171 27.322792053222656
172 24.143295288085938
173 25.25360107421875
174 21.607704162597656
175 22.31330108642578
176 20.814300537109375
177 22.668197631835938
178 23.781105041503906
179 23.619094848632813
180 22.406600952148438
181 24.929405212402344
182 24.099205017089844
183 23.643707275390625
184 21.57720184326172
185 22.325790405273438
186 24.65929412841797
187 23.948699951171875
188 23.791900634765625
189 24.197799682617188
190 23.586410522460938
191 21.82990264892578
192 23.3634033203125
193 22.82849884033203
194 23.12030029296875
195 24.786605834960938
196 24.067108154296875
197 23.90320587158203
198 25.058197021484375
199 26.210006713867188
200 25.67040252685547
201 23.62530517578125
202 22.76799774169922
203 26.487098693847656
204 26.664703369140625
205 25.027603149414063
206 24.54309844970703
207 24.307296752929688
208 26.27570343017578
209 27.88530731201172
210 27.125099182128906
211 26.775108337402344
212 25.41510009765625
213 27.446006774902344
214 27.617408752441406
215 26.665802001953125
216 22.452606201171875
217 26.097007751464844
218 25.701004028320313
219 25.395606994628906
220 22.81549072265625
221 24.603408813476563
222 25.934303283691406
223 26.37590789794922
224 26.76250457763672
225 23.252609252929688
226 24.39550018310547
227 22.660804748535156
228 24.573097229003906
229 25.001998901367188
230 27.310699462890625
231 23.88489532470703
232 22.021095275878906
233 26.802207946777344
234 25.810707092285156
235 23.86199951171875
236 25.45800018310547
237 23.74560546875
238 24.595596313476563
239 21.784805297851563
240 24.540000915527344
241 23.705902099609375
242 27.35400390625
243 24.159805297851563
244 26.468994140625
245 24.9866943359375
246 23.53099822998047
247 20.66851043701172
248 25.61199951171875
249 26.86480712890625
250 23.224700927734375
251 25.03130340576172
252 27.772605895996094
253 25.90850067138672
254 24.377700805664063
255 27.092506408691406
256 25.758399963378906
257 27.290908813476563
258 25.32709503173828
259 26.635108947753906
260 24.918197631835938
261 24.387306213378906
262 24.86359405517578
263 26.65850067138672
264 25.307708740234375
265 21.173095703125
266 22.714797973632813
267 18.219207763671875
268 20.38140106201172
269 21.877403259277344
270 20.02269744873047
271 19.7117919921875
272 23.023300170898438
273 23.564109802246094
274 20.051597595214844
275 18.33599853515625
276 18.12110137939453
277 22.101898193359375
278 18.356101989746094
279 19.883995056152344
280 20.400794982910156
281 19.918701171875
282 20.650306701660156
283 20.23260498046875
284 19.173599243164063
285 19.193702697753906
286 18.04480743408203
287 18.085494995117188
288 17.928298950195313
289 21.08350372314453
290 21.76470947265625
291 19.819496154785156
292 18.64710235595703
293 18.08740234375
294 18.11890411376953
295 16.59039306640625
296 20.77790069580078
297 19.21160125732422
298 19.49250030517578
299 19.49390411376953
300 18.59429931640625
301 20.79529571533203
302 19.90509796142578
303 21.453102111816406
304 22.386703491210938
305 20.459701538085938
306 23.372299194335938
307 20.92670440673828
308 21.90540313720703
309 23.02539825439453
310 20.695999145507813
311 23.209999084472656
312 22.907608032226563
313 24.398902893066406
314 21.77960205078125
315 22.339202880859375
316 21.732704162597656
317 21.65009307861328
318 20.478500366210938
319 21.89099884033203
320 21.390602111816406
321 22.82689666748047
322 22.761505126953125
323 19.260101318359375
324 20.04810333251953
325 21.423202514648438
326 20.277206420898438
327 20.189292907714844
328 19.352394104003906
329 21.705108642578125
330 21.96710205078125
331 20.780197143554688
332 21.597496032714844
333 22.698097229003906
334 23.080795288085938
335 22.763702392578125
336 20.960304260253906
337 19.866302490234375
338 22.197998046875
339 21.644798278808594
340 22.34290313720703
341 20.533302307128906
342 17.65570068359375
343 17.63880157470703
344 19.175804138183594
345 18.165992736816406
346 19.081497192382813
347 19.162803649902344
348 20.501602172851563
349 19.457199096679688
350 21.055801391601563
351 21.92499542236328
352 19.795501708984375
353 19.736404418945313
354 20.527198791503906
355 22.181106567382813
356 22.722198486328125
357 21.228500366210938
358 22.92559814453125
359 20.239791870117188
360 22.600196838378906
361 24.44220733642578
362 21.859901428222656
363 22.669097900390625
364 22.56580352783203
365 23.57990264892578
366 23.472694396972656
367 22.588104248046875
368 21.14929962158203
369 20.44029998779297
370 22.800003051757813
371 23.36419677734375
372 23.723007202148438
373 24.124595642089844
374 24.025100708007813
375 22.291793823242188
376 21.55359649658203
377 19.820098876953125
378 21.439498901367188
379 21.819107055664063
380 22.012298583984375
381 20.49340057373047
382 20.645301818847656
383 18.330604553222656
384 21.699600219726563
385 21.55640411376953
386 21.930702209472656
387 22.39130401611328
388 20.461807250976563
389 20.356201171875
390 19.034202575683594
391 22.443801879882813
392 18.114608764648438
393 20.12390899658203
394 19.19530487060547
395 19.789703369140625
396 22.486595153808594
397 21.51769256591797
398 21.185592651367188
399 23.9425048828125
400 23.63690185546875
401 20.95941162109375
402 22.097503662109375
403 22.396400451660156
404 18.713401794433594
405 19.766204833984375
406 21.14239501953125
407 19.871803283691406
408 19.72100067138672
409 20.739906311035156
410 22.760894775390625
411 21.71710205078125
412 20.44750213623047
413 22.79059600830078
414 22.372398376464844
415 19.239402770996094
416 20.333396911621094
417 20.389793395996094
418 19.634109497070313
419 20.86279296875
420 21.67369842529297
421 19.41759490966797
422 22.018104553222656
423 21.97679901123047
424 22.375503540039063
425 21.38410186767578
426 18.37830352783203
427 20.012306213378906
428 21.57269287109375
429 23.117996215820313
430 23.873992919921875
431 20.807098388671875
432 23.32599639892578
433 22.490005493164063
434 20.622604370117188
435 20.589805603027344
436 23.25909423828125
437 20.79430389404297
438 17.999496459960938
439 19.48918914794922
440 22.898597717285156
441 20.116607666015625
442 18.94860076904297
443 20.187103271484375
444 18.533599853515625
445 18.703201293945313
446 20.843505859375
447 19.916099548339844
448 21.338600158691406
449 20.660301208496094
450 21.17340087890625
451 21.600494384765625
452 23.143402099609375
453 22.375396728515625
454 23.049407958984375
455 19.469200134277344
456 20.879302978515625
457 22.34349822998047
458 20.785507202148438
459 19.985206604003906
460 19.154800415039063
461 18.47949981689453
462 19.549110412597656
463 18.25420379638672
464 17.53899383544922
465 18.893600463867188
466 17.496109008789063
467 19.11609649658203
468 20.589599609375
469 22.792404174804688
470 21.752105712890625
471 19.500892639160156
472 21.64710235595703
473 20.552505493164063
474 20.520492553710938
475 19.406707763671875
476 21.99199676513672
477 20.49639892578125
478 19.745498657226563
479 19.42200469970703
480 18.89960479736328
481 19.177703857421875
482 19.1697998046875
483 18.739990234375
484 21.466697692871094
485 22.212799072265625
486 21.098899841308594
487 21.039794921875
488 22.022506713867188
489 22.979202270507813
490 22.360198974609375
491 21.80389404296875
492 22.800498962402344
493 21.882797241210938
494 18.539199829101563
495 19.583900451660156
496 19.25579833984375
497 18.426498413085938
498 20.088607788085938
499 20.52399444580078
500 20.358009338378906
