0 14.375595092773438
1 14.375602722167969
2 13.884696960449219
3 13.981101989746094
4 16.92279815673828
5 14.90020751953125
6 14.658500671386719
7 13.178596496582031
8 16.150596618652344
9 17.683204650878906
10 14.705299377441406
11 16.971298217773438
12 14.548995971679688
13 13.034004211425781
14 18.748199462890625
15 18.021804809570313
16 22.14820098876953
17 17.273704528808594
18 14.007804870605469
19 16.314697265625
20 11.811195373535156
21 14.716896057128906
22 16.751907348632813
23 13.119300842285156
24 13.38409423828125
25 14.570205688476563
26 11.8446044921875
27 11.802604675292969
28 10.03900146484375
29 11.514205932617188
30 8.670997619628906
31 8.774299621582031
32 9.260704040527344
33 7.721099853515625
34 7.102203369140625
35 6.3506011962890625
36 9.18890380859375
37 8.39300537109375
38 9.798500061035156
39 8.247100830078125
40 6.7115020751953125
41 9.791702270507813
42 8.830101013183594
43 9.236907958984375
44 8.659599304199219
45 8.686798095703125
46 7.96600341796875
47 8.109199523925781
48 10.386802673339844
49 10.556900024414063
50 10.719200134277344
51 7.1947021484375
52 6.807899475097656
53 7.7794036865234375
54 10.265907287597656
55 10.043403625488281
56 10.200798034667969
57 11.023605346679688
58 8.301300048828125
59 12.162101745605469
60 8.087196350097656
61 10.168197631835938
62 9.85260009765625
63 8.629997253417969
64 6.182594299316406
65 9.493896484375
66 8.868995666503906
67 8.828498840332031
68 10.060195922851563
69 9.529891967773438
70 8.07659912109375
71 4.360801696777344
72 3.4972000122070313
73 6.6416015625
74 8.074798583984375
75 8.193801879882813
76 8.573501586914063
77 10.248397827148438
78 11.645004272460938
79 10.470596313476563
80 8.86309814453125
81 12.277198791503906
82 10.525497436523438
83 8.307907104492188
84 10.187797546386719
85 11.462203979492188
86 12.328598022460938
87 12.303901672363281
88 11.906600952148438
89 8.944900512695313
90 9.339599609375
91 5.953102111816406
92 7.1396026611328125
93 10.364997863769531
94 9.314498901367188
95 8.782203674316406
96 7.993202209472656
97 8.433197021484375
98 9.377601623535156
99 8.02880859375
100 13.56390380859375
101 17.62860107421875
102 16.472702026367188
103 13.557502746582031
104 15.677703857421875
105 13.291099548339844
106 17.090103149414063
107 18.147201538085938
108 12.917304992675781
109 17.879592895507813
110 16.737594604492188
111 12.294502258300781
112 11.741508483886719
113 14.228492736816406
114 11.414604187011719
115 13.488197326660156
116 11.536705017089844
117 10.208602905273438
118 10.44110107421875
119 12.445098876953125
120 18.481796264648438
121 12.63720703125
122 12.435897827148438
123 10.932205200195313
124 12.962699890136719
125 10.676902770996094
126 14.978805541992188
127 14.307998657226563
128 18.12920379638672
129 15.820098876953125
130 11.181900024414063
131 11.848899841308594
132 12.166496276855469
133 12.61199951171875
134 10.852500915527344
135 8.725898742675781
136 8.379096984863281
137 10.067398071289063
138 7.280494689941406
139 9.789299011230469
140 10.927398681640625
141 9.270805358886719
142 9.817100524902344
143 11.126899719238281
144 10.132797241210938
145 11.223304748535156
146 11.546501159667969
147 12.0614013671875
148 11.971595764160156
149 13.447105407714844
150 12.466598510742188
151 12.051300048828125
152 11.8489990234375
153 11.199295043945313
154 10.554603576660156
155 12.774703979492188
156 10.54150390625
157 9.903404235839844
158 9.276298522949219
159 11.070899963378906
160 13.705902099609375
161 11.256599426269531
162 12.924301147460938
163 15.664306640625
164 14.755393981933594
165 12.89849853515625
166 15.558097839355469
167 13.690803527832031
168 12.025100708007813
169 12.173095703125
170 17.040802001953125
171 16.7427978515625
172 15.433296203613281
173 11.993598937988281
174 12.077705383300781
175 12.043296813964844
176 10.364303588867188
177 11.848197937011719
178 11.461097717285156
179 12.149101257324219
180 12.2666015625
181 12.849403381347656
182 13.079200744628906
183 12.693702697753906
184 12.897201538085938
185 9.635795593261719
186 12.979301452636719
187 17.268699645996094
188 17.52190399169922
189 16.42780303955078
190 16.906402587890625
191 11.389900207519531
192 10.723403930664063
193 8.378501892089844
194 9.390296936035156
195 12.506599426269531
196 10.537101745605469
197 11.1632080078125
198 16.048202514648438
199 12.900001525878906
200 14.690399169921875
201 11.365303039550781
202 8.657997131347656
203 12.937095642089844
204 12.454704284667969
205 13.897605895996094
206 13.953102111816406
207 12.54730224609375
208 11.115699768066406
209 13.155296325683594
210 11.185096740722656
211 11.8551025390625
212 8.805099487304688
213 11.416007995605469
214 13.047401428222656
215 11.565803527832031
216 7.4326019287109375
217 10.497001647949219
218 9.850997924804688
219 7.99560546875
220 6.855499267578125
221 8.6134033203125
222 12.614303588867188
223 10.475898742675781
224 8.572502136230469
225 7.2126007080078125
226 8.7655029296875
227 7.590797424316406
228 9.61309814453125
229 6.3820037841796875
230 10.860702514648438
231 8.744895935058594
232 7.6110992431640625
233 13.402198791503906
234 12.480705261230469
235 11.851997375488281
236 11.508003234863281
237 12.475601196289063
238 11.585594177246094
239 10.464805603027344
240 10.25
241 10.1759033203125
242 13.073997497558594
243 8.319801330566406
244 11.368995666503906
245 11.576705932617188
246 9.951004028320313
247 8.198501586914063
248 11.9219970703125
249 17.564804077148438
250 10.964698791503906
251 15.15130615234375
252 16.312599182128906
253 17.90850067138672
254 13.857696533203125
255 15.012504577636719
256 10.328399658203125
257 14.120903015136719
258 13.807106018066406
259 14.445106506347656
260 11.738204956054688
261 10.79730224609375
262 11.723594665527344
263 14.168502807617188
264 11.787696838378906
265 7.1331024169921875
266 7.3047943115234375
267 4.099205017089844
268 5.341400146484375
269 6.187400817871094
270 5.412696838378906
271 5.121795654296875
272 9.043296813964844
273 8.074104309082031
274 5.101600646972656
275 2.5760040283203125
276 4.8011016845703125
277 7.3119049072265625
278 4.466102600097656
279 4.1139984130859375
280 5.290802001953125
281 5.348701477050781
282 4.8303070068359375
283 4.5225982666015625
284 3.5736007690429688
285 5.2136993408203125
286 1.2547988891601563
287 1.045501708984375
288 2.19830322265625
289 4.4835052490234375
290 5.2447052001953125
291 3.0394973754882813
292 3.4271011352539063
293 4.7873992919921875
294 5.93890380859375
295 4.320396423339844
296 9.327896118164063
297 6.8916015625
298 7.462501525878906
299 5.18389892578125
300 5.1743011474609375
301 6.4152984619140625
302 4.125099182128906
303 6.283103942871094
304 7.866706848144531
305 5.339698791503906
306 7.892295837402344
307 4.5467071533203125
308 6.535400390625
309 6.785400390625
310 6.575996398925781
311 9.160003662109375
312 7.7776031494140625
313 9.218894958496094
314 6.259605407714844
315 5.92919921875
316 4.6427001953125
317 5.250099182128906
318 5.4485015869140625
319 7.6110076904296875
320 6.890602111816406
321 7.9669036865234375
322 8.431503295898438
323 5.190101623535156
324 6.05810546875
325 9.303199768066406
326 6.477203369140625
327 7.239295959472656
328 4.0823974609375
329 7.4351043701171875
330 6.867095947265625
331 6.64019775390625
332 5.74749755859375
333 7.268096923828125
334 8.150802612304688
335 8.373703002929688
336 6.75030517578125
337 4.826301574707031
338 7.358001708984375
339 6.954803466796875
340 7.922904968261719
341 4.9933013916015625
342 3.5756988525390625
343 3.4887924194335938
344 3.5058059692382813
345 2.3860015869140625
346 4.2714996337890625
347 4.402801513671875
348 4.121604919433594
349 4.727203369140625
350 6.8657989501953125
351 6.614997863769531
352 4.165496826171875
353 3.5663986206054688
354 4.097198486328125
355 5.44110107421875
356 4.9221954345703125
357 5.628501892089844
358 6.795600891113281
359 5.049797058105469
360 5.540199279785156
361 7.312202453613281
362 5.889900207519531
363 7.439094543457031
364 7.225799560546875
365 9.849906921386719
366 7.8927001953125
367 5.398094177246094
368 5.629302978515625
369 5.270294189453125
370 7.779998779296875
371 6.134193420410156
372 7.1529998779296875
373 8.554595947265625
374 8.805099487304688
375 6.151802062988281
376 6.443595886230469
377 6.310096740722656
378 6.459503173828125
379 5.6591033935546875
380 6.67230224609375
381 5.273399353027344
382 5.2953033447265625
383 4.950599670410156
384 6.27960205078125
385 6.866401672363281
386 6.960700988769531
387 7.501304626464844
388 7.121803283691406
389 6.516197204589844
390 6.744209289550781
391 8.403800964355469
392 5.8246002197265625
393 7.773902893066406
394 6.425300598144531
395 5.639701843261719
396 9.026603698730469
397 8.19769287109375
398 9.545600891113281
399 10.472503662109375
400 11.566902160644531
401 8.209403991699219
402 8.62750244140625
403 6.74639892578125
404 6.2834014892578125
405 5.226203918457031
406 7.52239990234375
407 4.501800537109375
408 4.4810028076171875
409 5.529899597167969
410 6.9709014892578125
411 7.487098693847656
412 5.257499694824219
413 7.530601501464844
414 6.592399597167969
415 4.419403076171875
416 4.023399353027344
417 4.889793395996094
418 4.3740997314453125
419 6.1927947998046875
420 7.0536956787109375
421 4.387596130371094
422 5.1681060791015625
423 5.436798095703125
424 6.145500183105469
425 5.354103088378906
426 2.4682998657226563
427 4.392303466796875
428 5.32269287109375
429 7.597999572753906
430 6.343994140625
431 5.567100524902344
432 7.1959991455078125
433 5.089996337890625
434 4.5426025390625
435 5.259803771972656
436 8.499099731445313
437 7.684303283691406
438 3.5895004272460938
439 4.8491973876953125
440 7.908599853515625
441 5.216606140136719
442 5.248603820800781
443 5.777107238769531
444 4.183601379394531
445 4.493194580078125
446 5.7135009765625
447 5.346099853515625
448 5.798606872558594
449 5.890296936035156
450 6.1134033203125
451 6.82049560546875
452 8.973396301269531
453 9.265403747558594
454 7.709403991699219
455 5.069206237792969
456 6.629302978515625
457 7.643501281738281
458 6.4055023193359375
459 4.605201721191406
460 3.0347976684570313
461 3.0394973754882813
462 4.039100646972656
463 4.474205017089844
464 4.0189971923828125
465 4.293601989746094
466 4.266105651855469
467 5.3961029052734375
468 6.109596252441406
469 8.52239990234375
470 8.412094116210938
471 6.520896911621094
472 8.807098388671875
473 8.412506103515625
474 7.020500183105469
475 6.6667022705078125
476 7.9019927978515625
477 5.9163970947265625
478 5.495506286621094
479 5.11199951171875
480 6.219596862792969
481 5.83770751953125
482 5.849800109863281
483 4.0399932861328125
484 6.406700134277344
485 8.042800903320313
486 7.3589019775390625
487 5.859794616699219
488 5.8625030517578125
489 8.099197387695313
490 8.660194396972656
491 7.743896484375
492 9.230499267578125
493 7.43280029296875
494 3.86920166015625
495 5.813896179199219
496 7.3657989501953125
497 5.0265045166015625
498 6.048606872558594
499 5.6139984130859375
500 5.2480010986328125
