0 17.54560089111328
1 17.54560089111328
2 20.234703063964844
3 21.721099853515625
4 20.412803649902344
5 14.650199890136719
6 16.97850799560547
7 12.578598022460938
8 18.640602111816406
9 17.35320281982422
10 15.875297546386719
11 14.621307373046875
12 13.868995666503906
13 11.91400146484375
14 14.598197937011719
15 11.201805114746094
16 8.568199157714844
17 5.463706970214844
18 6.867805480957031
19 9.50469970703125
20 9.011199951171875
21 10.676895141601563
22 11.831901550292969
23 9.429298400878906
24 10.114097595214844
25 11.02020263671875
26 7.8946075439453125
27 10.112602233886719
28 10.458999633789063
29 13.854202270507813
30 11.121002197265625
31 12.09429931640625
32 11.460708618164063
33 10.94110107421875
34 10.142196655273438
35 8.020599365234375
36 9.328903198242188
37 8.483001708984375
38 9.698493957519531
39 7.017097473144531
40 6.921501159667969
41 9.901702880859375
42 8.840095520019531
43 9.006904602050781
44 12.699600219726563
45 12.836799621582031
46 9.376007080078125
47 9.459197998046875
48 10.046806335449219
49 8.306900024414063
50 9.319198608398438
51 8.014694213867188
52 7.7678985595703125
53 7.849403381347656
54 10.005905151367188
55 9.153404235839844
56 7.650794982910156
57 9.243606567382813
58 10.65130615234375
59 12.112106323242188
60 12.427200317382813
61 11.518196105957031
62 11.902603149414063
63 11.170005798339844
64 12.082595825195313
65 15.223899841308594
66 12.138999938964844
67 12.828498840332031
68 9.040199279785156
69 10.169898986816406
70 11.396598815917969
71 10.430801391601563
72 8.097198486328125
73 10.021598815917969
74 9.514801025390625
75 10.0137939453125
76 8.843505859375
77 8.688400268554688
78 9.725006103515625
79 8.340599060058594
80 9.893096923828125
81 10.137199401855469
82 9.545501708984375
83 6.937904357910156
84 9.317802429199219
85 7.982208251953125
86 10.348602294921875
87 11.543899536132813
88 9.696601867675781
89 8.8948974609375
90 8.479598999023438
91 7.4730987548828125
92 6.4496002197265625
93 7.174995422363281
94 6.0045013427734375
95 6.972198486328125
96 5.973197937011719
97 6.273200988769531
98 7.5576019287109375
99 9.628807067871094
100 10.733901977539063
101 9.768600463867188
102 10.302703857421875
103 9.987503051757813
104 10.117706298828125
105 8.31109619140625
106 8.760101318359375
107 12.107192993164063
108 11.187301635742188
109 11.469596862792969
110 8.687599182128906
111 11.784500122070313
112 11.371498107910156
113 11.098503112792969
114 12.134597778320313
115 10.538200378417969
116 8.856704711914063
117 8.928596496582031
118 9.741096496582031
119 9.095100402832031
120 10.551795959472656
121 9.577201843261719
122 10.825904846191406
123 12.492202758789063
124 11.042701721191406
125 9.806900024414063
126 13.738807678222656
127 11.728004455566406
128 12.459197998046875
129 11.130104064941406
130 10.711898803710938
131 12.958900451660156
132 12.176490783691406
133 9.601997375488281
134 9.022506713867188
135 7.61590576171875
136 8.259101867675781
137 6.8173980712890625
138 7.550498962402344
139 7.529296875
140 8.937400817871094
141 8.32080078125
142 7.2971038818359375
143 8.186904907226563
144 8.222801208496094
145 7.2133026123046875
146 7.796501159667969
147 10.19140625
148 6.761604309082031
149 8.547103881835938
150 7.896598815917969
151 8.151298522949219
152 7.719001770019531
153 7.96929931640625
154 6.314605712890625
155 7.854698181152344
156 8.281501770019531
157 6.7834014892578125
158 5.366294860839844
159 4.550895690917969
160 6.1558990478515625
161 4.1566009521484375
162 5.374298095703125
163 3.9142990112304688
164 4.1454010009765625
165 3.3284988403320313
166 6.738105773925781
167 5.950798034667969
168 7.5251007080078125
169 5.953102111816406
170 8.120803833007813
171 9.052803039550781
172 9.223297119140625
173 10.103599548339844
174 6.497703552246094
175 6.803306579589844
176 7.164306640625
177 8.458198547363281
178 7.201103210449219
179 7.319099426269531
180 4.356597900390625
181 5.979400634765625
182 6.61920166015625
183 6.6237030029296875
184 6.637199401855469
185 7.25579833984375
186 6.629295349121094
187 8.148696899414063
188 6.751899719238281
189 3.3277969360351563
190 4.346397399902344
191 3.4999008178710938
192 3.7834014892578125
193 1.8384933471679688
194 3.3602981567382813
195 4.3466033935546875
196 4.6071014404296875
197 4.6432037353515625
198 3.09820556640625
199 5.040000915527344
200 6.1103973388671875
201 5.585296630859375
202 5.38800048828125
203 4.767097473144531
204 5.594703674316406
205 5.1775970458984375
206 5.313102722167969
207 3.8372955322265625
208 3.625701904296875
209 6.025299072265625
210 4.695098876953125
211 4.545097351074219
212 5.155097961425781
213 4.2259979248046875
214 6.687400817871094
215 6.0758056640625
216 3.4026031494140625
217 4.997001647949219
218 5.84100341796875
219 3.7356033325195313
220 2.855499267578125
221 2.9734039306640625
222 4.624298095703125
223 2.955902099609375
224 3.9824981689453125
225 2.6526031494140625
226 3.2054977416992188
227 3.040802001953125
228 2.9831008911132813
229 3.5620040893554688
230 4.110694885253906
231 3.27490234375
232 3.5511016845703125
233 2.852203369140625
234 4.970703125
235 1.6219940185546875
236 4.3379974365234375
237 2.8555984497070313
238 3.7656021118164063
239 5.324806213378906
240 5.9799957275390625
241 5.4259033203125
242 5.16400146484375
243 5.9398040771484375
244 7.3489990234375
245 6.1667022705078125
246 6.450996398925781
247 6.6685028076171875
248 5.931999206542969
249 4.704803466796875
250 2.4246978759765625
251 4.121299743652344
252 5.9925994873046875
253 3.2884979248046875
254 2.4776992797851563
255 3.3324966430664063
256 3.5283966064453125
257 4.4208984375
258 3.1270980834960938
259 4.635101318359375
260 3.71820068359375
261 4.9373016357421875
262 3.8635940551757813
263 3.6585006713867188
264 4.9376983642578125
265 4.3831024169921875
266 5.294792175292969
267 6.309196472167969
268 3.2613983154296875
269 7.5673980712890625
270 7.422698974609375
271 5.7317962646484375
272 6.063301086425781
273 7.14410400390625
274 5.691596984863281
275 4.905998229980469
276 6.0511016845703125
277 6.031898498535156
278 6.826103210449219
279 3.8639984130859375
280 4.4608001708984375
281 4.858695983886719
282 5.310302734375
283 6.162605285644531
284 6.883598327636719
285 7.333702087402344
286 5.7848052978515625
287 5.105499267578125
288 5.408302307128906
289 7.643501281738281
290 6.5547027587890625
291 5.559501647949219
292 4.6571044921875
293 6.9474029541015625
294 4.6389007568359375
295 5.130393981933594
296 4.887901306152344
297 5.041603088378906
298 4.38250732421875
299 3.4738998413085938
300 2.1443023681640625
301 4.015296936035156
302 3.6750946044921875
303 4.453102111816406
304 5.1667022705078125
305 4.949699401855469
306 7.7322998046875
307 4.6367034912109375
308 6.435401916503906
309 5.415397644042969
310 4.89599609375
311 4.530006408691406
312 8.757606506347656
313 7.318901062011719
314 6.679603576660156
315 6.969200134277344
316 5.5027008056640625
317 4.3300933837890625
318 4.118499755859375
319 5.3910064697265625
320 6.360603332519531
321 6.546897888183594
322 6.841499328613281
323 5.85009765625
324 5.268104553222656
325 5.96319580078125
326 4.717201232910156
327 4.83929443359375
328 7.0724029541015625
329 7.765098571777344
330 8.457099914550781
331 7.910194396972656
332 8.847496032714844
333 8.048103332519531
334 9.450798034667969
335 7.5937042236328125
336 7.910301208496094
337 6.306297302246094
338 8.307998657226563
339 8.874801635742188
340 8.242904663085938
341 9.153297424316406
342 9.895698547363281
343 7.238792419433594
344 5.385795593261719
345 5.7760009765625
346 6.3014984130859375
347 4.272804260253906
348 4.211601257324219
349 4.787200927734375
350 3.4958038330078125
351 2.8649978637695313
352 4.145500183105469
353 3.8664016723632813
354 6.167198181152344
355 7.101104736328125
356 7.4922027587890625
357 7.5684967041015625
358 5.5655975341796875
359 4.969795227050781
360 6.5001983642578125
361 4.3022003173828125
362 6.939903259277344
363 5.0890960693359375
364 6.865806579589844
365 7.4499053955078125
366 6.932701110839844
367 5.338096618652344
368 6.0493011474609375
369 6.640296936035156
370 6.279998779296875
371 7.854194641113281
372 7.023002624511719
373 8.224601745605469
374 5.655097961425781
375 5.6417999267578125
376 5.5536041259765625
377 7.830101013183594
378 10.249504089355469
379 6.479103088378906
380 8.342300415039063
381 8.263397216796875
382 7.185302734375
383 10.690605163574219
384 9.679603576660156
385 6.2263946533203125
386 6.5106964111328125
387 4.0113067626953125
388 6.2218017578125
389 7.756202697753906
390 9.004203796386719
391 7.093803405761719
392 7.724601745605469
393 8.143898010253906
394 6.3553009033203125
395 6.5196990966796875
396 8.836601257324219
397 4.107696533203125
398 7.105598449707031
399 6.012504577636719
400 6.396903991699219
401 5.329399108886719
402 5.697502136230469
403 4.3863983154296875
404 6.263397216796875
405 6.326202392578125
406 6.4123992919921875
407 5.3018035888671875
408 9.291000366210938
409 7.519905090332031
410 6.760902404785156
411 9.957099914550781
412 7.307502746582031
413 4.4806060791015625
414 3.9823989868164063
415 4.6493988037109375
416 2.1034011840820313
417 4.699798583984375
418 5.164100646972656
419 6.4427947998046875
420 7.763694763183594
421 6.437599182128906
422 6.36810302734375
423 6.0467987060546875
424 9.5155029296875
425 7.5341033935546875
426 7.1483001708984375
427 6.0023040771484375
428 6.0626983642578125
429 6.3379974365234375
430 6.374000549316406
431 5.477104187011719
432 7.1060028076171875
433 6.589996337890625
434 6.302604675292969
435 8.509796142578125
436 9.509101867675781
437 9.764297485351563
438 7.2794952392578125
439 8.439201354980469
440 9.558601379394531
441 7.0966033935546875
442 7.598602294921875
443 6.5171051025390625
444 9.933601379394531
445 8.853202819824219
446 7.813499450683594
447 5.996101379394531
448 7.058601379394531
449 7.230293273925781
450 6.5334014892578125
451 5.260498046875
452 7.353401184082031
453 7.325401306152344
454 7.899406433105469
455 6.6992034912109375
456 8.959297180175781
457 8.233505249023438
458 7.885498046875
459 6.39520263671875
460 4.7447967529296875
461 4.969505310058594
462 6.639106750488281
463 7.254203796386719
464 4.648994445800781
465 4.963600158691406
466 5.4261016845703125
467 7.9860992431640625
468 9.429595947265625
469 8.862396240234375
470 8.452102661132813
471 8.2908935546875
472 7.577095031738281
473 6.622505187988281
474 6.160499572753906
475 6.016700744628906
476 6.8419952392578125
477 4.736396789550781
478 5.82550048828125
479 5.931999206542969
480 5.9795989990234375
481 5.367706298828125
482 4.739799499511719
483 5.19000244140625
484 6.936698913574219
485 6.402793884277344
486 5.868904113769531
487 5.099800109863281
488 4.0225067138671875
489 7.939201354980469
490 7.060203552246094
491 7.723899841308594
492 7.630500793457031
493 7.502799987792969
494 6.999198913574219
495 6.643898010253906
496 8.915794372558594
497 7.91650390625
498 7.12860107421875
499 6.16400146484375
500 4.9980010986328125
