0 24.415603637695313
1 24.41559600830078
2 23.464698791503906
3 20.69110870361328
4 19.322799682617188
5 15.940200805664063
6 18.248504638671875
7 20.388595581054688
8 20.350601196289063
9 23.113197326660156
10 18.535293579101563
11 22.77130889892578
12 22.868995666503906
13 25.064002990722656
14 23.058197021484375
15 23.801803588867188
16 23.078208923339844
17 21.293701171875
18 19.17780303955078
19 19.32470703125
20 15.161201477050781
21 15.816902160644531
22 15.651901245117188
23 12.679298400878906
24 14.524093627929688
25 13.130203247070313
26 12.614601135253906
27 13.152595520019531
28 12.458999633789063
29 13.214202880859375
30 12.560997009277344
31 9.97430419921875
32 10.310707092285156
33 10.551101684570313
34 9.722198486328125
35 11.020606994628906
36 11.638908386230469
37 10.64300537109375
38 11.778495788574219
39 10.557098388671875
40 8.23150634765625
41 11.6217041015625
42 9.820098876953125
43 8.586906433105469
44 7.6696014404296875
45 7.706794738769531
46 8.706008911132813
47 9.189201354980469
48 10.556800842285156
49 11.686904907226563
50 11.719200134277344
51 7.534698486328125
52 9.777900695800781
53 7.9094085693359375
54 11.035903930664063
55 12.4833984375
56 13.350799560546875
57 13.043601989746094
58 10.981307983398438
59 10.602104187011719
60 7.4571990966796875
61 10.438201904296875
62 10.652603149414063
63 10.840003967285156
64 7.452598571777344
65 9.523902893066406
66 10.749000549316406
67 11.028495788574219
68 11.610198974609375
69 10.239898681640625
70 10.096595764160156
71 7.160797119140625
72 5.997200012207031
73 8.381599426269531
74 10.154800415039063
75 9.653800964355469
76 9.53350830078125
77 11.378395080566406
78 11.715003967285156
79 10.820594787597656
80 11.003097534179688
81 12.077201843261719
82 9.7655029296875
83 10.017906188964844
84 10.92779541015625
85 10.802200317382813
86 12.728599548339844
87 11.31390380859375
88 12.32659912109375
89 12.324897766113281
90 9.699600219726563
91 7.983100891113281
92 9.2196044921875
93 12.944999694824219
94 12.944503784179688
95 9.832206726074219
96 10.803199768066406
97 12.993202209472656
98 9.927597045898438
99 9.098800659179688
100 12.263900756835938
101 15.948600769042969
102 16.122703552246094
103 12.207504272460938
104 17.507705688476563
105 14.991096496582031
106 16.460098266601563
107 20.69719696044922
108 15.337295532226563
109 16.429603576660156
110 14.887596130371094
111 15.414497375488281
112 13.381500244140625
113 13.958503723144531
114 9.554595947265625
115 12.638198852539063
116 12.36669921875
117 9.508598327636719
118 8.2510986328125
119 8.855094909667969
120 10.201797485351563
121 10.127197265625
122 10.315902709960938
123 10.332206726074219
124 9.662704467773438
125 9.196907043457031
126 12.688804626464844
127 10.958000183105469
128 14.299201965332031
129 11.340095520019531
130 9.5718994140625
131 8.828903198242188
132 11.926498413085938
133 12.482002258300781
134 15.122505187988281
135 15.255897521972656
136 14.169097900390625
137 12.927398681640625
138 9.920494079589844
139 15.399299621582031
140 14.157394409179688
141 13.940803527832031
142 14.297103881835938
143 15.966903686523438
144 16.512794494628906
145 17.213302612304688
146 16.246498107910156
147 14.931396484375
148 14.741600036621094
149 15.617103576660156
150 16.236595153808594
151 18.631301879882813
152 16.15899658203125
153 14.479301452636719
154 12.864601135253906
155 16.094696044921875
156 13.551506042480469
157 13.283401489257813
158 13.816299438476563
159 18.130897521972656
160 18.935897827148438
161 16.726600646972656
162 17.41429901123047
163 22.114303588867188
164 21.21540069580078
165 21.89850616455078
166 21.168106079101563
167 18.57080078125
168 17.945106506347656
169 17.633102416992188
170 20.610794067382813
171 19.162796020507813
172 15.203300476074219
173 15.583595275878906
174 13.2677001953125
175 13.503303527832031
176 11.964302062988281
177 13.698196411132813
178 15.001106262207031
179 14.659103393554688
180 13.936599731445313
181 15.859397888183594
182 15.329208374023438
183 15.273696899414063
184 14.437202453613281
185 13.575790405273438
186 16.799293518066406
187 16.09869384765625
188 15.231895446777344
189 16.75780487060547
190 16.046401977539063
191 13.109901428222656
192 14.963401794433594
193 15.558494567871094
194 15.340293884277344
195 17.346595764160156
196 15.767097473144531
197 15.713203430175781
198 18.938201904296875
199 18.620010375976563
200 17.830398559570313
201 14.855300903320313
202 13.197998046875
203 17.507095336914063
204 18.164703369140625
205 16.4176025390625
206 16.603103637695313
207 15.947303771972656
208 18.625701904296875
209 19.665298461914063
210 19.365097045898438
211 19.255104064941406
212 16.48509979248047
213 19.406005859375
214 19.937400817871094
215 18.335800170898438
216 13.7926025390625
217 17.887001037597656
218 17.33099365234375
219 17.24559783935547
220 14.595497131347656
221 16.753402709960938
222 16.834304809570313
223 18.16590118408203
224 19.082504272460938
225 14.682601928710938
226 16.345497131347656
227 14.110801696777344
228 16.473106384277344
229 16.67200469970703
230 20.03070068359375
231 15.264900207519531
232 13.411102294921875
233 19.892196655273438
234 17.770706176757813
235 16.192001342773438
236 17.537994384765625
237 15.665596008300781
238 16.265594482421875
239 12.714805603027344
240 15.399993896484375
241 14.655906677246094
242 19.374000549316406
243 15.149803161621094
244 17.47899627685547
245 15.976699829101563
246 14.241004943847656
247 11.038505554199219
248 16.251998901367188
249 18.814804077148438
250 15.294700622558594
251 16.751304626464844
252 20.11260223388672
253 18.13849639892578
254 16.547698974609375
255 19.722496032714844
256 18.268402099609375
257 19.750900268554688
258 17.697105407714844
259 18.135101318359375
260 16.84819793701172
261 15.967300415039063
262 16.543594360351563
263 19.178497314453125
264 17.547698974609375
265 11.323104858398438
266 13.574798583984375
267 8.399200439453125
268 11.151397705078125
269 12.14739990234375
270 10.422698974609375
271 10.051795959472656
272 13.94329833984375
273 14.154106140136719
274 10.481605529785156
275 9.005996704101563
276 8.081100463867188
277 12.811904907226563
278 9.016098022460938
279 9.954002380371094
280 10.420799255371094
281 10.808700561523438
282 11.00030517578125
283 10.772598266601563
284 9.523597717285156
285 9.083702087402344
286 8.324798583984375
287 8.235496520996094
288 8.528305053710938
289 11.183502197265625
290 11.914703369140625
291 10.04949951171875
292 8.507102966308594
293 7.907402038574219
294 7.928901672363281
295 7.0803985595703125
296 11.747901916503906
297 9.791603088378906
298 10.082504272460938
299 10.383903503417969
300 9.394302368164063
301 11.645301818847656
302 10.655097961425781
303 11.823104858398438
304 13.30670166015625
305 11.359703063964844
306 14.052299499511719
307 11.80670166015625
308 12.09539794921875
309 13.365402221679688
310 11.096000671386719
311 15.110008239746094
312 13.007598876953125
313 15.628890991210938
314 12.669609069824219
315 12.67919921875
316 12.562705993652344
317 12.750099182128906
318 11.198501586914063
319 12.6510009765625
320 12.040603637695313
321 13.916900634765625
322 13.631500244140625
323 9.800102233886719
324 10.438102722167969
325 12.183197021484375
326 10.697196960449219
327 10.869293212890625
328 9.71240234375
329 12.515098571777344
330 12.737098693847656
331 11.280197143554688
332 11.977500915527344
333 13.458099365234375
334 13.550796508789063
335 13.723709106445313
336 10.450302124023438
337 10.126304626464844
338 12.468002319335938
339 12.534805297851563
340 13.252906799316406
341 10.103294372558594
342 8.285697937011719
343 7.478797912597656
344 9.295799255371094
345 8.655998229980469
346 9.261497497558594
347 10.362800598144531
348 10.631599426269531
349 10.227203369140625
350 12.495803833007813
351 13.504997253417969
352 10.865501403808594
353 10.646400451660156
354 11.077201843261719
355 12.021102905273438
356 12.512199401855469
357 12.0885009765625
358 14.395606994628906
359 10.859794616699219
360 13.0802001953125
361 16.412200927734375
362 12.759902954101563
363 13.029098510742188
364 12.845802307128906
365 14.959907531738281
366 14.592697143554688
367 13.158096313476563
368 11.939300537109375
369 10.650299072265625
370 14.159996032714844
371 13.984199523925781
372 15.2030029296875
373 14.784599304199219
374 15.805099487304688
375 13.201797485351563
376 11.823600769042969
377 10.300094604492188
378 11.469497680664063
379 12.909103393554688
380 12.342300415039063
381 10.463401794433594
382 10.965301513671875
383 7.7906036376953125
384 11.849601745605469
385 11.916397094726563
386 13.190696716308594
387 14.111305236816406
388 11.711807250976563
389 11.056198120117188
390 9.55419921875
391 13.513809204101563
392 8.674606323242188
393 10.943901062011719
394 10.135299682617188
395 10.619705200195313
396 12.536605834960938
397 11.45770263671875
398 10.765594482421875
399 13.682502746582031
400 15.406898498535156
401 12.509407043457031
402 13.207504272460938
403 13.4263916015625
404 8.303398132324219
405 10.396202087402344
406 11.542396545410156
407 9.941802978515625
408 9.981002807617188
409 10.789901733398438
410 13.370895385742188
411 11.867103576660156
412 10.277496337890625
413 14.270606994628906
414 13.77239990234375
415 10.059402465820313
416 11.753395080566406
417 10.629791259765625
418 10.194107055664063
419 11.2427978515625
420 11.823699951171875
421 10.107597351074219
422 12.748100280761719
423 12.456794738769531
424 12.635505676269531
425 11.974105834960938
426 8.578300476074219
427 10.852302551269531
428 12.552696228027344
429 13.898002624511719
430 14.533988952636719
431 11.147102355957031
432 13.916000366210938
433 13.270004272460938
434 11.082603454589844
435 10.579803466796875
436 13.619102478027344
437 11.194297790527344
438 8.369499206542969
439 8.879196166992188
440 13.368598937988281
441 10.496604919433594
442 9.25860595703125
443 10.59710693359375
444 8.693603515625
445 9.183197021484375
446 11.033500671386719
447 10.606101989746094
448 11.448600769042969
449 10.6802978515625
450 11.893402099609375
451 12.670494079589844
452 13.883399963378906
453 13.195396423339844
454 13.529396057128906
455 8.849205017089844
456 10.119300842285156
457 12.453506469726563
458 11.0155029296875
459 9.925201416015625
460 9.214797973632813
461 8.529502868652344
462 9.959098815917969
463 8.49420166015625
464 7.8990020751953125
465 9.073600769042969
466 7.8661041259765625
467 8.836097717285156
468 10.419593811035156
469 13.212394714355469
470 12.272102355957031
471 10.260894775390625
472 12.737091064453125
473 11.50250244140625
474 10.940498352050781
475 10.18670654296875
476 12.241996765136719
477 10.756401062011719
478 9.735504150390625
479 8.942001342773438
480 9.229598999023438
481 9.687705993652344
482 9.629798889160156
483 9.19000244140625
484 11.11669921875
485 12.652793884277344
486 11.868904113769531
487 12.179801940917969
488 13.212501525878906
489 13.459205627441406
490 13.300201416015625
491 12.43389892578125
492 13.800506591796875
493 12.562797546386719
494 8.979194641113281
495 9.613899230957031
496 9.665802001953125
497 8.316497802734375
498 10.338600158691406
499 11.064002990722656
500 11.198005676269531
