0 13.815597534179688
1 13.815597534179688
2 17.774696350097656
3 14.311103820800781
4 10.092796325683594
5 5.510200500488281
6 7.618507385253906
7 6.6385955810546875
8 10.93060302734375
9 10.763206481933594
10 7.1952972412109375
11 7.621307373046875
12 9.359001159667969
13 7.1840057373046875
14 6.658195495605469
15 5.061798095703125
16 1.8382034301757813
17 -0.33629608154296875
18 -0.31220245361328125
19 0.974700927734375
20 0.381195068359375
21 1.7968978881835938
22 1.8019027709960938
23 -0.37070465087890625
24 1.5941009521484375
25 0.17020416259765625
26 -1.4053955078125
27 0.012603759765625
28 0.16899871826171875
29 4.0442047119140625
30 1.871002197265625
31 0.9943008422851563
32 1.6007080078125
33 1.2910995483398438
34 0.6222000122070313
35 -1.0494003295898438
36 -0.2610931396484375
37 -0.8069915771484375
38 0.2884979248046875
39 -2.4529037475585938
40 -2.5984954833984375
41 0.0717010498046875
42 -1.929901123046875
43 -1.9831008911132813
44 1.3196029663085938
45 2.2967987060546875
46 -0.5239944458007813
47 0.24919891357421875
48 0.2667999267578125
49 -0.15309906005859375
50 0.21920013427734375
51 -1.685302734375
52 -1.7921028137207031
53 -2.3405914306640625
54 0.5858993530273438
55 0.15340423583984375
56 -1.17919921875
57 0.033599853515625
58 0.9213027954101563
59 2.402099609375
60 1.6771926879882813
61 0.998199462890625
62 1.1926040649414063
63 1.7300033569335938
64 1.2625961303710938
65 4.503898620605469
66 1.5189971923828125
67 1.9484939575195313
68 -0.6897964477539063
69 -0.6901016235351563
70 0.606597900390625
71 -0.18920135498046875
72 -2.5628013610839844
73 -0.8084030151367188
74 -1.0751953125
75 -0.2261962890625
76 -0.49649810791015625
77 -1.6416015625
78 -0.9449996948242188
79 -1.8593978881835938
80 0.173095703125
81 -0.2928009033203125
82 -1.0544967651367188
83 -2.4820938110351563
84 -0.29219818115234375
85 -0.9777984619140625
86 0.5685958862304688
87 0.6639022827148438
88 0.20660400390625
89 -1.005096435546875
90 -1.3003997802734375
91 -2.0069046020507813
92 -2.9704055786132813
93 -1.2750015258789063
94 -1.725494384765625
95 -2.0277938842773438
96 -3.1167984008789063
97 -1.1768035888671875
98 -1.9123992919921875
99 -0.37119293212890625
100 1.5438995361328125
101 1.4785995483398438
102 2.0027084350585938
103 0.28749847412109375
104 1.95770263671875
105 0.35109710693359375
106 0.9001007080078125
107 3.977203369140625
108 3.1772994995117188
109 2.2795944213867188
110 -0.22240447998046875
111 2.4645004272460938
112 1.8315048217773438
113 2.0984954833984375
114 1.8646011352539063
115 1.8282012939453125
116 0.4766998291015625
117 -1.5013961791992188
118 -1.05889892578125
119 -1.0348968505859375
120 0.5117950439453125
121 -0.7328033447265625
122 0.2158966064453125
123 1.0421981811523438
124 0.0626983642578125
125 -1.203094482421875
126 2.7788009643554688
127 1.1880035400390625
128 1.8792037963867188
129 0.760101318359375
130 -0.3180999755859375
131 2.028900146484375
132 1.4264984130859375
133 0.73199462890625
134 -0.18749237060546875
135 -1.5641021728515625
136 -1.2509002685546875
137 -2.3526039123535156
138 -2.0595016479492188
139 -1.03070068359375
140 -0.5426025390625
141 -0.6992034912109375
142 -1.2428970336914063
143 0.416900634765625
144 0.272796630859375
145 -0.15670013427734375
146 -0.77349853515625
147 1.0513992309570313
148 -1.518402099609375
149 -0.6128997802734375
150 -0.55340576171875
151 1.1313018798828125
152 0.39899444580078125
153 -1.3806991577148438
154 -2.97540283203125
155 -0.775299072265625
156 -1.5985031127929688
157 -2.2565994262695313
158 -2.1437034606933594
159 -1.9790992736816406
160 -0.44409942626953125
161 -1.7733993530273438
162 -1.3157005310058594
163 -0.20569610595703125
164 -0.4246063232421875
165 -1.0515060424804688
166 0.5781021118164063
167 -0.24919891357421875
168 0.04509735107421875
169 -1.3469009399414063
170 1.7707977294921875
171 1.462799072265625
172 -0.586700439453125
173 1.6836013793945313
174 -2.8922958374023438
175 -2.3466949462890625
176 -2.90570068359375
177 -1.5218048095703125
178 -1.338897705078125
179 -0.9608993530273438
180 -3.763397216796875
181 -1.8206024169921875
182 -2.100799560546875
183 -1.7863006591796875
184 -2.6027984619140625
185 -2.774200439453125
186 -1.7307052612304688
187 -0.801300048828125
188 -1.268096923828125
189 -3.2722015380859375
190 -2.953601837158203
191 -4.510105133056641
192 -3.1765975952148438
193 -4.601505279541016
194 -3.4597015380859375
195 -2.1533966064453125
196 -1.562896728515625
197 -2.1467971801757813
198 -1.4817962646484375
199 -0.9000015258789063
200 -0.5096054077148438
201 -1.8946990966796875
202 -3.6520042419433594
203 -0.5929031372070313
204 -1.145294189453125
205 -0.7924041748046875
206 -1.7468948364257813
207 -3.302703857421875
208 -1.5742950439453125
209 -0.3647003173828125
210 -0.34490203857421875
211 -0.5949020385742188
212 -0.46490478515625
213 -0.444000244140625
214 0.9474029541015625
215 -0.7842025756835938
216 -3.4074020385742188
217 -0.9930038452148438
218 -0.18900299072265625
219 -0.7244033813476563
220 -2.3145065307617188
221 -2.6865997314453125
222 -0.8656997680664063
223 -1.5740966796875
224 -1.0875015258789063
225 -3.5074005126953125
226 -2.4844970703125
227 -3.4492034912109375
228 -2.8568954467773438
229 -1.2779998779296875
230 -0.07930755615234375
231 -3.3551025390625
232 -3.3889007568359375
233 -1.8777999877929688
234 -1.1092987060546875
235 -3.937999725341797
236 -1.2119979858398438
237 -1.264404296875
238 -0.544403076171875
239 -2.8451995849609375
240 -0.9200057983398438
241 -2.544097900390625
242 -0.20600128173828125
243 -0.8102035522460938
244 1.3889999389648438
245 -1.3032989501953125
246 -1.3889999389648438
247 -1.7515029907226563
248 -0.417999267578125
249 1.5548019409179688
250 -1.9052963256835938
251 -1.5386962890625
252 0.9825973510742188
253 -1.9814987182617188
254 -3.442302703857422
255 -1.3675003051757813
256 -1.83160400390625
257 -0.63909912109375
258 -2.3228988647460938
259 -1.424896240234375
260 -2.701801300048828
261 -2.5027008056640625
262 -3.0864028930664063
263 -1.5814971923828125
264 -0.952301025390625
265 -3.166900634765625
266 -2.9552001953125
267 -2.5607986450195313
268 -3.87860107421875
269 -0.882598876953125
270 -2.1273040771484375
271 -3.7682037353515625
272 -2.5167007446289063
273 -1.0858993530273438
274 -3.468402862548828
275 -3.624004364013672
276 -2.9488983154296875
277 -2.0381011962890625
278 -3.2838973999023438
279 -3.3959999084472656
280 -4.439201354980469
281 -2.77130126953125
282 -1.8897018432617188
283 -3.1473960876464844
284 -2.5363998413085938
285 -1.1162948608398438
286 -1.6851959228515625
287 -3.4745025634765625
288 -3.2617034912109375
289 -0.8064956665039063
290 -1.6952972412109375
291 -3.720500946044922
292 -5.002899169921875
293 -3.3926010131835938
294 -5.431098937988281
295 -5.289604187011719
296 -4.132102966308594
297 -5.228401184082031
298 -5.067497253417969
299 -4.626106262207031
300 -5.715702056884766
301 -3.644702911376953
302 -3.9049034118652344
303 -2.916900634765625
304 -1.973297119140625
305 -3.4603042602539063
306 -0.987701416015625
307 -3.38330078125
308 -2.1545944213867188
309 -1.6146011352539063
310 -3.634002685546875
311 -2.2900009155273438
312 1.0176010131835938
313 -0.32110595703125
314 -0.8903961181640625
315 -0.34079742431640625
316 -2.0872955322265625
317 -2.619903564453125
318 -2.79150390625
319 -1.718994140625
320 -1.3593978881835938
321 -1.2831039428710938
322 -1.2184982299804688
323 -2.1999053955078125
324 -3.2118988037109375
325 -2.2967987060546875
326 -3.8727989196777344
327 -4.760704040527344
328 -2.2475967407226563
329 -1.7748947143554688
330 -0.3029022216796875
331 -2.5498046875
332 -1.7024993896484375
333 -0.5219039916992188
334 -1.1892013549804688
335 -0.9062957763671875
336 -1.8896942138671875
337 -3.383697509765625
338 -0.3220062255859375
339 -0.05519866943359375
340 -1.1071014404296875
341 -0.336700439453125
342 -1.0143051147460938
343 -0.5712051391601563
344 -3.834197998046875
345 -2.2440032958984375
346 -2.498504638671875
347 -4.387199401855469
348 -5.1884002685546875
349 -2.8227996826171875
350 -3.7541961669921875
351 -4.194999694824219
352 -2.9944992065429688
353 -2.4335975646972656
354 -1.9628067016601563
355 -0.17889404296875
356 -0.8878021240234375
357 -1.9715003967285156
358 -2.3543968200683594
359 -5.900203704833984
360 -1.9998016357421875
361 -1.3677978515625
362 -2.6800994873046875
363 -1.7609024047851563
364 -0.9441986083984375
365 -0.6700973510742188
366 -0.6473007202148438
367 -1.3719024658203125
368 -3.250701904296875
369 -3.1897048950195313
370 -1.339996337890625
371 -0.12580108642578125
372 -1.0470046997070313
373 -0.315399169921875
374 -1.7848968505859375
375 -1.46820068359375
376 -2.4563980102539063
377 -2.8499069213867188
378 0.019500732421875
379 -1.1508941650390625
380 0.42230224609375
381 -0.106597900390625
382 -0.814697265625
383 -0.7394027709960938
384 -0.130401611328125
385 -2.643604278564453
386 -4.46929931640625
387 -4.738697052001953
388 -5.318195343017578
389 -4.363803863525391
390 -3.6057968139648438
391 -3.3361968994140625
392 -3.9553985595703125
393 -2.7860984802246094
394 -5.494701385498047
395 -4.670299530029297
396 -2.513397216796875
397 -5.772300720214844
398 -4.394401550292969
399 -4.49749755859375
400 -4.203102111816406
401 -5.320598602294922
402 -4.402496337890625
403 -4.823604583740234
404 -4.6566009521484375
405 -4.153797149658203
406 -4.357597351074219
407 -3.758197784423828
408 -2.3689956665039063
409 -2.760101318359375
410 -2.7691001892089844
411 -1.78289794921875
412 -4.022502899169922
413 -3.4893951416015625
414 -3.1175994873046875
415 -4.370597839355469
416 -5.8766021728515625
417 -4.6302032470703125
418 -3.6958999633789063
419 -2.7771987915039063
420 -1.77630615234375
421 -2.7924041748046875
422 -1.4018936157226563
423 -2.283203125
424 1.235504150390625
425 -0.205902099609375
426 -2.80169677734375
427 -2.8777008056640625
428 -2.9173011779785156
429 -2.6920013427734375
430 -1.1360015869140625
431 -3.7128982543945313
432 -2.41400146484375
433 -2.5500030517578125
434 -1.5474014282226563
435 -2.860198974609375
436 0.5190963745117188
437 -1.77569580078125
438 -3.0505027770996094
439 -1.7708053588867188
440 -0.9214019775390625
441 -2.533397674560547
442 -2.5214004516601563
443 -1.9528961181640625
444 -0.17639923095703125
445 -1.2168006896972656
446 -2.0265045166015625
447 -3.3438987731933594
448 -2.261394500732422
449 -2.3697052001953125
450 -2.7665977478027344
451 -3.2195053100585938
452 -2.1765975952148438
453 -1.3446044921875
454 0.5594024658203125
455 -2.1707992553710938
456 -1.7607040405273438
457 -0.906494140625
458 -0.67449951171875
459 -1.7248001098632813
460 -2.745208740234375
461 -4.280498504638672
462 -1.2909011840820313
463 -3.4357986450195313
464 -5.361000061035156
465 -5.026401519775391
466 -5.963897705078125
467 -3.393901824951172
468 -1.9303970336914063
469 -0.9576034545898438
470 -2.6179046630859375
471 -2.8090972900390625
472 -2.332904815673828
473 -4.217498779296875
474 -3.5895004272460938
475 -3.673297882080078
476 -2.3380050659179688
477 -3.423603057861328
478 -4.054500579833984
479 -4.037998199462891
480 -3.5004043579101563
481 -3.9822998046875
482 -4.810203552246094
483 -4.340003967285156
484 -3.13330078125
485 -2.5572052001953125
486 -3.3511009216308594
487 -3.3902053833007813
488 -3.24749755859375
489 -0.410797119140625
490 -1.4598007202148438
491 -1.6561050415039063
492 -0.6094970703125
493 -1.6772003173828125
494 -4.590801239013672
495 -4.526100158691406
496 -3.384204864501953
497 -4.003501892089844
498 -3.2913970947265625
499 -4.0260009765625
500 -3.9819984436035156
