0 27.015609741210938
1 27.015602111816406
2 26.604705810546875
3 29.631103515625
4 31.642799377441406
5 26.3302001953125
6 28.77851104736328
7 22.768600463867188
8 30.630599975585938
9 29.063201904296875
10 27.74530029296875
11 26.981307983398438
12 24.798995971679688
13 23.59400177001953
14 27.89820098876953
15 23.15180206298828
16 21.89820098876953
17 18.12371063232422
18 19.29779815673828
19 21.994705200195313
20 21.501197814941406
21 23.176902770996094
22 24.401901245117188
23 21.499298095703125
24 22.77410125732422
25 22.250198364257813
26 20.35460662841797
27 20.85260772705078
28 20.589004516601563
29 25.36420440673828
30 22.04100799560547
31 22.7843017578125
32 22.78070068359375
33 22.111106872558594
34 21.94219970703125
35 19.320602416992188
36 21.05889892578125
37 20.373001098632813
38 21.918495178222656
39 18.687103271484375
40 18.4215087890625
41 21.641708374023438
42 20.78009796142578
43 21.606903076171875
44 23.619606018066406
45 23.826805114746094
46 21.006004333496094
47 21.099197387695313
48 22.186798095703125
49 20.096900939941406
50 21.649200439453125
51 20.544700622558594
52 20.417892456054688
53 20.229400634765625
54 22.7958984375
55 21.75341033935547
56 20.860801696777344
57 22.37360382080078
58 22.811302185058594
59 24.242103576660156
60 23.097206115722656
61 24.39820098876953
62 23.91260528564453
63 22.960006713867188
64 23.202598571777344
65 25.653900146484375
66 23.41899871826172
67 24.038497924804688
68 21.630203247070313
69 22.57989501953125
70 23.416595458984375
71 20.370803833007813
72 20.377197265625
73 21.20159912109375
74 22.024803161621094
75 21.793792724609375
76 22.053504943847656
77 21.90839385986328
78 22.81500244140625
79 21.340606689453125
80 22.0531005859375
81 22.69719696044922
82 22.415504455566406
83 19.057907104492188
84 20.507797241210938
85 21.102203369140625
86 23.048599243164063
87 24.083900451660156
88 22.82659912109375
89 21.364906311035156
90 21.09960174560547
91 19.283096313476563
92 19.03960418701172
93 20.13500213623047
94 19.344505310058594
95 19.662200927734375
96 18.21319580078125
97 19.243202209472656
98 20.617599487304688
99 21.248809814453125
100 23.483909606933594
101 24.798606872558594
102 24.07270050048828
103 23.047500610351563
104 24.157699584960938
105 21.531105041503906
106 23.04010772705078
107 26.217201232910156
108 24.407302856445313
109 24.9595947265625
110 22.4075927734375
111 24.30449676513672
112 23.30150604248047
113 24.318504333496094
114 23.744606018066406
115 23.298194885253906
116 22.076698303222656
117 21.408599853515625
118 22.06110382080078
119 21.265106201171875
120 23.621795654296875
121 22.017196655273438
122 23.265892028808594
123 23.922203063964844
124 23.222702026367188
125 22.06690216064453
126 25.298797607421875
127 24.37799835205078
128 25.329200744628906
129 23.460098266601563
130 22.551895141601563
131 24.228897094726563
132 24.16649627685547
133 22.462005615234375
134 21.362503051757813
135 19.995895385742188
136 20.929100036621094
137 20.387405395507813
138 19.670494079589844
139 20.829299926757813
140 22.247398376464844
141 21.720809936523438
142 21.317100524902344
143 22.326904296875
144 21.652801513671875
145 20.733306884765625
146 21.21649932861328
147 22.601402282714844
148 20.971603393554688
149 22.207107543945313
150 20.866600036621094
151 21.501304626464844
152 21.319000244140625
153 21.039306640625
154 20.184608459472656
155 20.894699096679688
156 21.001502990722656
157 20.153404235839844
158 18.866294860839844
159 17.99089813232422
160 20.155899047851563
161 17.446609497070313
162 19.554306030273438
163 17.644309997558594
164 17.785400390625
165 17.008499145507813
166 20.338104248046875
167 19.860794067382813
168 20.505096435546875
169 19.393096923828125
170 22.540802001953125
171 22.98279571533203
172 22.613296508789063
173 23.083595275878906
174 20.567710876464844
175 20.403305053710938
176 20.214309692382813
177 22.03820037841797
178 20.201095581054688
179 20.44910430908203
180 18.126602172851563
181 19.68939971923828
182 20.329208374023438
183 20.183700561523438
184 19.917198181152344
185 20.595802307128906
186 21.1593017578125
187 22.688697814941406
188 21.431907653808594
189 17.247802734375
190 18.74640655517578
191 18.2698974609375
192 17.60340118408203
193 15.8284912109375
194 17.470298767089844
195 18.406600952148438
196 18.527099609375
197 18.563209533691406
198 17.08820343017578
199 18.70000457763672
200 20.54039764404297
201 19.975296020507813
202 19.498001098632813
203 19.197105407714844
204 19.544700622558594
205 19.59760284423828
206 19.773101806640625
207 17.117294311523438
208 17.445701599121094
209 19.69530487060547
210 18.28510284423828
211 18.03510284423828
212 18.42510223388672
213 17.816001892089844
214 20.297401428222656
215 20.355796813964844
216 17.172607421875
217 18.016998291015625
218 19.430999755859375
219 16.855606079101563
220 16.655502319335938
221 16.943405151367188
222 18.414306640625
223 16.48590087890625
224 17.542503356933594
225 16.182601928710938
226 16.32550048828125
227 15.670799255371094
228 15.063102722167969
229 16.522003173828125
230 16.880699157714844
231 16.934898376464844
232 17.411102294921875
233 16.612205505371094
234 18.39069366455078
235 14.972000122070313
236 18.14800262451172
237 15.485603332519531
238 17.68560028076172
239 18.42479705810547
240 18.959999084472656
241 18.9259033203125
242 17.65399932861328
243 17.529800415039063
244 19.298995971679688
245 18.80670166015625
246 18.871002197265625
247 18.438499450683594
248 18.702003479003906
249 17.504806518554688
250 14.6947021484375
251 17.371307373046875
252 19.15259552001953
253 16.928504943847656
254 15.897705078125
255 16.912498474121094
256 15.198402404785156
257 17.060897827148438
258 16.667098999023438
259 18.34510040283203
260 17.03820037841797
261 18.157302856445313
262 16.75359344482422
263 16.638504028320313
264 16.627700805664063
265 16.673095703125
266 18.434799194335938
267 18.259201049804688
268 15.901405334472656
269 19.27739715576172
270 18.462692260742188
271 18.15180206298828
272 18.69330596923828
273 18.88410186767578
274 17.77159881591797
275 15.485992431640625
276 17.221107482910156
277 18.221900939941406
278 18.306106567382813
279 16.054000854492188
280 16.920799255371094
281 16.678695678710938
282 16.950302124023438
283 17.642601013183594
284 17.603599548339844
285 17.72370147705078
286 16.084808349609375
287 15.395500183105469
288 16.488296508789063
289 18.843505859375
290 18.804702758789063
291 17.749496459960938
292 16.237098693847656
293 18.27740478515625
294 17.468902587890625
295 17.490394592285156
296 18.03789520263672
297 17.551605224609375
298 17.88249969482422
299 15.6239013671875
300 14.684303283691406
301 16.535301208496094
302 15.755096435546875
303 17.343109130859375
304 18.086700439453125
305 17.729698181152344
306 19.79229736328125
307 15.906707763671875
308 18.435401916503906
309 17.4053955078125
310 17.845993041992188
311 17.160011291503906
312 19.437606811523438
313 19.29889678955078
314 17.869606018066406
315 18.5491943359375
316 16.412704467773438
317 15.450096130371094
318 15.888496398925781
319 18.4010009765625
320 18.850608825683594
321 17.986907958984375
322 18.991500854492188
323 17.78009796142578
324 18.198104858398438
325 19.253196716308594
326 17.457199096679688
327 18.079299926757813
328 18.552398681640625
329 20.29509735107422
330 20.317100524902344
331 19.350196838378906
332 19.847496032714844
333 20.008094787597656
334 21.50079345703125
335 20.823707580566406
336 19.660308837890625
337 17.38629913330078
338 20.18799591064453
339 20.61480712890625
340 20.152908325195313
341 20.2532958984375
342 19.725692749023438
343 17.528793334960938
344 16.175804138183594
345 16.996002197265625
346 17.59149932861328
347 16.472808837890625
348 16.491600036621094
349 15.447196960449219
350 16.75579833984375
351 15.325004577636719
352 15.895500183105469
353 16.18640899658203
354 17.19719696044922
355 18.711105346679688
356 18.63219451904297
357 18.758506774902344
358 17.145599365234375
359 16.949798583984375
360 17.800201416015625
361 16.57219696044922
362 18.09990692138672
363 17.12909698486328
364 18.50580596923828
365 19.679908752441406
366 17.792694091796875
367 15.968093872070313
368 17.499298095703125
369 19.020294189453125
370 18.330001831054688
371 18.164199829101563
372 17.473007202148438
373 19.384597778320313
374 17.955093383789063
375 17.561798095703125
376 17.013595581054688
377 19.90009307861328
378 20.879501342773438
379 17.379104614257813
380 20.10230255126953
381 19.503402709960938
382 18.185302734375
383 21.24060821533203
384 20.609603881835938
385 18.286392211914063
386 18.290695190429688
387 16.64130401611328
388 17.891807556152344
389 19.346206665039063
390 20.604202270507813
391 18.39380645751953
392 19.424598693847656
393 20.75389862060547
394 19.56529998779297
395 18.549697875976563
396 20.856605529785156
397 16.687698364257813
398 20.1156005859375
399 18.172508239746094
400 19.24689483642578
401 18.909400939941406
402 18.457496643066406
403 16.646400451660156
404 18.81340789794922
405 18.30620574951172
406 18.502395629882813
407 16.53179931640625
408 19.96100616455078
409 18.84990692138672
410 18.060897827148438
411 20.46710205078125
412 18.277503967285156
413 16.86060333251953
414 16.302406311035156
415 16.739402770996094
416 13.953399658203125
417 17.84979248046875
418 17.244102478027344
419 18.212799072265625
420 19.253700256347656
421 18.16759490966797
422 17.538101196289063
423 17.486793518066406
424 21.07550048828125
425 19.33409881591797
426 17.118301391601563
427 16.642311096191406
428 17.602706909179688
429 18.70800018310547
430 18.323997497558594
431 17.517105102539063
432 19.83599853515625
433 18.06999969482422
434 18.23260498046875
435 19.079803466796875
436 21.45909881591797
437 20.704307556152344
438 17.829498291015625
439 19.10919952392578
440 20.288604736328125
441 17.63660430908203
442 18.898597717285156
443 17.687103271484375
444 20.01361083984375
445 19.34320068359375
446 18.823501586914063
447 17.11609649658203
448 19.05860137939453
449 18.650299072265625
450 18.143402099609375
451 16.480499267578125
452 19.163406372070313
453 20.39539337158203
454 19.00940704345703
455 18.289207458496094
456 19.799301147460938
457 20.113502502441406
458 19.38550567626953
459 17.505203247070313
460 15.394798278808594
461 16.30950164794922
462 18.239105224609375
463 18.92420196533203
464 16.72899627685547
465 16.0635986328125
466 16.906105041503906
467 19.18609619140625
468 20.809600830078125
469 20.71240234375
470 19.28209686279297
471 19.73090362548828
472 19.28710174560547
473 18.152511596679688
474 17.64049530029297
475 17.75670623779297
476 17.441993713378906
477 14.816398620605469
478 17.035499572753906
479 17.42200469970703
480 17.21959686279297
481 16.557701110839844
482 16.639793395996094
483 16.709991455078125
484 18.99669647216797
485 18.852798461914063
486 17.43889617919922
487 15.259803771972656
488 15.302505493164063
489 19.159202575683594
490 18.65019989013672
491 18.80390167236328
492 19.09050750732422
493 18.962799072265625
494 17.839202880859375
495 18.473899841308594
496 20.50579833984375
497 20.22649383544922
498 18.848602294921875
499 18.013999938964844
500 17.417999267578125
