0 32.79560089111328
1 32.79560089111328
2 31.794700622558594
3 36.50111389160156
4 37.06279754638672
5 32.120208740234375
6 35.238502502441406
7 29.428604125976563
8 36.54060363769531
9 34.303199768066406
10 33.585296630859375
11 32.04130554199219
12 30.238998413085938
13 28.874000549316406
14 32.27819061279297
15 28.451797485351563
16 26.078208923339844
17 22.143699645996094
18 24.79779815673828
19 27.454696655273438
20 26.711196899414063
21 28.76690673828125
22 29.061904907226563
23 26.459304809570313
24 27.604103088378906
25 27.32019805908203
26 25.514602661132813
27 26.49260711669922
28 25.899002075195313
29 32.024200439453125
30 27.761001586914063
31 27.79430389404297
32 28.450706481933594
33 27.711097717285156
34 27.592201232910156
35 25.770599365234375
36 26.158905029296875
37 25.63300323486328
38 27.59850311279297
39 24.327102661132813
40 23.941505432128906
41 27.411697387695313
42 26.78009796142578
43 27.20690155029297
44 28.359603881835938
45 29.316802978515625
46 26.33600616455078
47 26.659194946289063
48 27.29680633544922
49 25.31690216064453
50 27.339195251464844
51 26.31470489501953
52 25.917892456054688
53 25.849411010742188
54 27.965904235839844
55 27.413406372070313
56 26.410797119140625
57 27.953598022460938
58 28.45130157470703
59 30.382102966308594
60 28.207199096679688
61 29.138198852539063
62 30.23260498046875
63 30.790008544921875
64 28.99260711669922
65 30.6239013671875
66 28.828994750976563
67 29.71849822998047
68 26.560203552246094
69 27.999900817871094
70 29.176597595214844
71 26.080795288085938
72 26.087196350097656
73 27.6416015625
74 27.564796447753906
75 27.473793029785156
76 27.553504943847656
77 27.40839385986328
78 28.2550048828125
79 26.87059783935547
80 27.633094787597656
81 28.267196655273438
82 27.865501403808594
83 24.677902221679688
84 26.277793884277344
85 26.622207641601563
86 28.138595581054688
87 29.223899841308594
88 28.376602172851563
89 26.854896545410156
90 26.419601440429688
91 25.18309783935547
92 24.849594116210938
93 26.13500213623047
94 25.134498596191406
95 25.032203674316406
96 23.65320587158203
97 25.283203125
98 26.257606506347656
99 27.198806762695313
100 28.81390380859375
101 30.238601684570313
102 30.742698669433594
103 28.94750213623047
104 29.757705688476563
105 26.641098022460938
106 28.510101318359375
107 30.897201538085938
108 29.98729705810547
109 29.9595947265625
110 27.48760223388672
111 29.784500122070313
112 28.771507263183594
113 29.718505859375
114 28.804595947265625
115 29.03820037841797
116 27.36669921875
117 26.268600463867188
118 26.911094665527344
119 26.365097045898438
120 28.371803283691406
121 26.62720489501953
122 27.635902404785156
123 29.342201232910156
124 28.90270233154297
125 27.376907348632813
126 30.358802795410156
127 29.00800323486328
128 30.36920166015625
129 29.41010284423828
130 27.5718994140625
131 29.088897705078125
132 29.35649871826172
133 28.04199981689453
134 26.772506713867188
135 25.195899963378906
136 26.589096069335938
137 25.427398681640625
138 25.210494995117188
139 26.20928955078125
140 27.667396545410156
141 27.160804748535156
142 27.317108154296875
143 28.116897583007813
144 27.282806396484375
145 26.70330810546875
146 29.246498107910156
147 28.331398010253906
148 27.301597595214844
149 29.22710418701172
150 26.44659423828125
151 27.131301879882813
152 26.808998107910156
153 26.459304809570313
154 25.184608459472656
155 26.26470184326172
156 26.061500549316406
157 25.04340362548828
158 24.14629364013672
159 22.160903930664063
160 24.91590118408203
161 22.726608276367188
162 23.944305419921875
163 21.33429718017578
164 21.635398864746094
165 22.15850067138672
166 26.80809783935547
167 26.540802001953125
168 25.40509796142578
169 23.223098754882813
170 27.45079803466797
171 28.202796936035156
172 27.713302612304688
173 28.393600463867188
174 25.57770538330078
175 26.19329833984375
176 25.394302368164063
177 27.348190307617188
178 26.171096801757813
179 26.659095764160156
180 22.65660858154297
181 24.529403686523438
182 25.939208984375
183 25.583694458007813
184 24.607208251953125
185 26.525794982910156
186 26.699302673339844
187 27.34869384765625
188 27.33190155029297
189 22.107803344726563
190 23.25640869140625
191 23.45989990234375
192 22.713409423828125
193 20.298500061035156
194 23.38030242919922
195 22.936599731445313
196 23.47710418701172
197 23.053199768066406
198 20.748199462890625
199 24.040008544921875
200 25.120399475097656
201 24.845298767089844
202 24.99799346923828
203 24.427101135253906
204 24.674705505371094
205 24.877601623535156
206 24.823097229003906
207 22.377296447753906
208 22.735702514648438
209 24.73529815673828
210 23.335098266601563
211 24.745101928710938
212 23.16510009765625
213 22.945999145507813
214 25.517410278320313
215 26.14580535888672
216 22.0426025390625
217 22.686996459960938
218 25.34100341796875
219 24.145606994628906
220 24.2655029296875
221 22.333404541015625
222 23.574302673339844
223 21.505897521972656
224 22.8125
225 21.312606811523438
226 21.275497436523438
227 21.26079559326172
228 20.25310516357422
229 21.73200225830078
230 22.510696411132813
231 22.09490203857422
232 22.551101684570313
233 22.172203063964844
234 23.54070281982422
235 19.302001953125
236 23.428001403808594
237 22.73560333251953
238 25.015594482421875
239 25.474807739257813
240 24.959999084472656
241 24.895904541015625
242 25.134002685546875
243 22.97979736328125
244 26.758995056152344
245 26.756698608398438
246 24.300994873046875
247 23.638504028320313
248 24.651992797851563
249 23.254806518554688
250 19.924697875976563
251 22.561302185058594
252 24.78260040283203
253 21.998504638671875
254 20.907699584960938
255 22.422500610351563
256 20.308395385742188
257 21.840911865234375
258 21.6571044921875
259 24.085105895996094
260 22.71820068359375
261 24.027297973632813
262 21.74359893798828
263 22.14849853515625
264 24.02770233154297
265 24.11310577392578
266 24.90479278564453
267 25.759201049804688
268 21.701400756835938
269 24.247406005859375
270 23.872695922851563
271 23.451797485351563
272 24.63330078125
273 24.38410186767578
274 23.63159942626953
275 21.055999755859375
276 22.62110137939453
277 24.26190185546875
278 24.426101684570313
279 21.814002990722656
280 22.870803833007813
281 22.518692016601563
282 22.640304565429688
283 23.61260223388672
284 24.05359649658203
285 23.73369598388672
286 21.874801635742188
287 21.0054931640625
288 22.06830596923828
289 25.133506774902344
290 24.45470428466797
291 23.42949676513672
292 21.727096557617188
293 24.737403869628906
294 22.768898010253906
295 23.370399475097656
296 23.65789794921875
297 23.32160186767578
298 23.482505798339844
299 21.523902893066406
300 20.484298706054688
301 22.415298461914063
302 21.775100708007813
303 23.393104553222656
304 23.476699829101563
305 23.56969451904297
306 25.55229949951172
307 21.646697998046875
308 24.325408935546875
309 22.775405883789063
310 22.996002197265625
311 22.02001190185547
312 25.457611083984375
313 24.798904418945313
314 23.9696044921875
315 24.5592041015625
316 21.842697143554688
317 21.09009552001953
318 21.318496704101563
319 24.041000366210938
320 24.590606689453125
321 23.486892700195313
322 24.42150115966797
323 23.17010498046875
324 24.008102416992188
325 24.233200073242188
326 22.99720001220703
327 23.249298095703125
328 23.95240020751953
329 25.685104370117188
330 25.567100524902344
331 24.65019989013672
332 25.607498168945313
333 25.42809295654297
334 26.81079864501953
335 25.993698120117188
336 25.100303649902344
337 22.64630126953125
338 26.178001403808594
339 26.004798889160156
340 25.972900390625
341 25.903305053710938
342 25.35570526123047
343 22.808799743652344
344 21.365806579589844
345 22.406005859375
346 22.871498107910156
347 21.912803649902344
348 21.70159912109375
349 20.927207946777344
350 22.12580108642578
351 20.724998474121094
352 21.58550262451172
353 21.37640380859375
354 23.167198181152344
355 24.301101684570313
356 24.102203369140625
357 24.108497619628906
358 22.375595092773438
359 21.959793090820313
360 23.70020294189453
361 22.292205810546875
362 23.7698974609375
363 22.499099731445313
364 23.76580810546875
365 25.7698974609375
366 23.222702026367188
367 21.198104858398438
368 22.71930694580078
369 24.580291748046875
370 23.790000915527344
371 24.54419708251953
372 22.88300323486328
373 25.414596557617188
374 23.395103454589844
375 23.571800231933594
376 23.993606567382813
377 26.05010223388672
378 27.259506225585938
379 23.13910675048828
380 25.502296447753906
381 25.333396911621094
382 23.80530548095703
383 27.340599060058594
384 25.839599609375
385 23.416397094726563
386 23.750694274902344
387 21.751304626464844
388 23.2318115234375
389 24.216201782226563
390 25.884201049804688
391 22.943801879882813
392 24.39459991455078
393 25.853904724121094
394 24.955299377441406
395 23.689697265625
396 26.27660369873047
397 22.187698364257813
398 25.49559783935547
399 23.26250457763672
400 24.24689483642578
401 23.679397583007813
402 24.407501220703125
403 21.966392517089844
404 24.8634033203125
405 23.66619873046875
406 23.442405700683594
407 21.871803283691406
408 26.08100128173828
409 24.70990753173828
410 25.85089874267578
411 26.52710723876953
412 24.227508544921875
413 22.710609436035156
414 21.46240234375
415 22.50940704345703
416 19.023399353027344
417 23.42980194091797
418 22.404098510742188
419 23.44280242919922
420 24.333694458007813
421 23.647598266601563
422 23.30811309814453
423 23.09679412841797
424 27.055503845214844
425 25.654098510742188
426 23.648300170898438
427 22.3623046875
428 23.3826904296875
429 24.248001098632813
430 24.54399871826172
431 23.03710174560547
432 25.235992431640625
433 23.8699951171875
434 25.502601623535156
435 26.47980499267578
436 27.76909637451172
437 26.144302368164063
438 23.61949920654297
439 24.49919891357422
440 25.67859649658203
441 24.096603393554688
442 23.838607788085938
443 22.927108764648438
444 25.553611755371094
445 24.443199157714844
446 24.14350128173828
447 22.856101989746094
448 24.13861083984375
449 24.090293884277344
450 23.61339569091797
451 21.900497436523438
452 24.133399963378906
453 25.54540252685547
454 24.429405212402344
455 23.709205627441406
456 24.859298706054688
457 25.603500366210938
458 25.2655029296875
459 23.01520538330078
460 21.694793701171875
461 22.29949951171875
462 23.119102478027344
463 24.024208068847656
464 21.749000549316406
465 21.24359893798828
466 22.1260986328125
467 24.81610107421875
468 26.32959747314453
469 26.322402954101563
470 24.752098083496094
471 24.950897216796875
472 25.07709503173828
473 23.572509765625
474 23.220504760742188
475 23.226707458496094
476 23.061996459960938
477 20.456398010253906
478 22.675506591796875
479 23.06201171875
480 22.65959930419922
481 21.667701721191406
482 21.72979736328125
483 22.67999267578125
484 24.856704711914063
485 24.43280029296875
486 23.488906860351563
487 22.67980194091797
488 21.972503662109375
489 24.73920440673828
490 24.060195922851563
491 24.263893127441406
492 24.6405029296875
493 24.902793884277344
494 23.23919677734375
495 23.723899841308594
496 25.74579620361328
497 25.09649658203125
498 24.268600463867188
499 23.36400604248047
500 22.938003540039063
