0 39.12560272216797
1 39.12560272216797
2 38.294700622558594
3 39.56111145019531
4 37.48279571533203
5 34.0802001953125
6 36.508506774902344
7 35.068603515625
8 38.960601806640625
9 39.303199768066406
10 36.53529357910156
11 37.431304931640625
12 37.118995666503906
13 35.92401123046875
14 36.72820281982422
15 35.17180633544922
16 31.618202209472656
17 29.403701782226563
18 30.387802124023438
19 32.37469482421875
20 30.98119354248047
21 31.466896057128906
22 30.25189971923828
23 29.419296264648438
24 30.054100036621094
25 29.20020294189453
26 28.33460235595703
27 30.212600708007813
28 29.388999938964844
29 32.13420867919922
30 30.60100555419922
31 29.024307250976563
32 29.260704040527344
33 29.091102600097656
34 29.272201538085938
35 28.12060546875
36 29.168907165527344
37 28.423004150390625
38 29.95850372314453
39 27.82709503173828
40 26.49150848388672
41 29.99170684814453
42 28.04009246826172
43 27.106903076171875
44 27.759597778320313
45 28.066802978515625
46 27.246002197265625
47 28.23919677734375
48 28.96680450439453
49 29.43689727783203
50 28.68920135498047
51 26.894699096679688
52 26.897903442382813
53 26.139404296875
54 29.29590606689453
55 29.60340118408203
56 29.210800170898438
57 29.193603515625
58 29.501304626464844
59 28.812103271484375
60 27.367202758789063
61 28.658203125
62 29.142601013183594
63 29.780006408691406
64 28.11260223388672
65 29.733901977539063
66 28.758995056152344
67 30.568496704101563
68 28.610206604003906
69 28.249893188476563
70 29.616592407226563
71 27.06079864501953
72 26.347198486328125
73 27.541603088378906
74 28.60480499267578
75 28.473800659179688
76 27.66350555419922
77 28.778396606445313
78 28.19499969482422
79 27.510597229003906
80 28.753097534179688
81 28.877197265625
82 28.5155029296875
83 27.087905883789063
84 28.1177978515625
85 28.472206115722656
86 29.74859619140625
87 28.913902282714844
88 28.8966064453125
89 29.494895935058594
90 27.379600524902344
91 27.453102111816406
92 26.7095947265625
93 28.68499755859375
94 28.74449920654297
95 27.222206115722656
96 26.883209228515625
97 28.453201293945313
98 27.447593688964844
99 28.068809509277344
100 29.853897094726563
101 30.218605041503906
102 30.97270965576172
103 29.63750457763672
104 32.557701110839844
105 30.06110382080078
106 30.66009521484375
107 34.61720275878906
108 32.34729766845703
109 32.439598083496094
110 29.84760284423828
111 32.19450378417969
112 31.261497497558594
113 31.058502197265625
114 29.8446044921875
115 30.388206481933594
116 28.726707458496094
117 27.24860382080078
118 27.01110076904297
119 26.15509796142578
120 27.02179718017578
121 26.647201538085938
122 27.265899658203125
123 28.782203674316406
124 28.692703247070313
125 27.076904296875
126 29.888809204101563
127 28.3280029296875
128 31.079208374023438
129 28.890098571777344
130 27.491905212402344
131 27.768898010253906
132 30.256500244140625
133 29.501998901367188
134 30.612503051757813
135 29.92589569091797
136 29.159095764160156
137 28.537399291992188
138 27.090499877929688
139 30.329299926757813
140 30.14739990234375
141 30.370803833007813
142 29.58709716796875
143 31.716903686523438
144 31.93280029296875
145 31.303306579589844
146 29.746498107910156
147 30.851402282714844
148 28.58160400390625
149 30.39710235595703
150 30.406600952148438
151 32.09130859375
152 30.47899627685547
153 29.259300231933594
154 27.704605102539063
155 29.25469970703125
156 28.55150604248047
157 28.49340057373047
158 28.156295776367188
159 27.49090576171875
160 30.5458984375
161 28.82659912109375
162 28.504302978515625
163 26.234298706054688
164 29.285400390625
165 28.46849822998047
166 31.418106079101563
167 29.080810546875
168 30.385093688964844
169 29.443099975585938
170 32.31079864501953
171 32.142799377441406
172 29.903305053710938
173 31.423606872558594
174 27.147705078125
175 27.913299560546875
176 27.494300842285156
177 29.058197021484375
178 29.351104736328125
179 29.109107971191406
180 26.116600036621094
181 28.729400634765625
182 28.73920440673828
183 28.05370330810547
184 26.347198486328125
185 27.615798950195313
186 28.889305114746094
187 28.98870086669922
188 29.551902770996094
189 26.957794189453125
190 27.67639923095703
191 26.319900512695313
192 27.10340118408203
193 25.168495178222656
194 26.720298767089844
195 28.366600036621094
196 27.757102966308594
197 27.96320343017578
198 26.79821014404297
199 28.720001220703125
200 29.180404663085938
201 29.185302734375
202 29.037994384765625
203 29.987098693847656
204 29.964698791503906
205 29.247596740722656
206 28.023109436035156
207 27.217300415039063
208 28.77570343017578
209 31.345298767089844
210 30.215103149414063
211 29.845108032226563
212 30.265106201171875
213 29.125999450683594
214 31.7073974609375
215 29.965805053710938
216 27.28260040283203
217 29.73699951171875
218 30.441009521484375
219 28.535606384277344
220 28.055496215820313
221 28.10340118408203
222 30.204307556152344
223 28.74590301513672
224 29.702499389648438
225 27.192604064941406
226 28.01549530029297
227 27.270797729492188
228 27.403099060058594
229 28.592002868652344
230 29.200698852539063
231 28.134902954101563
232 28.111099243164063
233 28.20220184326172
234 29.42070770263672
235 25.60199737548828
236 28.808006286621094
237 26.99560546875
238 28.67559814453125
239 27.53479766845703
240 29.790000915527344
241 28.975906372070313
242 29.97400665283203
243 29.35979461669922
244 31.068992614746094
245 30.48670196533203
246 29.441001892089844
247 27.918502807617188
248 29.501998901367188
249 30.254806518554688
250 27.26470184326172
251 29.39130401611328
252 30.53260040283203
253 27.84850311279297
254 26.89769744873047
255 29.142501831054688
256 28.448394775390625
257 29.820899963378906
258 27.677101135253906
259 29.955108642578125
260 28.238197326660156
261 29.127304077148438
262 28.36359405517578
263 28.738502502441406
264 28.567703247070313
265 27.213096618652344
266 28.0447998046875
267 26.639205932617188
268 26.24139404296875
269 28.987403869628906
270 28.44269561767578
271 27.171798706054688
272 28.69330596923828
273 29.21410369873047
274 26.77159881591797
275 26.09600067138672
276 26.2611083984375
277 28.541900634765625
278 27.086105346679688
279 26.884002685546875
280 26.910797119140625
281 26.948699951171875
282 27.00029754638672
283 26.752601623535156
284 26.643592834472656
285 27.003707885742188
286 25.834800720214844
287 25.475502014160156
288 25.478302001953125
289 28.493507385253906
290 28.26470184326172
291 27.47949981689453
292 25.737098693847656
293 26.497398376464844
294 25.428909301757813
295 25.330398559570313
296 27.327903747558594
297 26.291603088378906
298 27.082496643066406
299 26.093902587890625
300 25.27429962158203
301 27.395301818847656
302 26.925094604492188
303 28.06310272216797
304 29.17669677734375
305 27.38970184326172
306 30.17230224609375
307 26.906700134277344
308 29.40540313720703
309 29.005393981933594
310 27.345993041992188
311 27.919998168945313
312 29.897605895996094
313 30.758895874023438
314 28.739608764648438
315 28.519203186035156
316 27.812698364257813
317 27.650100708007813
318 26.988502502441406
319 28.291000366210938
320 28.520606994628906
321 28.726898193359375
322 28.501502990722656
323 26.340103149414063
324 27.018104553222656
325 27.533203125
326 26.43720245361328
327 26.989295959472656
328 26.622398376464844
329 28.935104370117188
330 28.937095642089844
331 27.920204162597656
332 28.797500610351563
333 28.718101501464844
334 30.32079315185547
335 29.263702392578125
336 27.24030303955078
337 26.256301879882813
338 28.727996826171875
339 28.434799194335938
340 28.562896728515625
341 28.303298950195313
342 26.735702514648438
343 25.228797912597656
344 24.865798950195313
345 25.08599853515625
346 25.60150146484375
347 25.582801818847656
348 25.551605224609375
349 26.38719940185547
350 26.99579620361328
351 26.455001831054688
352 26.055496215820313
353 25.796401977539063
354 27.097198486328125
355 28.061111450195313
356 28.58220672607422
357 28.048500061035156
358 28.105606079101563
359 25.649795532226563
360 28.740203857421875
361 27.88220977783203
362 27.869895935058594
363 28.349098205566406
364 28.905807495117188
365 29.07990264892578
366 28.58270263671875
367 27.848098754882813
368 27.09930419921875
369 27.960296630859375
370 28.56000518798828
371 28.86419677734375
372 28.682998657226563
373 28.814598083496094
374 27.955108642578125
375 28.001800537109375
376 27.833602905273438
377 27.430099487304688
378 30.309494018554688
379 27.849105834960938
380 29.04230499267578
381 28.713394165039063
382 28.00530242919922
383 27.830596923828125
384 28.699600219726563
385 27.716392517089844
386 27.470703125
387 26.45130157470703
388 26.151809692382813
389 26.54619598388672
390 27.314208984375
391 28.643798828125
392 26.074600219726563
393 27.203895568847656
394 25.8052978515625
395 26.339698791503906
396 27.986602783203125
397 25.19769287109375
398 26.30559539794922
399 26.18250274658203
400 27.286895751953125
401 26.029403686523438
402 27.3175048828125
403 26.35639190673828
404 25.403404235839844
405 26.78620147705078
406 27.51239776611328
407 25.631797790527344
408 27.64099884033203
409 27.76990509033203
410 27.49090576171875
411 28.557106018066406
412 26.297500610351563
413 27.62060546875
414 27.32239532470703
415 25.479408264160156
416 24.72339630126953
417 26.429794311523438
418 26.13410186767578
419 27.352798461914063
420 27.9136962890625
421 26.617599487304688
422 27.36810302734375
423 27.76679229736328
424 29.745506286621094
425 29.00409698486328
426 26.288307189941406
427 26.472305297851563
428 27.622703552246094
429 28.027999877929688
430 28.78399658203125
431 27.127098083496094
432 29.08599853515625
433 29.209999084472656
434 27.462600708007813
435 27.689804077148438
436 29.559097290039063
437 28.164306640625
438 26.139503479003906
439 27.249191284179688
440 29.038604736328125
441 27.64659881591797
442 25.88860321044922
443 26.78710174560547
444 27.08361053466797
445 26.193199157714844
446 27.233505249023438
447 26.05609893798828
448 27.38860321044922
449 27.13030242919922
450 27.593406677246094
451 27.290496826171875
452 28.563400268554688
453 28.73540496826172
454 28.339401245117188
455 27.079200744628906
456 28.109298706054688
457 28.22350311279297
458 27.89550018310547
459 26.115203857421875
460 25.184799194335938
461 25.04950714111328
462 27.049110412597656
463 25.704200744628906
464 24.068992614746094
465 25.033607482910156
466 24.506103515625
467 26.42609405517578
468 28.52959442138672
469 29.112403869628906
470 28.34210205078125
471 27.42090606689453
472 27.83709716796875
473 26.902511596679688
474 27.300498962402344
475 26.766708374023438
476 27.821998596191406
477 25.546401977539063
478 26.545501708984375
479 26.321998596191406
480 25.749595642089844
481 25.687705993652344
482 25.949790954589844
483 25.56999969482422
484 28.096702575683594
485 28.37279510498047
486 27.168899536132813
487 26.909805297851563
488 26.672508239746094
489 29.199203491210938
490 28.790199279785156
491 28.403900146484375
492 28.930496215820313
493 28.632797241210938
494 26.41919708251953
495 26.543907165527344
496 27.705795288085938
497 27.076499938964844
498 27.078598022460938
499 26.753997802734375
500 26.64800262451172
