0 39.54560089111328
1 39.54560089111328
2 41.104698181152344
3 41.601104736328125
4 38.23279571533203
5 34.32020568847656
6 36.34850311279297
7 35.30860137939453
8 39.29060363769531
9 39.443199157714844
10 37.5653076171875
11 35.991302490234375
12 36.749000549316406
13 33.634002685546875
14 34.33819580078125
15 32.77179718017578
16 27.22820281982422
17 25.73370361328125
18 27.62779998779297
19 30.4447021484375
20 30.061195373535156
21 30.086898803710938
22 28.341903686523438
23 28.199295043945313
24 29.154098510742188
25 27.930198669433594
26 27.494606018066406
27 28.652603149414063
28 29.6090087890625
29 33.104209899902344
30 30.750999450683594
31 29.72430419921875
32 29.97071075439453
33 30.181106567382813
34 30.112197875976563
35 29.36060333251953
36 29.618911743164063
37 28.96300506591797
38 29.808502197265625
39 27.83709716796875
40 27.301498413085938
41 30.43170166015625
42 28.22010040283203
43 27.76689910888672
44 28.449600219726563
45 29.236793518066406
46 28.456008911132813
47 28.67919158935547
48 28.3568115234375
49 29.216903686523438
50 28.139205932617188
51 27.154701232910156
52 27.017898559570313
53 26.169403076171875
54 28.285903930664063
55 28.813400268554688
56 27.910797119140625
57 28.283599853515625
58 29.181304931640625
59 28.382110595703125
60 28.19719696044922
61 29.02820587158203
62 29.632606506347656
63 30.670005798339844
64 29.522598266601563
65 30.493896484375
66 29.458999633789063
67 31.978500366210938
68 28.970199584960938
69 28.89990234375
70 31.346595764160156
71 29.52080535888672
72 28.69719696044922
73 28.851600646972656
74 28.60480499267578
75 28.783798217773438
76 27.373504638671875
77 27.618392944335938
78 28.144996643066406
79 27.00060272216797
80 28.48309326171875
81 28.617202758789063
82 28.02550506591797
83 27.35791015625
84 28.647796630859375
85 28.95220184326172
86 29.86859893798828
87 29.18390655517578
88 28.296600341796875
89 29.124900817871094
90 28.14960479736328
91 28.43309783935547
92 26.579605102539063
93 28.344993591308594
94 28.064498901367188
95 27.422203063964844
96 27.71319580078125
97 28.54320526123047
98 26.877593994140625
99 28.918807983398438
100 27.923904418945313
101 27.898597717285156
102 28.88269805908203
103 28.737503051757813
104 30.187705993652344
105 28.221099853515625
106 28.990097045898438
107 32.01719665527344
108 31.947303771972656
109 31.249595642089844
110 28.627593994140625
111 31.684494018554688
112 31.491500854492188
113 30.548500061035156
114 30.53460693359375
115 29.318199157714844
116 28.42670440673828
117 26.978599548339844
118 27.231101989746094
119 25.575103759765625
120 26.10179901123047
121 25.477195739746094
122 26.72589874267578
123 28.362205505371094
124 29.022705078125
125 27.596908569335938
126 30.818801879882813
127 28.728004455566406
128 28.979202270507813
129 28.400100708007813
130 27.911903381347656
131 28.718902587890625
132 29.97650146484375
133 29.222000122070313
134 29.552505493164063
135 28.73590087890625
136 28.169097900390625
137 27.27740478515625
138 27.520492553710938
139 29.169296264648438
140 29.377403259277344
141 29.64080810546875
142 28.527099609375
143 30.326904296875
144 30.152801513671875
145 29.68329620361328
146 28.326499938964844
147 29.891403198242188
148 27.2716064453125
149 28.307106018066406
150 28.64659881591797
151 30.351295471191406
152 28.679000854492188
153 27.689300537109375
154 24.884597778320313
155 26.284698486328125
156 27.331504821777344
157 27.05339813232422
158 26.176300048828125
159 24.910903930664063
160 27.445907592773438
161 26.45660400390625
162 25.764297485351563
163 21.744300842285156
164 24.995399475097656
165 23.998504638671875
166 27.12810516357422
167 26.290802001953125
168 27.80510711669922
169 24.963104248046875
170 28.75080108642578
171 29.32280731201172
172 28.403297424316406
173 31.00359344482422
174 24.83770751953125
175 26.053298950195313
176 26.764305114746094
177 26.788192749023438
178 27.281097412109375
179 27.169105529785156
180 23.546600341796875
181 26.179405212402344
182 26.279197692871094
183 26.263702392578125
184 23.657203674316406
185 26.655799865722656
186 26.439300537109375
187 27.418701171875
188 26.96190643310547
189 23.097801208496094
190 23.81640625
191 24.02989959716797
192 24.62340545654297
193 22.32849884033203
194 24.61029815673828
195 24.77660369873047
196 25.507110595703125
197 24.983200073242188
198 21.818206787109375
199 25.550010681152344
200 26.42040252685547
201 26.655296325683594
202 27.597991943359375
203 27.09709930419922
204 27.9447021484375
205 26.40760040283203
206 24.653106689453125
207 24.23729705810547
208 26.195701599121094
209 28.185302734375
210 27.705093383789063
211 26.885101318359375
212 28.34510040283203
213 26.59600830078125
214 29.047401428222656
215 27.415802001953125
216 25.16260528564453
217 26.72699737548828
218 28.180999755859375
219 26.715606689453125
220 26.985504150390625
221 25.943405151367188
222 27.934303283691406
223 26.565902709960938
224 27.292495727539063
225 25.272598266601563
226 26.495506286621094
227 26.170799255371094
228 26.54309844970703
229 27.332008361816406
230 27.950698852539063
231 26.004898071289063
232 26.69110107421875
233 24.562210083007813
234 27.190696716308594
235 23.6719970703125
236 26.63800811767578
237 24.785606384277344
238 26.455596923828125
239 27.084800720214844
240 29.019996643066406
241 27.91590118408203
242 29.063995361328125
243 29.40979766845703
244 31.22900390625
245 29.976699829101563
246 28.66100311279297
247 28.70850372314453
248 29.091995239257813
249 28.48480224609375
250 26.414703369140625
251 26.981300354003906
252 29.65259552001953
253 25.918502807617188
254 23.94769287109375
255 25.24250030517578
256 26.578399658203125
257 27.650901794433594
258 25.117103576660156
259 26.6151123046875
260 26.638198852539063
261 28.16730499267578
262 27.11359405517578
263 25.21849822998047
264 26.847702026367188
265 26.703102111816406
266 27.03479766845703
267 28.229202270507813
268 25.951400756835938
269 29.26740264892578
270 28.622703552246094
271 26.78179931640625
272 27.473297119140625
273 28.804107666015625
274 27.14160919189453
275 27.316001892089844
276 27.611099243164063
277 28.171905517578125
278 27.93610382080078
279 26.954002380371094
280 27.4407958984375
281 26.97869110107422
282 27.810302734375
283 27.17259979248047
284 27.893592834472656
285 28.623703002929688
286 27.254798889160156
287 26.795501708984375
288 27.108299255371094
289 29.203506469726563
290 27.984703063964844
291 27.389495849609375
292 26.557106018066406
293 27.667404174804688
294 25.638900756835938
295 25.73040008544922
296 26.447898864746094
297 25.83160400390625
298 26.39250946044922
299 25.953903198242188
300 25.28429412841797
301 27.205299377441406
302 26.685104370117188
303 27.633102416992188
304 28.156707763671875
305 27.809707641601563
306 29.812301635742188
307 27.80670166015625
308 29.59539794921875
309 28.375396728515625
310 26.82599639892578
311 26.3800048828125
312 31.047607421875
313 30.258895874023438
314 28.51959991455078
315 29.009201049804688
316 27.84270477294922
317 26.78009796142578
318 26.798500061035156
319 27.250999450683594
320 28.510597229003906
321 28.616897583007813
322 28.201507568359375
323 26.320098876953125
324 26.48809814453125
325 26.10320281982422
326 25.63719940185547
327 24.419296264648438
328 27.77239990234375
329 28.015098571777344
330 28.867095947265625
331 27.710205078125
332 29.637496948242188
333 29.588096618652344
334 30.31079864501953
335 29.033706665039063
336 27.01030731201172
337 26.27629852294922
338 28.807998657226563
339 28.754806518554688
340 27.85289764404297
341 29.43329620361328
342 27.865699768066406
343 26.058799743652344
344 25.75580596923828
345 26.576004028320313
346 26.361495971679688
347 26.222801208496094
348 24.971595764160156
349 25.69719696044922
350 26.06580352783203
351 24.715003967285156
352 25.71550750732422
353 26.106399536132813
354 26.837196350097656
355 28.95110321044922
356 28.94219207763672
357 27.938499450683594
358 26.855606079101563
359 24.679794311523438
360 28.77020263671875
361 26.722206115722656
362 27.229904174804688
363 26.609100341796875
364 29.245803833007813
365 28.139907836914063
366 28.84270477294922
367 27.528091430664063
368 27.02930450439453
369 27.850303649902344
370 28.290000915527344
371 29.474197387695313
372 28.033004760742188
373 28.734603881835938
374 26.885101318359375
375 27.47179412841797
376 27.45360565185547
377 28.010093688964844
378 30.089508056640625
379 28.01910400390625
380 29.092300415039063
381 29.973403930664063
382 28.19530487060547
383 28.460609436035156
384 28.819602966308594
385 26.706398010253906
386 26.90069580078125
387 25.39130401611328
388 24.59180450439453
389 25.646194458007813
390 26.214202880859375
391 26.563796997070313
392 25.294601440429688
393 26.86389923095703
394 25.12529754638672
395 25.739700317382813
396 27.33660125732422
397 23.847702026367188
398 24.845596313476563
399 24.292503356933594
400 24.826904296875
401 23.979408264160156
402 25.987503051757813
403 24.73639678955078
404 25.05339813232422
405 25.886199951171875
406 25.942405700683594
407 25.681800842285156
408 28.231002807617188
409 28.39990234375
410 27.620895385742188
411 28.567100524902344
412 26.097496032714844
413 26.470603942871094
414 26.09239959716797
415 25.539405822753906
416 22.903396606445313
417 25.039794921875
418 25.294105529785156
419 26.282791137695313
420 27.333694458007813
421 26.767601013183594
422 27.508102416992188
423 27.236801147460938
424 30.925506591796875
425 29.364097595214844
426 27.64830780029297
427 28.10230255126953
428 26.82270050048828
429 27.678001403808594
430 28.46399688720703
431 26.687103271484375
432 28.615997314453125
433 28.589996337890625
434 27.16260528564453
435 28.029800415039063
436 29.089096069335938
437 28.34430694580078
438 26.6094970703125
439 27.55919647216797
440 28.988601684570313
441 27.806610107421875
442 25.87860107421875
443 26.77710723876953
444 27.703598022460938
445 27.58319854736328
446 27.313499450683594
447 25.856101989746094
448 27.12860870361328
449 25.850303649902344
450 26.083404541015625
451 26.710494995117188
452 26.463401794433594
453 28.385398864746094
454 28.659400939941406
455 26.919204711914063
456 27.549301147460938
457 27.793502807617188
458 27.295509338378906
459 25.795204162597656
460 24.91480255126953
461 24.80950927734375
462 26.419105529785156
463 25.86420440673828
464 23.869003295898438
465 24.94359588623047
466 24.086105346679688
467 26.656105041503906
468 29.20960235595703
469 28.952392578125
470 27.66210174560547
471 27.11090087890625
472 26.357101440429688
473 25.772506713867188
474 27.07050323486328
475 26.276702880859375
476 27.9219970703125
477 25.42639923095703
478 26.675498962402344
479 25.62200164794922
480 25.9595947265625
481 25.627700805664063
482 24.539794921875
483 26.209999084472656
484 28.036705017089844
485 27.422805786132813
486 27.108901977539063
487 26.10980224609375
488 26.772499084472656
489 30.229202270507813
490 28.420196533203125
491 28.693893432617188
492 28.940505981445313
493 29.012802124023438
494 26.079200744628906
495 25.703895568847656
496 28.00579833984375
497 26.136505126953125
498 27.828598022460938
499 26.96399688720703
500 26.348007202148438
