0 21.605606079101563
1 21.60559844970703
2 20.82469940185547
3 22.63111114501953
4 24.282798767089844
5 19.300201416015625
6 21.63849639892578
7 17.608596801757813
8 23.540603637695313
9 21.73320770263672
10 20.8052978515625
11 20.40130615234375
12 18.578994750976563
13 18.014007568359375
14 21.22820281982422
15 17.241806030273438
16 16.2882080078125
17 13.193702697753906
18 13.527801513671875
19 15.50469970703125
20 13.931198120117188
21 15.916893005371094
22 17.591903686523438
23 14.4093017578125
24 16.294097900390625
25 16.050201416015625
26 13.644607543945313
27 14.252601623535156
28 13.78900146484375
29 18.264205932617188
30 14.6510009765625
31 15.884300231933594
32 15.620704650878906
33 14.981101989746094
34 14.792205810546875
35 12.470603942871094
36 13.858901977539063
37 13.39300537109375
38 14.958503723144531
39 12.08709716796875
40 11.501502990722656
41 14.69171142578125
42 13.730094909667969
43 14.166900634765625
44 16.699600219726563
45 16.876792907714844
46 13.986000061035156
47 13.689193725585938
48 15.276802062988281
49 13.036903381347656
50 14.73919677734375
51 13.334693908691406
52 13.40789794921875
53 13.099403381347656
54 15.61590576171875
55 14.473396301269531
56 13.800796508789063
57 15.283599853515625
58 15.321304321289063
59 16.78209686279297
60 15.93719482421875
61 16.58819580078125
62 16.432601928710938
63 15.75
64 15.932594299316406
65 18.233901977539063
66 16.458999633789063
67 16.678497314453125
68 14.090194702148438
69 15.379898071289063
70 16.086593627929688
71 13.620803833007813
72 12.497200012207031
73 14.111602783203125
74 14.754798889160156
75 14.823799133300781
76 15.063507080078125
77 14.79840087890625
78 15.515007019042969
79 14.180595397949219
80 14.913101196289063
81 16.217201232910156
82 14.945503234863281
83 12.03790283203125
84 13.487800598144531
85 13.612205505371094
86 15.678596496582031
87 16.833900451660156
88 15.166603088378906
89 14.324905395507813
90 13.909599304199219
91 12.343101501464844
92 12.089599609375
93 13.424995422363281
94 12.654495239257813
95 12.94219970703125
96 11.523200988769531
97 12.673202514648438
98 13.567604064941406
99 13.978805541992188
100 16.513900756835938
101 16.99859619140625
102 17.312705993652344
103 15.807502746582031
104 17.157699584960938
105 14.991096496582031
106 16.04010009765625
107 19.297195434570313
108 17.077308654785156
109 17.989601135253906
110 15.407600402832031
111 17.504493713378906
112 16.521499633789063
113 17.488502502441406
114 16.70459747314453
115 16.20819854736328
116 14.386695861816406
117 13.99859619140625
118 14.341102600097656
119 14.645095825195313
120 16.561790466308594
121 14.917198181152344
122 16.04589080810547
123 16.462196350097656
124 15.732704162597656
125 14.806900024414063
126 18.558799743652344
127 17.487998962402344
128 18.469200134277344
129 16.640098571777344
130 15.591896057128906
131 17.458908081054688
132 16.866493225097656
133 15.36199951171875
134 14.462501525878906
135 13.23590087890625
136 13.819099426269531
137 13.257400512695313
138 12.920494079589844
139 14.049301147460938
140 15.507400512695313
141 14.51080322265625
142 13.967109680175781
143 15.156898498535156
144 14.762802124023438
145 14.0133056640625
146 14.776496887207031
147 15.931404113769531
148 13.8916015625
149 15.117103576660156
150 14.316604614257813
151 14.861305236816406
152 14.698997497558594
153 14.429306030273438
154 13.264602661132813
155 14.744697570800781
156 14.391502380371094
157 13.203399658203125
158 12.3262939453125
159 12.390907287597656
160 13.995903015136719
161 11.466606140136719
162 13.294296264648438
163 12.864295959472656
164 12.505393981933594
165 11.668502807617188
166 14.958106994628906
167 13.840805053710938
168 14.765098571777344
169 13.663101196289063
170 15.88079833984375
171 16.68279266357422
172 16.093292236328125
173 16.343605041503906
174 13.627708435058594
175 13.633308410644531
176 13.124298095703125
177 14.728195190429688
178 13.531097412109375
179 13.419105529785156
180 11.776603698730469
181 12.939399719238281
182 13.519195556640625
183 13.593704223632813
184 13.7572021484375
185 13.165802001953125
186 14.559295654296875
187 15.698692321777344
188 14.831901550292969
189 11.317802429199219
190 12.556396484375
191 11.689903259277344
192 11.263404846191406
193 9.638496398925781
194 11.060302734375
195 12.596603393554688
196 11.957099914550781
197 12.643211364746094
198 11.508209228515625
199 12.450004577636719
200 14.440399169921875
201 13.005302429199219
202 12.537994384765625
203 12.757095336914063
204 12.974700927734375
205 12.807601928710938
206 12.823104858398438
207 10.847297668457031
208 11.165702819824219
209 13.195297241210938
210 12.275100708007813
211 12.155097961425781
212 12.47509765625
213 11.706001281738281
214 13.487403869628906
215 12.905799865722656
216 10.612602233886719
217 12.027000427246094
218 12.761001586914063
219 10.695602416992188
220 9.975494384765625
221 10.703399658203125
222 11.834297180175781
223 10.685905456542969
224 11.092506408691406
225 9.562599182128906
226 9.585494995117188
227 9.060798645019531
228 9.703102111816406
229 10.632003784179688
230 11.600700378417969
231 10.694900512695313
232 10.841094970703125
233 10.82220458984375
234 12.0906982421875
235 9.132003784179688
236 12.027999877929688
237 8.725601196289063
238 11.195602416992188
239 11.73480224609375
240 12.17999267578125
241 11.865898132324219
242 11.874000549316406
243 11.349800109863281
244 13.22900390625
245 11.92669677734375
246 11.96099853515625
247 11.578498840332031
248 12.1719970703125
249 12.11480712890625
250 8.914695739746094
251 11.111305236816406
252 12.652603149414063
253 10.64849853515625
254 9.82769775390625
255 10.942497253417969
256 9.778396606445313
257 11.36090087890625
258 10.597099304199219
259 12.305107116699219
260 11.21820068359375
261 11.637298583984375
262 10.513603210449219
263 11.318504333496094
264 10.917701721191406
265 9.93310546875
266 11.324798583984375
267 11.189201354980469
268 9.051399230957031
269 12.247398376464844
270 11.7626953125
271 11.301795959472656
272 11.763298034667969
273 11.924102783203125
274 10.501602172851563
275 8.905998229980469
276 10.19110107421875
277 11.541900634765625
278 11.066108703613281
279 9.433998107910156
280 10.080795288085938
281 9.678695678710938
282 9.990303039550781
283 10.512603759765625
284 10.823593139648438
285 10.563697814941406
286 9.704803466796875
287 8.765495300292969
288 9.578300476074219
289 11.953506469726563
290 11.974700927734375
291 10.139495849609375
292 9.437103271484375
293 11.02740478515625
294 10.2489013671875
295 9.97039794921875
296 10.597900390625
297 10.291603088378906
298 10.642501831054688
299 8.533897399902344
300 7.504295349121094
301 9.475303649902344
302 9.075096130371094
303 10.573104858398438
304 11.206703186035156
305 10.599700927734375
306 12.842300415039063
307 8.946701049804688
308 11.84539794921875
309 10.715400695800781
310 10.986000061035156
311 10.94000244140625
312 12.937599182128906
313 12.588897705078125
314 11.369606018066406
315 11.73919677734375
316 9.402702331542969
317 8.890098571777344
318 8.998497009277344
319 11.731002807617188
320 12.190605163574219
321 11.746902465820313
322 12.73150634765625
323 10.990097045898438
324 11.298103332519531
325 12.313194274902344
326 10.497200012207031
327 11.349296569824219
328 11.942398071289063
329 13.505104064941406
330 13.677093505859375
331 12.8302001953125
332 12.977500915527344
333 12.968093872070313
334 14.680801391601563
335 13.923698425292969
336 12.740303039550781
337 10.926300048828125
338 13.527999877929688
339 14.034805297851563
340 13.842903137207031
341 13.533294677734375
342 12.575698852539063
343 10.428794860839844
344 9.25579833984375
345 10.225997924804688
346 10.741500854492188
347 9.712799072265625
348 10.0115966796875
349 8.467201232910156
350 10.155807495117188
351 8.324996948242188
352 8.82550048828125
353 9.636405944824219
354 9.977195739746094
355 11.791107177734375
356 11.702201843261719
357 12.038497924804688
358 10.935600280761719
359 9.6697998046875
360 11.560203552246094
361 10.282203674316406
362 11.939903259277344
363 11.079093933105469
364 11.925804138183594
365 12.599906921386719
366 11.302703857421875
367 10.218093872070313
368 10.639297485351563
369 11.650299072265625
370 11.669998168945313
371 11.73419189453125
372 11.733001708984375
373 12.924598693847656
374 11.195098876953125
375 10.941795349121094
376 10.243598937988281
377 12.360099792480469
378 13.729499816894531
379 10.429100036621094
380 12.832305908203125
381 12.803398132324219
382 11.24530029296875
383 13.7406005859375
384 13.389602661132813
385 11.726402282714844
386 10.970703125
387 10.351303100585938
388 11.181808471679688
389 12.556198120117188
390 13.654205322265625
391 12.013801574707031
392 12.27459716796875
393 13.533897399902344
394 11.5552978515625
395 11.739700317382813
396 13.836601257324219
397 10.537696838378906
398 12.885597229003906
399 11.822502136230469
400 13.066902160644531
401 11.739402770996094
402 11.447502136230469
403 10.136398315429688
404 11.283401489257813
405 10.436203002929688
406 11.612396240234375
407 9.931800842285156
408 12.931007385253906
409 11.879905700683594
410 11.820899963378906
411 13.557106018066406
412 10.967498779296875
413 10.510604858398438
414 10.232398986816406
415 10.059402465820313
416 7.773399353027344
417 10.339797973632813
418 9.694107055664063
419 11.472801208496094
420 11.863700866699219
421 11.03759765625
422 11.028099060058594
423 11.066802978515625
424 13.755508422851563
425 12.424095153808594
426 10.778297424316406
427 10.442306518554688
428 11.522697448730469
429 12.188003540039063
430 12.094001770019531
431 10.687103271484375
432 12.695999145507813
433 10.489997863769531
434 11.202598571777344
435 12.059799194335938
436 14.519096374511719
437 11.854301452636719
438 10.419502258300781
439 12.209197998046875
440 13.138603210449219
441 11.726600646972656
442 11.958602905273438
443 11.357109069824219
444 13.013603210449219
445 12.373199462890625
446 12.413497924804688
447 10.536102294921875
448 12.038604736328125
449 11.750297546386719
450 11.803398132324219
451 10.200492858886719
452 12.773399353027344
453 13.575401306152344
454 12.519401550292969
455 11.0592041015625
456 13.239303588867188
457 13.163505554199219
458 12.425498962402344
459 10.795204162597656
460 8.554794311523438
461 9.749496459960938
462 11.219108581542969
463 11.464202880859375
464 9.689002990722656
465 8.973602294921875
466 9.666099548339844
467 12.18609619140625
468 13.509597778320313
469 13.96240234375
470 12.372100830078125
471 12.070899963378906
472 12.157096862792969
473 11.802505493164063
474 10.940498352050781
475 11.126701354980469
476 10.98199462890625
477 8.756393432617188
478 10.0155029296875
479 10.312004089355469
480 10.189598083496094
481 9.83770751953125
482 10.449798583984375
483 10.129997253417969
484 11.646697998046875
485 12.172798156738281
486 10.648895263671875
487 9.079795837402344
488 9.012504577636719
489 12.599205017089844
490 12.450202941894531
491 12.153900146484375
492 11.970504760742188
493 11.762802124023438
494 10.399200439453125
495 11.823905944824219
496 13.75579833984375
497 12.266502380371094
498 12.008598327636719
499 11.643997192382813
500 10.417999267578125
