0 23.67559814453125
1 23.67560577392578
2 22.104705810546875
3 23.621109008789063
4 25.50279998779297
5 22.410202026367188
6 23.558502197265625
7 20.478591918945313
8 24.980606079101563
9 25.553199768066406
10 22.845306396484375
11 24.761306762695313
12 22.91899871826172
13 23.154006958007813
14 26.96820068359375
15 24.111793518066406
16 25.048202514648438
17 21.49370574951172
18 20.457801818847656
19 21.994705200195313
20 18.92120361328125
21 21.25689697265625
22 22.371902465820313
23 20.029296875
24 21.054107666015625
25 20.370201110839844
26 18.864608764648438
27 18.42259979248047
28 17.269004821777344
29 20.544204711914063
30 16.91100311279297
31 17.134300231933594
32 17.250709533691406
33 16.381103515625
34 15.81219482421875
35 14.800605773925781
36 16.7589111328125
37 16.483001708984375
38 17.798492431640625
39 15.577102661132813
40 13.511505126953125
41 17.351707458496094
42 16.05010223388672
43 16.26690673828125
44 16.699600219726563
45 17.01679229736328
46 14.71600341796875
47 15.129196166992188
48 17.896804809570313
49 17.526901245117188
50 18.089202880859375
51 15.214698791503906
52 15.457901000976563
53 15.499397277832031
54 18.625900268554688
55 18.23340606689453
56 17.890792846679688
57 18.863609313964844
58 16.631301879882813
59 18.812103271484375
60 16.51720428466797
61 17.89820098876953
62 18.212608337402344
63 16.900009155273438
64 15.522605895996094
65 18.233901977539063
66 17.21900177001953
67 17.988494873046875
68 17.680198669433594
69 17.57989501953125
70 16.556594848632813
71 13.030799865722656
72 12.927192687988281
73 15.251602172851563
74 16.5447998046875
75 17.183799743652344
76 16.933509826660156
77 17.97840118408203
78 18.795005798339844
79 17.06060028076172
80 17.11309814453125
81 18.927200317382813
82 17.69550323486328
83 15.107902526855469
84 17.207801818847656
85 16.87220001220703
86 18.388595581054688
87 20.19390106201172
88 18.45660400390625
89 16.564903259277344
90 16.249595642089844
91 14.543098449707031
92 14.689598083496094
93 16.855003356933594
94 16.844505310058594
95 16.222206115722656
96 15.673202514648438
97 17.003204345703125
98 16.48760223388672
99 15.758804321289063
100 20.163902282714844
101 21.25859832763672
102 22.76270294189453
103 18.707504272460938
104 22.2677001953125
105 20.271095275878906
106 22.05010986328125
107 24.607192993164063
108 20.887298583984375
109 21.2095947265625
110 20.54759979248047
111 19.584495544433594
112 19.441497802734375
113 20.798500061035156
114 18.40460205078125
115 20.578201293945313
116 18.56670379638672
117 16.098594665527344
118 16.481094360351563
119 18.98509979248047
120 20.59180450439453
121 18.467208862304688
122 19.775894165039063
123 18.94219970703125
124 18.752708435058594
125 17.986900329589844
126 20.868804931640625
127 20.667999267578125
128 22.529205322265625
129 20.28009796142578
130 17.861900329589844
131 19.038902282714844
132 19.516494750976563
133 19.402008056640625
134 18.772499084472656
135 16.74590301513672
136 17.049102783203125
137 17.657394409179688
138 15.07049560546875
139 18.09929656982422
140 18.977401733398438
141 18.210800170898438
142 18.057098388671875
143 19.43689727783203
144 19.012794494628906
145 19.96331024169922
146 19.96649932861328
147 20.601402282714844
148 19.71160125732422
149 21.317100524902344
150 20.32659912109375
151 20.111305236816406
152 20.519004821777344
153 19.509292602539063
154 18.754600524902344
155 21.704696655273438
156 19.04150390625
157 18.223403930664063
158 18.046302795410156
159 19.900901794433594
160 21.35590362548828
161 19.126609802246094
162 21.47429656982422
163 22.73430633544922
164 21.97539520263672
165 21.27849578857422
166 23.228103637695313
167 22.080795288085938
168 21.325096130371094
169 21.223098754882813
170 24.920806884765625
171 24.80279541015625
172 24.7633056640625
173 21.18360137939453
174 20.20770263671875
175 20.273300170898438
176 18.5343017578125
177 20.668197631835938
178 20.471099853515625
179 20.479095458984375
180 20.14659881591797
181 20.729400634765625
182 21.269203186035156
183 20.9136962890625
184 20.55719757080078
185 18.865798950195313
186 20.46929931640625
187 22.5386962890625
188 22.951904296875
189 20.50780487060547
190 21.446395874023438
191 18.57990264892578
192 17.763404846191406
193 17.728500366210938
194 18.400299072265625
195 20.3865966796875
196 18.777099609375
197 20.243202209472656
198 22.108200073242188
199 20.720001220703125
200 22.240402221679688
201 20.195297241210938
202 18.108001708984375
203 21.14710235595703
204 20.75470733642578
205 21.60759735107422
206 21.333099365234375
207 19.437301635742188
208 19.90570831298828
209 22.06529998779297
210 19.935104370117188
211 20.505104064941406
212 18.705101013183594
213 20.316001892089844
214 21.687400817871094
215 19.88579559326172
216 16.182601928710938
217 18.48699951171875
218 19.261001586914063
219 17.195594787597656
220 15.745498657226563
221 16.903396606445313
222 18.16429901123047
223 18.655899047851563
224 17.222496032714844
225 15.632606506347656
226 16.07550811767578
227 14.410804748535156
228 15.403099060058594
229 15.912010192871094
230 18.680694580078125
231 16.734909057617188
232 16.731101989746094
233 18.462203979492188
234 18.200706481933594
235 16.85199737548828
236 18.277999877929688
237 15.835601806640625
238 18.255599975585938
239 15.644798278808594
240 17.110000610351563
241 16.54590606689453
242 18.254005432128906
243 15.5498046875
244 17.119003295898438
245 16.896697998046875
246 16.59099578857422
247 13.968505859375
248 17.371994018554688
249 19.814804077148438
250 14.494697570800781
251 19.10131072998047
252 20.322601318359375
253 18.08850860595703
254 18.547698974609375
255 20.51250457763672
256 17.268402099609375
257 20.520904541015625
258 20.10710906982422
259 20.645111083984375
260 18.748199462890625
261 17.9873046875
262 17.293594360351563
263 19.978500366210938
264 18.047698974609375
265 15.103103637695313
266 16.444793701171875
267 13.099205017089844
268 13.631401062011719
269 14.477401733398438
270 13.912696838378906
271 14.371803283691406
272 17.13330078125
273 15.864097595214844
274 13.901603698730469
275 11.265998840332031
276 12.891105651855469
277 15.19189453125
278 12.726104736328125
279 12.513999938964844
280 12.520797729492188
281 13.278694152832031
282 12.510299682617188
283 13.742607116699219
284 12.133598327636719
285 12.73370361328125
286 9.824798583984375
287 9.785499572753906
288 11.478302001953125
289 14.173507690429688
290 14.234703063964844
291 12.229499816894531
292 12.187103271484375
293 12.877403259277344
294 13.148895263671875
295 12.940399169921875
296 16.83789825439453
297 14.921600341796875
298 14.802505493164063
299 12.913902282714844
300 12.34429931640625
301 14.205299377441406
302 12.085098266601563
303 14.483100891113281
304 16.18670654296875
305 14.279701232910156
306 16.572303771972656
307 12.976699829101563
308 14.685401916503906
309 14.335395812988281
310 15.64599609375
311 16.790000915527344
312 16.257606506347656
313 16.93889617919922
314 14.669601440429688
315 14.279197692871094
316 12.622703552246094
317 13.330101013183594
318 13.978500366210938
319 15.721000671386719
320 15.410606384277344
321 16.62689971923828
322 17.1614990234375
323 13.610099792480469
324 15.668106079101563
325 17.423202514648438
326 14.957199096679688
327 15.699302673339844
328 13.062400817871094
329 16.42510223388672
330 15.657096862792969
331 15.940200805664063
332 14.727493286132813
333 15.638107299804688
334 17.360801696777344
335 17.36370086669922
336 15.540298461914063
337 13.876304626464844
338 16.397994995117188
339 16.22480010986328
340 16.752899169921875
341 14.463302612304688
342 12.935699462890625
343 11.908798217773438
344 11.655799865722656
345 10.916000366210938
346 12.961502075195313
347 12.712806701660156
348 13.20159912109375
349 12.557197570800781
350 14.635795593261719
351 13.935005187988281
352 12.365501403808594
353 12.156402587890625
354 12.93719482421875
355 14.031097412109375
356 13.972198486328125
357 14.168502807617188
358 14.815605163574219
359 13.349800109863281
360 14.170196533203125
361 15.062202453613281
362 15.129905700683594
363 15.599090576171875
364 15.655807495117188
365 17.59990692138672
366 15.612701416015625
367 14.048095703125
368 15.249298095703125
369 13.980300903320313
370 15.650001525878906
371 14.74420166015625
372 14.913002014160156
373 16.544593811035156
374 16.805099487304688
375 14.491798400878906
376 14.823600769042969
377 15.130088806152344
378 15.769500732421875
379 14.359107971191406
380 15.512306213378906
381 14.223396301269531
382 14.185302734375
383 14.280601501464844
384 15.179595947265625
385 15.23638916015625
386 14.860694885253906
387 14.831306457519531
388 15.651802062988281
389 15.2362060546875
390 15.904197692871094
391 16.603805541992188
392 15.014602661132813
393 16.953903198242188
394 15.015296936035156
395 14.359703063964844
396 17.39659881591797
397 14.997695922851563
398 17.125595092773438
399 17.742507934570313
400 18.356903076171875
401 16.5093994140625
402 16.38750457763672
403 14.24639892578125
404 14.363395690917969
405 14.036201477050781
406 15.632400512695313
407 13.121803283691406
408 13.611000061035156
409 14.249900817871094
410 15.430900573730469
411 16.1571044921875
412 13.49749755859375
413 15.440605163574219
414 14.322402954101563
415 12.889404296875
416 11.743400573730469
417 13.689796447753906
418 13.314109802246094
419 14.582794189453125
420 15.393692016601563
421 13.667594909667969
422 13.918106079101563
423 14.27679443359375
424 15.345504760742188
425 14.064102172851563
426 11.348304748535156
427 12.722305297851563
428 15.092697143554688
429 15.288002014160156
430 15.543998718261719
431 14.897102355957031
432 16.32599639892578
433 14.260002136230469
434 13.722602844238281
435 14.539802551269531
436 17.9490966796875
437 17.074302673339844
438 12.539497375488281
439 14.309196472167969
440 16.69860076904297
441 13.416603088378906
442 14.448600769042969
443 14.857109069824219
444 13.423606872558594
445 14.363197326660156
446 15.393501281738281
447 13.986099243164063
448 14.50860595703125
449 14.470298767089844
450 15.003395080566406
451 14.150497436523438
452 17.383399963378906
453 16.935401916503906
454 15.249397277832031
455 13.61920166015625
456 15.069297790527344
457 16.53350830078125
458 15.125503540039063
459 13.315208435058594
460 11.694793701171875
461 12.149505615234375
462 13.289100646972656
463 13.854202270507813
464 12.948997497558594
465 13.983596801757813
466 13.226104736328125
467 14.726097106933594
468 15.489593505859375
469 16.982398986816406
470 17.21209716796875
471 15.410896301269531
472 17.197097778320313
473 16.422500610351563
474 14.390495300292969
475 14.916702270507813
476 15.732002258300781
477 12.066398620605469
478 13.7655029296875
479 13.561996459960938
480 14.209602355957031
481 13.947708129882813
482 14.249794006347656
483 13.029998779296875
484 14.886695861816406
485 16.67279815673828
486 15.258903503417969
487 13.469795227050781
488 13.462509155273438
489 16.589202880859375
490 16.560195922851563
491 15.113899230957031
492 16.740501403808594
493 16.132797241210938
494 12.67919921875
495 14.153900146484375
496 15.885795593261719
497 14.616500854492188
498 15.438606262207031
499 13.823997497558594
500 14.087997436523438
