0 29.515609741210938
1 29.515602111816406
2 31.32470703125
3 28.57110595703125
4 22.322799682617188
5 19.27020263671875
6 20.798500061035156
7 23.388595581054688
8 24.030601501464844
9 25.733200073242188
10 22.945297241210938
11 23.741302490234375
12 26.698997497558594
13 23.73400115966797
14 20.918197631835938
15 21.90180206298828
16 17.59819793701172
17 15.683700561523438
18 16.407806396484375
19 17.174697875976563
20 16.071189880371094
21 15.00689697265625
22 12.341903686523438
23 12.869300842285156
24 13.76409912109375
25 12.980201721191406
26 12.144599914550781
27 14.502601623535156
28 14.679008483886719
29 16.974197387695313
30 15.350997924804688
31 12.59429931640625
32 13.590705871582031
33 13.641105651855469
34 14.182197570800781
35 13.770599365234375
36 14.308906555175781
37 13.123008728027344
38 14.01849365234375
39 12.817100524902344
40 11.761505126953125
41 14.801704406738281
42 11.860099792480469
43 10.706901550292969
44 11.449600219726563
45 12.166801452636719
46 12.21600341796875
47 13.159194946289063
48 12.636802673339844
49 14.596900939941406
50 12.189201354980469
51 10.394699096679688
52 11.197898864746094
53 10.089401245117188
54 12.275901794433594
55 13.523406982421875
56 13.4407958984375
57 12.633598327636719
58 13.181304931640625
59 11.682098388671875
60 11.277198791503906
61 12.188201904296875
62 12.902603149414063
63 14.720001220703125
64 12.882598876953125
65 13.513900756835938
66 12.918998718261719
67 15.618499755859375
68 12.8302001953125
69 11.999893188476563
70 14.516593933105469
71 13.690803527832031
72 11.887199401855469
73 12.1416015625
74 12.014801025390625
75 12.373794555664063
76 10.853507995605469
77 11.248397827148438
78 11.185005187988281
79 10.630599975585938
80 12.373092651367188
81 12.357200622558594
82 11.775497436523438
83 11.877899169921875
84 12.827796936035156
85 12.902198791503906
86 12.948593139648438
87 12.193901062011719
88 12.046600341796875
89 13.494903564453125
90 11.969596862792969
91 12.413101196289063
92 10.479598999023438
93 12.415000915527344
94 13.414505004882813
95 11.182197570800781
96 11.983200073242188
97 13.933197021484375
98 11.027603149414063
99 12.248802185058594
100 11.723899841308594
101 12.578598022460938
102 13.6427001953125
103 12.6875
104 15.037704467773438
105 13.231094360351563
106 14.7301025390625
107 18.287200927734375
108 16.84729766845703
109 16.129592895507813
110 12.907600402832031
111 16.134506225585938
112 15.191505432128906
113 14.238502502441406
114 13.694602966308594
115 13.578208923339844
116 12.776702880859375
117 10.618598937988281
118 10.101097106933594
119 8.78509521484375
120 9.941795349121094
121 9.337196350097656
122 10.155899047851563
123 11.892196655273438
124 11.962699890136719
125 10.716903686523438
126 14.058807373046875
127 11.508003234863281
128 13.439193725585938
129 11.840095520019531
130 11.231903076171875
131 11.618904113769531
132 13.356498718261719
133 13.402000427246094
134 14.892509460449219
135 14.565902709960938
136 13.13909912109375
137 12.137397766113281
138 11.530502319335938
139 14.439292907714844
140 14.117401123046875
141 14.850799560546875
142 13.497093200683594
143 15.726905822753906
144 16.022796630859375
145 15.873306274414063
146 14.046501159667969
147 14.311408996582031
148 12.281600952148438
149 13.527107238769531
150 14.186599731445313
151 16.89130401611328
152 13.929000854492188
153 13.069297790527344
154 10.204605102539063
155 12.474700927734375
156 11.891502380371094
157 11.523406982421875
158 12.046295166015625
159 12.330902099609375
160 14.35589599609375
161 13.986602783203125
162 12.854301452636719
163 12.664299011230469
164 15.135398864746094
165 14.728500366210938
166 15.958099365234375
167 13.1907958984375
168 14.875099182128906
169 13.213096618652344
170 16.410797119140625
171 15.582801818847656
172 13.333297729492188
173 15.573600769042969
174 10.267707824707031
175 11.283302307128906
176 10.644302368164063
177 11.418197631835938
178 13.051109313964844
179 12.849105834960938
180 10.086601257324219
181 12.709403991699219
182 12.399200439453125
183 11.753707885742188
184 9.157196044921875
185 11.25579833984375
186 12.759300231933594
187 12.358695983886719
188 12.791908264160156
189 11.287796020507813
190 10.806404113769531
191 9.369895935058594
192 11.723403930664063
193 9.618492126464844
194 11.630294799804688
195 12.486602783203125
196 12.767105102539063
197 11.933204650878906
198 11.228202819824219
199 13.770004272460938
200 13.670394897460938
201 13.115303039550781
202 13.117996215820313
203 15.567092895507813
204 15.614707946777344
205 13.557594299316406
206 11.74310302734375
207 11.6072998046875
208 14.765708923339844
209 16.48529815673828
210 16.645095825195313
211 15.755104064941406
212 15.995101928710938
213 15.58599853515625
214 16.737403869628906
215 15.065803527832031
216 13.022598266601563
217 15.5570068359375
218 16.10100555419922
219 15.665596008300781
220 14.015495300292969
221 13.783409118652344
222 14.664299011230469
223 15.185897827148438
224 16.162498474121094
225 12.812606811523438
226 14.305503845214844
227 14.040794372558594
228 15.363105773925781
229 15.882003784179688
230 17.41069793701172
231 13.204902648925781
232 12.861099243164063
233 14.402198791503906
234 14.700706481933594
235 11.772003173828125
236 14.648002624511719
237 13.545600891113281
238 14.025596618652344
239 12.554801940917969
240 15.069999694824219
241 14.245903015136719
242 17.263999938964844
243 16.279800415039063
244 18.83899688720703
245 16.48670196533203
246 14.590995788574219
247 13.658500671386719
248 15.451995849609375
249 16.80480194091797
250 14.994705200195313
251 15.001304626464844
252 18.072601318359375
253 14.678497314453125
254 12.967697143554688
255 15.552497863769531
256 16.338394165039063
257 16.900901794433594
258 13.387107849121094
259 15.205101013183594
260 13.618194580078125
261 14.79730224609375
262 14.863594055175781
263 14.968505859375
264 14.687705993652344
265 12.753097534179688
266 12.804801940917969
267 12.859199523925781
268 12.131401062011719
269 15.757392883300781
270 14.022705078125
271 12.071800231933594
272 13.593299865722656
273 15.054107666015625
274 13.071601867675781
275 13.305999755859375
276 12.611106872558594
277 14.01190185546875
278 13.436103820800781
279 13.704002380371094
280 12.640800476074219
281 13.628692626953125
282 14.720306396484375
283 12.572601318359375
284 13.883590698242188
285 14.593704223632813
286 14.744796752929688
287 13.765495300292969
288 12.8782958984375
289 13.90350341796875
290 14.304702758789063
291 12.869499206542969
292 12.207099914550781
293 12.627395629882813
294 9.968902587890625
295 10.280403137207031
296 11.957893371582031
297 11.20159912109375
298 11.712501525878906
299 12.693901062011719
300 11.644294738769531
301 13.965301513671875
302 14.075096130371094
303 14.953102111816406
304 15.176704406738281
305 13.809700012207031
306 15.772308349609375
307 14.506698608398438
308 15.535400390625
309 15.565399169921875
310 12.636001586914063
311 13.870002746582031
312 16.657608032226563
313 17.80889892578125
314 15.169601440429688
315 15.589202880859375
316 16.34270477294922
317 15.280097961425781
318 13.868499755859375
319 13.531005859375
320 14.700607299804688
321 16.076904296875
322 14.641502380371094
323 11.750099182128906
324 12.188095092773438
325 11.823196411132813
326 10.897201538085938
327 10.189300537109375
328 12.462394714355469
329 13.235107421875
330 14.327102661132813
331 12.430198669433594
332 15.017501831054688
333 14.998100280761719
334 14.63079833984375
335 13.693702697753906
336 11.870307922363281
337 11.566299438476563
338 14.148002624511719
339 13.764801025390625
340 13.882904052734375
341 13.723297119140625
342 12.135696411132813
343 11.20880126953125
344 11.495796203613281
345 12.58599853515625
346 11.921493530273438
347 11.4927978515625
348 11.051597595214844
349 12.267204284667969
350 12.285804748535156
351 12.135002136230469
352 12.965499877929688
353 12.586402893066406
354 12.467201232910156
355 15.201103210449219
356 14.982200622558594
357 13.818496704101563
358 14.3656005859375
359 10.589797973632813
360 15.790199279785156
361 15.112205505371094
362 13.719902038574219
363 14.239097595214844
364 15.335807800292969
365 13.95989990234375
366 15.832695007324219
367 16.078102111816406
368 12.549301147460938
369 12.950302124023438
370 15.339996337890625
371 16.874191284179688
372 16.123001098632813
373 14.674598693847656
374 14.455101013183594
375 14.271797180175781
376 13.573600769042969
377 12.630096435546875
378 15.409500122070313
379 15.139106750488281
380 14.372299194335938
381 15.2333984375
382 13.145301818847656
383 12.68060302734375
384 14.189605712890625
385 13.136398315429688
386 12.040695190429688
387 12.051300048828125
388 10.041801452636719
389 10.506202697753906
390 10.104202270507813
391 12.323799133300781
392 9.634597778320313
393 10.703903198242188
394 9.225303649902344
395 10.199699401855469
396 11.796600341796875
397 10.037696838378906
398 9.725593566894531
399 10.862503051757813
400 11.416900634765625
401 9.819404602050781
402 11.867500305175781
403 12.216392517089844
404 9.603401184082031
405 11.356201171875
406 11.712394714355469
407 11.981803894042969
408 12.881004333496094
409 13.20989990234375
410 13.550895690917969
411 13.497100830078125
412 11.277496337890625
413 13.040603637695313
414 13.662406921386719
415 11.249404907226563
416 10.593399047851563
417 11.259796142578125
418 10.864105224609375
419 12.212799072265625
420 12.693702697753906
421 11.9075927734375
422 14.238105773925781
423 13.666801452636719
424 16.38550567626953
425 15.594100952148438
426 13.628303527832031
427 14.142311096191406
428 12.152694702148438
429 14.458000183105469
430 16.29399871826172
431 12.437095642089844
432 14.236000061035156
433 15.329994201660156
434 13.5426025390625
435 12.97979736328125
436 14.389091491699219
437 13.014305114746094
438 11.339500427246094
439 12.519195556640625
440 14.338600158691406
441 13.056602478027344
442 10.908599853515625
443 11.877098083496094
444 12.183601379394531
445 12.253204345703125
446 13.043495178222656
447 11.386100769042969
448 12.108604431152344
449 10.940299987792969
450 11.853401184082031
451 13.280494689941406
452 12.553398132324219
453 13.395393371582031
454 14.839408874511719
455 11.67919921875
456 12.059295654296875
457 13.303504943847656
458 12.995506286621094
459 11.595199584960938
460 11.594795227050781
461 10.599502563476563
462 12.139106750488281
463 10.084205627441406
464 8.528999328613281
465 10.263595581054688
466 8.256103515625
467 10.866096496582031
468 13.769599914550781
469 14.682395935058594
470 13.182098388671875
471 11.750900268554688
472 12.127098083496094
473 10.762504577636719
474 12.670501708984375
475 11.43670654296875
476 14.461990356445313
477 13.596397399902344
478 12.225502014160156
479 10.812004089355469
480 11.229598999023438
481 11.387702941894531
482 10.009796142578125
483 11.339996337890625
484 13.326698303222656
485 13.232795715332031
486 12.918899536132813
487 13.889801025390625
488 15.272506713867188
489 15.599197387695313
490 14.230201721191406
491 14.353897094726563
492 15.100502014160156
493 14.642791748046875
494 10.849197387695313
495 10.553901672363281
496 11.915794372558594
497 10.326499938964844
498 13.00860595703125
499 12.333999633789063
500 12.498001098632813
