0 10.225601196289063
1 10.225601196289063
2 12.904701232910156
3 10.031105041503906
4 8.632797241210938
5 3.9701995849609375
6 6.708503723144531
7 4.098594665527344
8 8.530601501464844
9 7.8932037353515625
10 5.935295104980469
11 5.6013031005859375
12 6.728996276855469
13 4.534004211425781
14 6.038200378417969
15 3.2117996215820313
16 2.6382064819335938
17 -0.9162979125976563
18 -1.5721969604492188
19 -0.0753021240234375
20 -1.3087997436523438
21 0.32689666748046875
22 1.291900634765625
23 -1.880706787109375
24 0.0641021728515625
25 -0.4197998046875
26 -1.6553993225097656
27 -1.14739990234375
28 -1.2910003662109375
29 2.654205322265625
30 -0.7289962768554688
31 -0.1757049560546875
32 -0.06929779052734375
33 0.12110137939453125
34 -0.80780029296875
35 -2.81939697265625
36 -1.87109375
37 -2.4369964599609375
38 -1.381500244140625
39 -3.3729019165039063
40 -4.448497772216797
41 -1.2682952880859375
42 -1.5298995971679688
43 -2.1030960083007813
44 1.1796035766601563
45 1.0467987060546875
46 -1.8539962768554688
47 -1.7108001708984375
48 -0.523193359375
49 -1.833099365234375
50 -0.31079864501953125
51 -2.6152992248535156
52 -2.2721023559570313
53 -3.1805953979492188
54 -0.14409637451171875
55 -1.4766006469726563
56 -1.5492019653320313
57 -0.7363967895507813
58 -0.35869598388671875
59 1.71209716796875
60 0.33719635009765625
61 1.1082000732421875
62 1.0526046752929688
63 0.2700042724609375
64 0.7826004028320313
65 3.0038986206054688
66 1.0589981079101563
67 1.1384963989257813
68 -1.4598007202148438
69 -0.9801025390625
70 0.4365997314453125
71 -1.649200439453125
72 -2.6928024291992188
73 -1.7084007263183594
74 -1.3152008056640625
75 -0.5062026977539063
76 -1.3564987182617188
77 -1.4616050720214844
78 -0.44499969482421875
79 -1.5793991088867188
80 -1.1268997192382813
81 -0.14279937744140625
82 -1.4044952392578125
83 -3.432098388671875
84 -1.8122024536132813
85 -2.1177978515625
86 -0.3314056396484375
87 0.8438949584960938
88 -0.00339508056640625
89 -2.0850982666015625
90 -2.6703948974609375
91 -3.7569046020507813
92 -3.8104019165039063
93 -2.81500244140625
94 -3.5954971313476563
95 -3.357799530029297
96 -4.816799163818359
97 -3.4967994689941406
98 -3.662403106689453
99 -2.1111984252929688
100 0.2039031982421875
101 0.5085983276367188
102 1.7826995849609375
103 -0.18250274658203125
104 1.487701416015625
105 0.12110137939453125
106 0.7301025390625
107 4.007194519042969
108 1.0672988891601563
109 2.619598388671875
110 0.30759429931640625
111 1.4645004272460938
112 0.571502685546875
113 1.70849609375
114 1.624603271484375
115 0.33820343017578125
116 -1.6532974243164063
117 -1.9314041137695313
118 -1.1588973999023438
119 -0.8149032592773438
120 0.621795654296875
121 -0.28279876708984375
122 0.5259017944335938
123 0.19219970703125
124 0.21269989013671875
125 -1.0530929565429688
126 2.6987991333007813
127 0.5179977416992188
128 2.6392059326171875
129 0.45009613037109375
130 -0.40810394287109375
131 1.1588973999023438
132 0.5465011596679688
133 -1.1580047607421875
134 -1.2974929809570313
135 -2.9640960693359375
136 -2.0909042358398438
137 -2.3526039123535156
138 -3.3395004272460938
139 -1.4607009887695313
140 -0.9726028442382813
141 -1.3091964721679688
142 -1.4528961181640625
143 -0.15309906005859375
144 -0.6671981811523438
145 -0.9066925048828125
146 -0.8035049438476563
147 0.08139801025390625
148 -1.6384048461914063
149 0.057098388671875
150 -1.5334014892578125
151 0.48130035400390625
152 -0.1510009765625
153 -1.5206985473632813
154 -2.125396728515625
155 -0.465301513671875
156 -1.5684967041015625
157 -1.8766021728515625
158 -2.393707275390625
159 -1.4090957641601563
160 -0.424102783203125
161 -2.273395538330078
162 -0.9657020568847656
163 1.9142990112304688
164 0.19539642333984375
165 -0.47150421142578125
166 1.1980972290039063
167 -0.67919921875
168 0.28509521484375
169 -1.3969039916992188
170 1.6908035278320313
171 1.9127960205078125
172 0.31329345703125
173 1.2735977172851563
174 -2.012298583984375
175 -2.206695556640625
176 -3.5157012939453125
177 -0.78179931640625
178 -1.9688949584960938
179 -1.3008956909179688
180 -4.0634002685546875
181 -2.5606002807617188
182 -1.970794677734375
183 -2.1863021850585938
184 -1.402801513671875
185 -1.9242019653320313
186 -0.6807022094726563
187 0.08869171142578125
188 -0.22809600830078125
189 -2.8121986389160156
190 -1.7735977172851563
191 -3.4101028442382813
192 -3.6965980529785156
193 -4.991504669189453
194 -3.4297027587890625
195 -1.5833969116210938
196 -2.8628997802734375
197 -2.5167922973632813
198 -0.6017990112304688
199 -1.1899948120117188
200 -0.059600830078125
201 -2.4646987915039063
202 -3.3920059204101563
203 -1.4029006958007813
204 -1.8452987670898438
205 -1.622406005859375
206 -1.0569000244140625
207 -3.7527008056640625
208 -2.4542999267578125
209 -0.6746978759765625
210 -1.1949005126953125
211 -1.244903564453125
212 -1.5049057006835938
213 -1.563995361328125
214 -0.442596435546875
215 -1.334197998046875
216 -3.9374008178710938
217 -2.0929946899414063
218 -1.4690017700195313
219 -2.664398193359375
220 -3.8745040893554688
221 -3.7765960693359375
222 -2.435699462890625
223 -2.6840972900390625
224 -2.0875015258789063
225 -4.487400054931641
226 -4.194499969482422
227 -4.909202575683594
228 -3.8468971252441406
229 -2.1579971313476563
230 -0.5093002319335938
231 -2.7851028442382813
232 -3.4289016723632813
233 -1.9077987670898438
234 -2.1492996215820313
235 -4.618003845214844
236 -2.6819992065429688
237 -4.084400177001953
238 -2.6144027709960938
239 -4.3751983642578125
240 -2.350006103515625
241 -3.26409912109375
242 -1.8259963989257813
243 -2.5902023315429688
244 -0.4810028076171875
245 -2.2433013916015625
246 -3.2389984130859375
247 -4.071495056152344
248 -1.608001708984375
249 -1.2751998901367188
250 -4.345302581787109
251 -2.9086990356445313
252 -0.19739532470703125
253 -2.141498565673828
254 -3.002300262451172
255 -1.9175033569335938
256 -2.9316024780273438
257 -0.7390975952148438
258 -2.9528961181640625
259 -1.054901123046875
260 -2.701801300048828
261 -2.3726959228515625
262 -3.1464004516601563
263 -1.4014968872070313
264 -3.1422996520996094
265 -4.626899719238281
266 -3.2852020263671875
267 -4.460796356201172
268 -5.498600006103516
269 -2.4726028442382813
270 -3.1173019409179688
271 -4.728202819824219
272 -3.326702117919922
273 -2.1758956909179688
274 -4.318397521972656
275 -5.534004211425781
276 -4.578899383544922
277 -3.0280990600585938
278 -3.953899383544922
279 -4.756000518798828
280 -5.2592010498046875
281 -4.931304931640625
282 -4.199699401855469
283 -4.737396240234375
284 -4.356403350830078
285 -3.8162994384765625
286 -3.8451995849609375
287 -5.394500732421875
288 -5.3816986083984375
289 -2.9964981079101563
290 -3.4552993774414063
291 -5.240501403808594
292 -5.53289794921875
293 -4.062599182128906
294 -5.281101226806641
295 -4.8896026611328125
296 -4.472103118896484
297 -4.848396301269531
298 -4.767498016357422
299 -5.286102294921875
300 -6.555702209472656
301 -5.284698486328125
302 -4.83489990234375
303 -3.776897430419922
304 -3.0032997131347656
305 -3.8003005981445313
306 -2.037700653076172
307 -5.223297119140625
308 -2.9345932006835938
309 -3.40460205078125
310 -4.204002380371094
311 -3.2099990844726563
312 -1.2123947143554688
313 -1.7611083984375
314 -3.3503952026367188
315 -3.360797882080078
316 -3.7072982788085938
317 -3.7999000549316406
318 -4.60150146484375
319 -3.1889991760253906
320 -2.1594009399414063
321 -2.4831008911132813
322 -1.9785003662109375
323 -4.199897766113281
324 -4.471900939941406
325 -3.1768035888671875
326 -4.7628021240234375
327 -5.040702819824219
328 -3.2076034545898438
329 -2.5248947143554688
330 -1.5728988647460938
331 -2.9898033142089844
332 -2.5124969482421875
333 -2.1619033813476563
334 -1.5592041015625
335 -1.6063003540039063
336 -3.0696945190429688
337 -4.763698577880859
338 -2.022003173828125
339 -1.7551956176757813
340 -2.5470962524414063
341 -1.7166976928710938
342 -2.8042984008789063
343 -3.8612060546875
344 -5.36419677734375
345 -5.2440032958984375
346 -5.188503265380859
347 -5.3972015380859375
348 -6.198398590087891
349 -5.462799072265625
350 -5.154197692871094
351 -5.965000152587891
352 -5.104499816894531
353 -5.133598327636719
354 -4.782798767089844
355 -3.118896484375
356 -3.0678024291992188
357 -4.2714996337890625
358 -4.114398956298828
359 -6.600200653076172
360 -2.9598007202148438
361 -3.6177940368652344
362 -3.530101776123047
363 -3.4109039306640625
364 -2.86419677734375
365 -2.7400970458984375
366 -3.597301483154297
367 -3.3819007873535156
368 -4.660697937011719
369 -3.9197044372558594
370 -2.8799972534179688
371 -1.4558029174804688
372 -2.707000732421875
373 -1.9354019165039063
374 -3.0949020385742188
375 -3.7282028198242188
376 -4.206401824951172
377 -3.389904022216797
378 -1.3505020141601563
379 -3.4908981323242188
380 -1.4377059936523438
381 -1.6966018676757813
382 -3.5946998596191406
383 -0.8094024658203125
384 -2.0603981018066406
385 -4.243602752685547
386 -4.779304504394531
387 -5.47869873046875
388 -5.1681976318359375
389 -3.1238021850585938
390 -1.475799560546875
391 -3.9962005615234375
392 -4.1154022216796875
393 -2.5160980224609375
394 -5.024700164794922
395 -4.530300140380859
396 -2.703399658203125
397 -5.762302398681641
398 -3.414398193359375
399 -4.067497253417969
400 -3.143096923828125
401 -5.2205963134765625
402 -4.132499694824219
403 -5.913600921630859
404 -5.366596221923828
405 -5.2837982177734375
406 -5.017601013183594
407 -5.848197937011719
408 -3.3689956665039063
409 -4.020099639892578
410 -3.8591041564941406
411 -1.91290283203125
412 -5.482501983642578
413 -4.56939697265625
414 -4.477603912353516
415 -5.890598297119141
416 -7.3766021728515625
417 -4.930202484130859
418 -5.7158966064453125
419 -4.557201385498047
420 -3.556304931640625
421 -4.742404937744141
422 -3.8218994140625
423 -4.563201904296875
424 -1.2845001220703125
425 -2.455902099609375
426 -4.501697540283203
427 -4.067699432373047
428 -3.9773025512695313
429 -3.6019973754882813
430 -2.3660049438476563
431 -4.402900695800781
432 -2.7440032958984375
433 -4.25
434 -3.727397918701172
435 -3.9001998901367188
436 -1.6809005737304688
437 -2.3856964111328125
438 -4.920501708984375
439 -3.230804443359375
440 -1.8214035034179688
441 -3.3134002685546875
442 -3.6014022827148438
443 -3.7028961181640625
444 -1.36639404296875
445 -3.456798553466797
446 -3.5965042114257813
447 -5.173900604248047
448 -3.6413955688476563
449 -3.6997032165527344
450 -3.796600341796875
451 -4.799507141113281
452 -3.4566001892089844
453 -2.324604034423828
454 -2.210601806640625
455 -4.540794372558594
456 -3.0107040405273438
457 -2.7664947509765625
458 -2.6044998168945313
459 -4.4647979736328125
460 -5.765205383300781
461 -5.8905029296875
462 -3.960895538330078
463 -4.355800628662109
464 -6.471000671386719
465 -4.996402740478516
466 -6.583896636962891
467 -3.603900909423828
468 -2.860401153564453
469 -1.3176040649414063
470 -2.1479034423828125
471 -3.2891006469726563
472 -2.892902374267578
473 -4.677497863769531
474 -3.439502716064453
475 -4.38330078125
476 -3.7880020141601563
477 -5.5236053466796875
478 -4.264499664306641
479 -5.267997741699219
480 -4.7704010009765625
481 -5.392295837402344
482 -5.390205383300781
483 -4.510002136230469
484 -2.8332977294921875
485 -2.6072006225585938
486 -4.511100769042969
487 -5.250202178955078
488 -5.1074981689453125
489 -1.2108001708984375
490 -2.0298004150390625
491 -2.236103057861328
492 -1.5595016479492188
493 -2.267200469970703
494 -4.690799713134766
495 -3.2260971069335938
496 -2.4742050170898438
497 -2.1534996032714844
498 -2.4413986206054688
499 -3.476001739501953
500 -4.071994781494141
