0 40.79560089111328
1 40.79560089111328
2 40.06470489501953
3 39.721107482910156
4 34.97279357910156
5 32.22019958496094
6 33.758506774902344
7 35.31859588623047
8 36.660606384277344
9 38.253211975097656
10 35.19529724121094
11 36.931304931640625
12 38.23900604248047
13 36.574005126953125
14 34.79820251464844
15 34.581809997558594
16 30.72820281982422
17 28.883697509765625
18 29.587806701660156
19 31.034698486328125
20 29.73119354248047
21 28.32689666748047
22 25.691909790039063
23 26.799293518066406
24 27.654098510742188
25 26.500205993652344
26 25.744606018066406
27 27.72260284423828
28 27.78900909423828
29 29.574203491210938
30 28.111000061035156
31 25.364303588867188
32 25.810707092285156
33 25.831100463867188
34 26.182205200195313
35 26.460601806640625
36 27.338905334472656
37 26.033004760742188
38 27.128501892089844
39 25.987098693847656
40 24.23150634765625
41 27.49170684814453
42 24.750099182128906
43 23.556907653808594
44 23.309600830078125
45 23.73680877685547
46 24.71601104736328
47 25.35919189453125
48 25.896804809570313
49 27.486900329589844
50 26.029205322265625
51 23.164695739746094
52 24.377899169921875
53 23.109405517578125
54 26.015907287597656
55 27.17340850830078
56 26.970802307128906
57 26.173606872558594
58 26.351303100585938
59 24.632110595703125
60 23.44719696044922
61 25.018203735351563
62 25.262603759765625
63 27.51000213623047
64 24.712600708007813
65 25.413902282714844
66 25.449005126953125
67 28.118499755859375
68 26.02020263671875
69 24.909896850585938
70 26.376602172851563
71 24.900802612304688
72 23.157196044921875
73 24.6416015625
74 25.2947998046875
75 24.803802490234375
76 24.113502502441406
77 24.84839630126953
78 24.11499786376953
79 24.600601196289063
80 25.3031005859375
81 25.367202758789063
82 25.045501708984375
83 24.847900390625
84 25.777801513671875
85 25.932205200195313
86 25.968597412109375
87 25.133895874023438
88 25.556602478027344
89 26.754905700683594
90 25.32959747314453
91 24.913101196289063
92 23.629600524902344
93 26.285003662109375
94 26.694503784179688
95 24.20220184326172
96 25.053199768066406
97 27.113197326660156
98 24.617599487304688
99 24.578811645507813
100 25.043899536132813
101 25.978599548339844
102 27.28270721435547
103 26.0675048828125
104 28.95770263671875
105 27.281105041503906
106 28.460105895996094
107 32.227195739746094
108 30.11730194091797
109 29.489601135253906
110 26.767593383789063
111 29.17449951171875
112 28.48149871826172
113 27.57849884033203
114 26.264602661132813
115 26.548202514648438
116 26.086700439453125
117 24.028602600097656
118 22.861099243164063
119 21.445098876953125
120 22.831802368164063
121 22.5072021484375
122 23.17589569091797
123 24.412200927734375
124 24.982711791992188
125 23.536903381347656
126 26.068801879882813
127 24.14800262451172
128 27.329208374023438
129 25.03009796142578
130 23.961898803710938
131 23.958900451660156
132 26.426498413085938
133 26.62200927734375
134 28.392501831054688
135 28.05590057373047
136 26.69910430908203
137 26.01740264892578
138 24.6405029296875
139 28.239295959472656
140 27.64739990234375
141 28.420806884765625
142 27.237098693847656
143 29.666908264160156
144 29.622802734375
145 29.7633056640625
146 27.72649383544922
147 28.00139617919922
148 26.101600646972656
149 27.307098388671875
150 27.57659912109375
151 30.53130340576172
152 27.679000854492188
153 26.83930206298828
154 24.10460662841797
155 26.514694213867188
156 25.73149871826172
157 25.453399658203125
158 25.666297912597656
159 26.11090087890625
160 27.97589874267578
161 27.45660400390625
162 26.274307250976563
163 24.59430694580078
164 28.015403747558594
165 27.788497924804688
166 29.478103637695313
167 26.9407958984375
168 28.635093688964844
169 26.61309814453125
170 29.910797119140625
171 29.162796020507813
172 27.163299560546875
173 29.083602905273438
174 23.56769561767578
175 25.13330078125
176 24.454299926757813
177 24.96819305419922
178 26.531105041503906
179 26.51909637451172
180 23.926605224609375
181 26.0093994140625
182 26.469200134277344
183 25.683700561523438
184 22.647201538085938
185 24.8157958984375
186 26.729293823242188
187 26.09869384765625
188 26.52190399169922
189 25.04779815673828
190 24.74639892578125
191 23.39989471435547
192 25.653404235839844
193 23.45849609375
194 25.24030303955078
195 26.226600646972656
196 26.667098999023438
197 25.693199157714844
198 24.46820068359375
199 27.480003356933594
200 26.990402221679688
201 26.785301208496094
202 26.807998657226563
203 29.127105712890625
204 28.95470428466797
205 27.147598266601563
206 25.773101806640625
207 25.42729949951172
208 28.28569793701172
209 29.725303649902344
210 29.625099182128906
211 28.92510223388672
212 29.16510009765625
213 28.756004333496094
214 29.83740997314453
215 28.615798950195313
216 26.17259979248047
217 28.376998901367188
218 29.66100311279297
219 28.73560333251953
220 27.125503540039063
221 27.06340789794922
222 28.29430389404297
223 28.345901489257813
224 29.452499389648438
225 26.152603149414063
226 27.535499572753906
227 26.910804748535156
228 28.18309783935547
229 28.69200897216797
230 30.140701293945313
231 26.90489959716797
232 26.231101989746094
233 27.44219970703125
234 28.300697326660156
235 25.302001953125
236 28.107994079589844
237 26.885604858398438
238 27.66559600830078
239 26.124801635742188
240 28.55999755859375
241 27.775901794433594
242 30.383995056152344
243 29.389801025390625
244 31.33899688720703
245 29.526702880859375
246 28.100997924804688
247 26.34850311279297
248 28.942001342773438
249 29.91480255126953
250 27.764694213867188
251 28.171302795410156
252 31.132606506347656
253 28.26850128173828
254 26.367706298828125
255 28.662498474121094
256 29.23839569091797
257 29.86090850830078
258 26.737106323242188
259 28.395103454589844
260 27.328201293945313
261 28.347305297851563
262 27.913597106933594
263 28.298507690429688
264 28.167701721191406
265 26.013099670410156
266 26.784805297851563
267 25.409202575683594
268 25.231399536132813
269 28.127403259277344
270 26.622703552246094
271 24.941802978515625
272 27.32330322265625
273 28.52410888671875
274 25.721603393554688
275 25.425994873046875
276 25.021102905273438
277 27.111900329589844
278 25.606101989746094
279 26.28400421142578
280 25.870803833007813
281 26.068702697753906
282 27.160308837890625
283 25.622604370117188
284 26.13359832763672
285 26.11370086669922
286 25.964805603027344
287 25.38550567626953
288 24.358306884765625
289 26.89350128173828
290 27.494705200195313
291 25.66949462890625
292 24.66710662841797
293 24.77740478515625
294 23.2489013671875
295 22.500404357910156
296 25.35790252685547
297 24.501602172851563
298 24.852500915527344
299 25.083900451660156
300 24.424301147460938
301 26.55530548095703
302 26.055091857910156
303 27.763107299804688
304 27.956703186035156
305 26.589698791503906
306 28.592300415039063
307 27.106704711914063
308 28.275405883789063
309 28.175399780273438
310 26.116004943847656
311 27.160011291503906
312 28.877609252929688
313 29.978897094726563
314 27.439605712890625
315 28.549209594726563
316 28.172706604003906
317 27.53009796142578
318 26.77850341796875
319 27.001007080078125
320 27.88060760498047
321 28.526901245117188
322 27.941505432128906
323 25.010101318359375
324 25.41809844970703
325 25.493202209472656
326 24.37720489501953
327 23.629302978515625
328 24.90239715576172
329 26.895103454589844
330 27.297103881835938
331 25.590194702148438
332 27.62750244140625
333 28.05809783935547
334 27.990798950195313
335 27.183700561523438
336 25.490310668945313
337 25.01630401611328
338 27.217994689941406
339 27.10480499267578
340 27.192901611328125
341 26.403305053710938
342 24.675697326660156
343 23.818801879882813
344 24.12580108642578
345 24.856002807617188
346 24.301498413085938
347 24.702804565429688
348 24.561607360839844
349 25.117202758789063
350 25.555801391601563
351 25.32500457763672
352 25.475502014160156
353 25.07640838623047
354 25.847198486328125
355 27.971099853515625
356 27.982200622558594
357 26.76850128173828
358 27.62560272216797
359 24.089797973632813
360 28.470199584960938
361 27.742210388183594
362 26.859901428222656
363 27.33910369873047
364 28.215805053710938
365 27.549903869628906
366 28.58270263671875
367 28.448097229003906
368 25.6593017578125
369 25.920303344726563
370 28.040000915527344
371 29.094192504882813
372 28.343002319335938
373 28.22460174560547
374 27.635101318359375
375 27.40179443359375
376 26.713600158691406
377 25.28009796142578
378 27.909500122070313
379 27.379104614257813
380 27.74230194091797
381 27.593399047851563
382 26.235305786132813
383 24.650596618652344
384 26.859603881835938
385 26.4364013671875
386 25.610702514648438
387 25.851295471191406
388 23.90180206298828
389 24.026199340820313
390 23.534202575683594
391 26.123802185058594
392 22.754600524902344
393 24.38390350341797
394 22.785293579101563
395 23.729705810546875
396 25.77660369873047
397 23.597694396972656
398 23.455596923828125
399 24.592506408691406
400 24.99689483642578
401 23.82940673828125
402 25.737510681152344
403 25.73639678955078
404 22.903404235839844
405 24.716201782226563
406 25.382408142089844
407 24.751808166503906
408 25.83100128173828
409 26.429908752441406
410 27.020896911621094
411 27.047103881835938
412 24.81749725341797
413 26.340606689453125
414 26.72240447998047
415 24.489410400390625
416 23.93340301513672
417 24.899795532226563
418 24.414108276367188
419 25.392799377441406
420 26.30370330810547
421 24.96759796142578
422 27.24810028076172
423 26.566795349121094
424 28.8955078125
425 27.674102783203125
426 25.62830352783203
427 26.452308654785156
428 25.942703247070313
429 27.527999877929688
430 28.774002075195313
431 25.78710174560547
432 27.565994262695313
433 28.050003051757813
434 26.372596740722656
435 26.219802856445313
436 27.64910125732422
437 26.46430206298828
438 24.11949920654297
439 25.389198303222656
440 27.75859832763672
441 26.0166015625
442 23.75859832763672
443 25.107101440429688
444 24.983604431152344
445 24.84320831298828
446 26.02349853515625
447 25.236099243164063
448 25.668609619140625
449 24.410301208496094
450 25.37340545654297
451 26.330490112304688
452 26.31340789794922
453 26.815399169921875
454 27.82939910888672
455 24.789199829101563
456 25.439300537109375
457 26.40350341796875
458 25.735504150390625
459 24.755203247070313
460 24.09479522705078
461 23.589500427246094
462 24.88910675048828
463 23.324203491210938
464 21.698997497558594
465 23.763595581054688
466 21.94610595703125
467 24.30609893798828
468 26.549598693847656
469 28.192405700683594
470 26.22209930419922
471 24.79090118408203
472 25.72710418701172
473 24.482498168945313
474 25.530502319335938
475 24.75670623779297
476 27.332000732421875
477 25.576400756835938
478 24.905502319335938
479 24.162002563476563
480 24.21959686279297
481 24.667701721191406
482 23.47979736328125
483 24.399993896484375
484 26.596702575683594
485 26.402801513671875
486 26.168899536132813
487 26.689796447753906
488 27.362503051757813
489 28.419204711914063
490 27.730201721191406
491 27.00389862060547
492 27.970504760742188
493 27.712799072265625
494 23.959205627441406
495 23.823898315429688
496 25.155792236328125
497 23.136497497558594
498 25.57860565185547
499 25.48400115966797
500 25.908004760742188
