0 25.73560333251953
1 25.735595703125
2 28.034698486328125
3 25.091102600097656
4 19.342796325683594
5 16.14020538330078
6 17.728500366210938
7 19.61859893798828
8 20.840599060058594
9 22.263198852539063
10 19.695297241210938
11 20.131301879882813
12 23.018997192382813
13 20.11400604248047
14 17.78820037841797
15 18.191795349121094
16 14.5281982421875
17 12.423698425292969
18 12.797805786132813
19 13.714706420898438
20 12.711196899414063
21 12.026901245117188
22 9.981903076171875
23 9.6593017578125
24 10.804100036621094
25 10.050201416015625
26 9.254600524902344
27 11.242599487304688
28 11.3489990234375
29 14.004203796386719
30 12.21099853515625
31 9.894302368164063
32 10.840705871582031
33 10.851097106933594
34 11.272201538085938
35 10.490608215332031
36 11.168899536132813
37 10.14300537109375
38 10.938499450683594
39 9.607093811035156
40 8.781501770019531
41 11.731704711914063
42 9.070098876953125
43 7.846900939941406
44 9.539596557617188
45 9.696800231933594
46 9.5260009765625
47 10.2991943359375
48 9.696800231933594
49 11.176902770996094
50 9.499198913574219
51 7.594696044921875
52 8.437896728515625
53 7.409400939941406
54 9.705902099609375
55 10.643402099609375
56 10.230796813964844
57 9.723602294921875
58 10.261306762695313
59 9.2821044921875
60 8.727195739746094
61 9.708198547363281
62 10.352607727050781
63 11.810005187988281
64 10.232597351074219
65 11.303901672363281
66 10.248992919921875
67 12.728500366210938
68 9.880203247070313
69 9.2698974609375
70 11.836593627929688
71 11.140800476074219
72 8.947196960449219
73 9.471595764160156
74 9.464797973632813
75 9.533798217773438
76 8.393501281738281
77 8.538398742675781
78 8.724998474121094
79 8.040596008300781
80 9.643096923828125
81 9.727203369140625
82 9.165504455566406
83 8.877899169921875
84 9.937797546386719
85 10.102203369140625
86 10.078598022460938
87 9.863899230957031
88 9.406600952148438
89 10.314903259277344
90 9.229606628417969
91 9.453102111816406
92 7.4795989990234375
93 9.364997863769531
94 10.324501037597656
95 8.432205200195313
96 8.823204040527344
97 10.59320068359375
98 8.177597045898438
99 9.618804931640625
100 9.173904418945313
101 10.138595581054688
102 11.142707824707031
103 10.067497253417969
104 12.187705993652344
105 10.5010986328125
106 11.930099487304688
107 15.297195434570313
108 13.747306823730469
109 13.229598999023438
110 10.03759765625
111 12.974494934082031
112 12.181503295898438
113 11.70849609375
114 11.204605102539063
115 10.618202209472656
116 10.066703796386719
117 7.888603210449219
118 7.781105041503906
119 6.625099182128906
120 7.7617950439453125
121 6.877197265625
122 7.975898742675781
123 9.042205810546875
124 9.462699890136719
125 8.196907043457031
126 11.668807983398438
127 9.158004760742188
128 10.839202880859375
129 9.480094909667969
130 8.711898803710938
131 9.238899230957031
132 10.896499633789063
133 10.552001953125
134 11.672500610351563
135 11.1759033203125
136 10.059097290039063
137 9.197402954101563
138 8.490493774414063
139 11.329299926757813
140 10.987396240234375
141 11.610801696777344
142 10.387100219726563
143 12.476905822753906
144 12.842803955078125
145 12.503303527832031
146 10.936500549316406
147 11.471397399902344
148 9.551605224609375
149 10.797103881835938
150 11.346595764160156
151 13.611305236816406
152 11.028999328613281
153 10.199295043945313
154 7.474601745605469
155 9.674697875976563
156 9.04150390625
157 8.703399658203125
158 8.816299438476563
159 9.290901184082031
160 11.345901489257813
161 10.6466064453125
162 9.864303588867188
163 9.954299926757813
164 11.905403137207031
165 11.658500671386719
166 12.828102111816406
167 10.500801086425781
168 11.675102233886719
169 10.183097839355469
170 13.38079833984375
171 12.652801513671875
172 10.663299560546875
173 12.443595886230469
174 7.607704162597656
175 8.403305053710938
176 7.5543060302734375
177 8.71820068359375
178 9.981101989746094
179 9.669105529785156
180 7.176597595214844
181 9.739402770996094
182 9.439201354980469
183 8.893699645996094
184 6.687202453613281
185 8.465797424316406
186 9.729301452636719
187 9.768699645996094
188 9.931900024414063
189 8.217803955078125
190 8.076400756835938
191 6.4398956298828125
192 8.55340576171875
193 6.45849609375
194 8.590301513671875
195 9.476600646972656
196 9.567100524902344
197 9.113197326660156
198 8.628204345703125
199 10.840003967285156
200 10.890403747558594
201 9.945297241210938
202 9.967994689941406
203 12.167098999023438
204 12.024703979492188
205 10.407600402832031
206 8.833106994628906
207 8.227294921875
208 11.415702819824219
209 13.065299987792969
210 13.16510009765625
211 12.505104064941406
212 12.515098571777344
213 12.146003723144531
214 13.247406005859375
215 11.805801391601563
216 9.592605590820313
217 12.077003479003906
218 12.541000366210938
219 12.215599060058594
220 10.525497436523438
221 10.453399658203125
222 11.304298400878906
223 11.695899963378906
224 12.6925048828125
225 9.492599487304688
226 10.785499572753906
227 10.410797119140625
228 11.633102416992188
229 12.222000122070313
230 13.870697021484375
231 9.894905090332031
232 9.5010986328125
233 11.202201843261719
234 11.220703125
235 8.762001037597656
236 11.417999267578125
237 9.965599060058594
238 10.79559326171875
239 9.194801330566406
240 11.739997863769531
241 10.825904846191406
242 13.643997192382813
243 12.639801025390625
244 15.128997802734375
245 12.946701049804688
246 11.21099853515625
247 10.188499450683594
248 11.851997375488281
249 13.154800415039063
250 11.354698181152344
251 11.511306762695313
252 14.572608947753906
253 11.228500366210938
254 9.667701721191406
255 12.1925048828125
256 12.688400268554688
257 13.390907287597656
258 10.057098388671875
259 11.845108032226563
260 10.2781982421875
261 11.257301330566406
262 11.353599548339844
263 11.5885009765625
264 11.047698974609375
265 9.233100891113281
266 9.574798583984375
267 9.649200439453125
268 8.691398620605469
269 12.427406311035156
270 10.552703857421875
271 8.731796264648438
272 10.223297119140625
273 11.724105834960938
274 9.751602172851563
275 10.055999755859375
276 9.411102294921875
277 10.611900329589844
278 10.276107788085938
279 10.064002990722656
280 9.220802307128906
281 9.948699951171875
282 11.170303344726563
283 9.162605285644531
284 10.5635986328125
285 11.323699951171875
286 11.304801940917969
287 10.345497131347656
288 9.598304748535156
289 10.643501281738281
290 11.014701843261719
291 9.54949951171875
292 8.637100219726563
293 9.397407531738281
294 6.818901062011719
295 7.310394287109375
296 8.687904357910156
297 8.0216064453125
298 8.492500305175781
299 9.43389892578125
300 8.244293212890625
301 10.365303039550781
302 10.455093383789063
303 11.483100891113281
304 11.796699523925781
305 10.479705810546875
306 12.2322998046875
307 10.856704711914063
308 12.085403442382813
309 12.005393981933594
310 9.365997314453125
311 10.459999084472656
312 13.307609558105469
313 14.168891906738281
314 11.729598999023438
315 12.079200744628906
316 12.572700500488281
317 11.590095520019531
318 10.418495178222656
319 10.411003112792969
320 11.460601806640625
321 12.666900634765625
322 11.48150634765625
323 8.560104370117188
324 8.958106994628906
325 8.773200988769531
326 7.687202453613281
327 7.059295654296875
328 9.392402648925781
329 10.235099792480469
330 10.917098999023438
331 9.310195922851563
332 11.597496032714844
333 11.648094177246094
334 11.330795288085938
335 10.623703002929688
336 8.910301208496094
337 8.346298217773438
338 10.8280029296875
339 10.654800415039063
340 10.652900695800781
341 10.853302001953125
342 9.195693969726563
343 8.108802795410156
344 8.175804138183594
345 9.125999450683594
346 8.531494140625
347 7.942802429199219
348 7.691596984863281
349 8.737197875976563
350 8.735801696777344
351 8.734992980957031
352 9.435501098632813
353 9.086402893066406
354 8.997200012207031
355 11.631103515625
356 11.552200317382813
357 10.358497619628906
358 10.765602111816406
359 7.269798278808594
360 12.090202331542969
361 11.51220703125
362 10.409896850585938
363 10.789100646972656
364 11.795806884765625
365 10.789901733398438
366 12.172698974609375
367 12.398101806640625
368 9.239303588867188
369 9.760299682617188
370 11.82000732421875
371 13.444198608398438
372 12.492996215820313
373 11.344596862792969
374 10.97509765625
375 10.821800231933594
376 10.183601379394531
377 9.610099792480469
378 11.999496459960938
379 11.659103393554688
380 11.112297058105469
381 11.843399047851563
382 9.825302124023438
383 9.840599060058594
384 11.099601745605469
385 9.726394653320313
386 8.940696716308594
387 8.571304321289063
388 7.011802673339844
389 7.756202697753906
390 7.314201354980469
391 9.153800964355469
392 6.774604797363281
393 7.863899230957031
394 6.275299072265625
395 6.9897003173828125
396 8.716598510742188
397 6.907691955566406
398 6.995597839355469
399 7.872505187988281
400 8.396896362304688
401 6.879402160644531
402 8.557502746582031
403 8.926399230957031
404 6.683403015136719
405 8.246200561523438
406 8.502395629882813
407 8.731803894042969
408 9.811004638671875
409 9.909904479980469
410 10.190902709960938
411 10.487098693847656
412 8.037498474121094
413 9.690605163574219
414 10.152397155761719
415 7.989402770996094
416 7.0634002685546875
417 7.829795837402344
418 7.3441009521484375
419 8.942794799804688
420 9.433700561523438
421 8.687599182128906
422 10.578102111816406
423 10.15679931640625
424 12.905502319335938
425 12.224105834960938
426 10.238304138183594
427 10.712303161621094
428 9.122695922851563
429 11.008003234863281
430 12.713996887207031
431 9.317100524902344
432 10.83599853515625
433 11.800003051757813
434 10.282600402832031
435 9.819801330566406
436 11.259101867675781
437 9.894302368164063
438 8.099502563476563
439 9.359199523925781
440 11.008598327636719
441 9.946601867675781
442 7.908599853515625
443 8.59710693359375
444 9.283607482910156
445 8.923202514648438
446 9.803497314453125
447 8.31610107421875
448 9.068603515625
449 7.870292663574219
450 8.693405151367188
451 9.670494079589844
452 9.473403930664063
453 10.09539794921875
454 11.519401550292969
455 8.469207763671875
456 9.209297180175781
457 10.043502807617188
458 9.775505065917969
459 8.265205383300781
460 8.084793090820313
461 7.3195037841796875
462 8.819107055664063
463 7.3842010498046875
464 5.4290008544921875
465 6.9835968017578125
466 5.1260986328125
467 7.8260955810546875
468 10.799598693847656
469 11.552398681640625
470 9.922096252441406
471 8.660896301269531
472 9.027099609375
473 7.7024993896484375
474 9.490501403808594
475 8.256706237792969
476 10.98199462890625
477 10.036399841308594
478 8.985504150390625
479 7.622001647949219
480 7.9795989990234375
481 7.9076995849609375
482 6.549797058105469
483 8.17999267578125
484 9.936698913574219
485 10.18280029296875
486 9.578903198242188
487 10.399795532226563
488 11.6925048828125
489 12.36920166015625
490 10.770195007324219
491 11.123893737792969
492 11.70050048828125
493 11.272804260253906
494 7.639198303222656
495 7.5139007568359375
496 8.995796203613281
497 7.4264984130859375
498 9.6885986328125
499 9.034004211425781
500 9.127998352050781
