0 18.535598754882813
1 18.535606384277344
2 18.294700622558594
3 15.541107177734375
4 15.492790222167969
5 11.610198974609375
6 13.628501892089844
7 14.758598327636719
8 15.690605163574219
9 17.4031982421875
10 13.895294189453125
11 17.70130157470703
12 16.579002380371094
13 18.28399658203125
14 18.07819366455078
15 17.831802368164063
16 17.008201599121094
17 15.683700561523438
18 13.707801818847656
19 14.224700927734375
20 10.231193542480469
21 10.63690185546875
22 11.711906433105469
23 8.259300231933594
24 10.184097290039063
25 9.220199584960938
26 8.234603881835938
27 8.442604064941406
28 7.749000549316406
29 9.374198913574219
30 8.051002502441406
31 6.3643035888671875
32 6.210700988769531
33 5.94110107421875
34 5.4322052001953125
35 6.280601501464844
36 6.9889068603515625
37 6.233001708984375
38 7.3184967041015625
39 5.867095947265625
40 4.331504821777344
41 7.351707458496094
42 5.400093078613281
43 4.63690185546875
44 4.999595642089844
45 5.386802673339844
46 4.8260040283203125
47 5.049201965332031
48 6.40679931640625
49 6.816902160644531
50 7.5391998291015625
51 3.7046966552734375
52 5.377899169921875
53 4.6894073486328125
54 7.305908203125
55 8.273399353027344
56 8.580795288085938
57 8.5736083984375
58 6.8213043212890625
59 7.472099304199219
60 4.9571990966796875
61 7.308197021484375
62 6.762603759765625
63 6.680000305175781
64 4.3325958251953125
65 6.923896789550781
66 6.719001770019531
67 7.358497619628906
68 7.230201721191406
69 6.539894104003906
70 6.296600341796875
71 2.8107986450195313
72 2.3371963500976563
73 4.731597900390625
74 6.024803161621094
75 5.243797302246094
76 5.803504943847656
77 7.41839599609375
78 8.085006713867188
79 6.360603332519531
80 7.023101806640625
81 8.177200317382813
82 6.585502624511719
83 4.967903137207031
84 6.2877960205078125
85 6.482208251953125
86 8.158599853515625
87 8.033905029296875
88 7.886604309082031
89 7.344902038574219
90 5.7295989990234375
91 4.623100280761719
92 4.559600830078125
93 7.944999694824219
94 7.844505310058594
95 5.362205505371094
96 6.103202819824219
97 7.5832061767578125
98 5.777595520019531
99 4.918800354003906
100 8.68389892578125
101 11.708595275878906
102 11.902702331542969
103 8.737503051757813
104 12.787704467773438
105 10.051101684570313
106 11.970100402832031
107 16.217201232910156
108 11.057304382324219
109 12.089599609375
110 10.077598571777344
111 10.374496459960938
112 9.251502990722656
113 9.868499755859375
114 6.5446014404296875
115 8.498199462890625
116 6.9766998291015625
117 5.728599548339844
118 5.1410980224609375
119 5.66510009765625
120 7.4817962646484375
121 6.9272003173828125
122 6.5659027099609375
123 7.07220458984375
124 6.682701110839844
125 5.476905822753906
126 9.328804016113281
127 7.8079986572265625
128 11.189201354980469
129 7.900093078613281
130 6.451896667480469
131 7.18890380859375
132 7.97650146484375
133 7.8119964599609375
134 9.962501525878906
135 9.605903625488281
136 8.629096984863281
137 8.927398681640625
138 5.850494384765625
139 9.899299621582031
140 10.447402954101563
141 9.140800476074219
142 9.037101745605469
143 10.706901550292969
144 11.022796630859375
145 11.933303833007813
146 11.336494445800781
147 10.281402587890625
148 10.6416015625
149 12.127098083496094
150 11.126602172851563
151 12.721305847167969
152 11.788993835449219
153 10.169303894042969
154 8.464599609375
155 12.284698486328125
156 9.011497497558594
157 8.833404541015625
158 8.996299743652344
159 12.810905456542969
160 13.665901184082031
161 11.246604919433594
162 12.204299926757813
163 16.744300842285156
164 15.505393981933594
165 15.918495178222656
166 16.348106384277344
167 13.540802001953125
168 12.905097961425781
169 13.193099975585938
170 16.100807189941406
171 14.362800598144531
172 10.933296203613281
173 11.543601989746094
174 9.687705993652344
175 10.32330322265625
176 8.054298400878906
177 9.928199768066406
178 10.041099548339844
179 10.089103698730469
180 9.45660400390625
181 11.459403991699219
182 10.61920166015625
183 11.363700866699219
184 10.277198791503906
185 9.375801086425781
186 12.139297485351563
187 13.408699035644531
188 10.961906433105469
189 12.027801513671875
190 12.596405029296875
191 9.189903259277344
192 9.683403015136719
193 9.848495483398438
194 10.050300598144531
195 12.826606750488281
196 10.207099914550781
197 10.983207702636719
198 13.618202209472656
199 13.790000915527344
200 13.070404052734375
201 10.515296936035156
202 8.707992553710938
203 13.177101135253906
204 13.354705810546875
205 11.997604370117188
206 11.93310546875
207 11.347297668457031
208 12.975700378417969
209 14.045295715332031
210 13.72509765625
211 13.325103759765625
212 12.015098571777344
213 13.636001586914063
214 14.187400817871094
215 13.435798645019531
216 8.642601013183594
217 12.196998596191406
218 11.721000671386719
219 11.285606384277344
220 8.855499267578125
221 11.653404235839844
222 12.064300537109375
223 12.655899047851563
224 12.632499694824219
225 9.372604370117188
226 10.275497436523438
227 7.650794982910156
228 10.213096618652344
229 10.851997375488281
230 13.980697631835938
231 10.034904479980469
232 7.69110107421875
233 14.162200927734375
234 12.250701904296875
235 10.001998901367188
236 11.508003234863281
237 9.165603637695313
238 10.415596008300781
239 7.294807434082031
240 8.759994506835938
241 8.525901794433594
242 12.813995361328125
243 9.139801025390625
244 10.928993225097656
245 9.146697998046875
246 8.1510009765625
247 5.1985015869140625
248 9.831993103027344
249 13.034805297851563
250 8.974700927734375
251 10.781303405761719
252 13.432601928710938
253 11.89849853515625
254 11.087699890136719
255 13.362503051757813
256 11.748397827148438
257 13.710899353027344
258 12.21710205078125
259 12.565101623535156
260 10.978195190429688
261 10.04730224609375
262 10.043594360351563
263 13.778495788574219
264 11.347702026367188
265 6.4730987548828125
266 8.214797973632813
267 4.0092010498046875
268 5.0614013671875
269 6.737403869628906
270 4.962699890136719
271 4.831794738769531
272 8.003303527832031
273 8.284103393554688
274 5.461601257324219
275 3.5059967041015625
276 3.351104736328125
277 6.7418975830078125
278 3.7061080932617188
279 4.963996887207031
280 5.310798645019531
281 5.778694152832031
282 5.87030029296875
283 5.202606201171875
284 4.8535919189453125
285 4.503700256347656
286 2.704803466796875
287 3.2354965209960938
288 3.3883056640625
289 5.863502502441406
290 6.4447021484375
291 4.7194976806640625
292 3.627105712890625
293 3.2974014282226563
294 3.158905029296875
295 2.4003982543945313
296 6.577903747558594
297 4.671600341796875
298 5.122505187988281
299 4.313896179199219
300 3.7542953491210938
301 5.835304260253906
302 4.955101013183594
303 6.463104248046875
304 8.236701965332031
305 5.979698181152344
306 8.802299499511719
307 5.966705322265625
308 6.72540283203125
309 7.725395202636719
310 5.655998229980469
311 9.340003967285156
312 7.6876068115234375
313 9.898895263671875
314 7.039604187011719
315 6.769203186035156
316 6.642707824707031
317 6.9900970458984375
318 5.928497314453125
319 7.5110015869140625
320 6.490608215332031
321 8.246902465820313
322 8.35150146484375
323 5.1501007080078125
324 5.838104248046875
325 7.583198547363281
326 5.557197570800781
327 6.33929443359375
328 4.3824005126953125
329 7.645103454589844
330 7.457099914550781
331 6.850196838378906
332 7.157501220703125
333 8.758094787597656
334 8.6907958984375
335 8.6636962890625
336 6.980308532714844
337 5.746299743652344
338 7.877998352050781
339 7.414802551269531
340 9.1029052734375
341 5.853302001953125
342 4.125694274902344
343 3.6887969970703125
344 4.2758026123046875
345 3.5960006713867188
346 4.901496887207031
347 5.122802734375
348 6.0115966796875
349 5.1772003173828125
350 7.095802307128906
351 7.7050018310546875
352 4.975502014160156
353 5.386405944824219
354 4.4871978759765625
355 6.6811065673828125
356 6.712196350097656
357 6.628501892089844
358 8.575599670410156
359 6.279792785644531
360 7.2501983642578125
361 9.512199401855469
362 7.279899597167969
363 7.579093933105469
364 7.4658050537109375
365 9.379905700683594
366 8.232696533203125
367 6.9980926513671875
368 6.399299621582031
369 5.670295715332031
370 9.040000915527344
371 7.86419677734375
372 9.023002624511719
373 9.65460205078125
374 9.715103149414063
375 7.371795654296875
376 6.843597412109375
377 5.0200958251953125
378 6.369499206542969
379 7.139106750488281
380 7.0623016357421875
381 5.6233978271484375
382 5.735298156738281
383 4.250602722167969
384 6.409599304199219
385 7.4163970947265625
386 7.6006927490234375
387 8.52130126953125
388 6.621803283691406
389 6.4662017822265625
390 5.594200134277344
391 8.233802795410156
392 4.534599304199219
393 6.643898010253906
394 5.9452972412109375
395 6.259696960449219
396 8.836601257324219
397 8.07769775390625
398 8.435600280761719
399 10.132499694824219
400 11.086898803710938
401 8.139404296875
402 8.857505798339844
403 8.036399841308594
404 5.42340087890625
405 6.116203308105469
406 7.8824005126953125
407 6.001800537109375
408 5.801002502441406
409 6.5399017333984375
410 8.620895385742188
411 7.867103576660156
412 5.74749755859375
413 8.7406005859375
414 8.242401123046875
415 5.2494049072265625
416 5.913398742675781
417 5.2097930908203125
418 5.174102783203125
419 6.342803955078125
420 7.003700256347656
421 5.187599182128906
422 6.848106384277344
423 6.806800842285156
424 7.235504150390625
425 6.6840972900390625
426 3.19830322265625
427 5.662300109863281
428 7.352699279785156
429 8.417999267578125
430 8.874000549316406
431 6.197105407714844
432 7.9160003662109375
433 7.1699981689453125
434 5.1526031494140625
435 5.349800109863281
436 8.589103698730469
437 6.72430419921875
438 2.9195022583007813
439 4.5391998291015625
440 7.87860107421875
441 5.586601257324219
442 4.278602600097656
443 5.557106018066406
444 4.563606262207031
445 4.5431976318359375
446 6.233497619628906
447 5.826103210449219
448 6.8986053466796875
449 6.0702972412109375
450 6.653404235839844
451 6.7704925537109375
452 8.793403625488281
453 8.535392761230469
454 8.599403381347656
455 4.529205322265625
456 5.819297790527344
457 7.973503112792969
458 6.385505676269531
459 5.0352020263671875
460 3.9048004150390625
461 4.059501647949219
462 4.979103088378906
463 4.504203796386719
464 3.6389999389648438
465 4.12359619140625
466 3.6061019897460938
467 4.506095886230469
468 5.809593200683594
469 7.8824005126953125
470 7.122100830078125
471 5.880897521972656
472 7.6470947265625
473 6.6425018310546875
474 5.580497741699219
475 5.1967010498046875
476 7.101997375488281
477 5.596397399902344
478 4.985504150390625
479 4.2220001220703125
480 4.529594421386719
481 4.907707214355469
482 4.659797668457031
483 4.260002136230469
484 6.466705322265625
485 7.252799987792969
486 6.628898620605469
487 6.679801940917969
488 7.1725006103515625
489 8.459205627441406
490 8.460197448730469
491 7.213897705078125
492 8.370498657226563
493 7.4127960205078125
494 4.609199523925781
495 5.68389892578125
496 5.7758026123046875
497 4.276496887207031
498 5.868598937988281
499 6.3040008544921875
500 6.0279998779296875
