0 31.235610961914063
1 31.23560333251953
2 28.404701232910156
3 30.531112670898438
4 34.382789611816406
5 29.83020782470703
6 32.568504333496094
7 28.268600463867188
8 33.80059814453125
9 32.683204650878906
10 31.8052978515625
11 32.741302490234375
12 29.378997802734375
13 30.144004821777344
14 34.83820343017578
15 30.54180145263672
16 30.368202209472656
17 26.883705139160156
18 26.74781036376953
19 28.75469970703125
20 26.42120361328125
21 28.296905517578125
22 29.661903381347656
23 26.509300231933594
24 28.63409423828125
25 27.750205993652344
26 26.804603576660156
27 25.42259979248047
28 25.71900177001953
29 28.524208068847656
30 25.381004333496094
31 25.504302978515625
32 25.53070831298828
33 25.111106872558594
34 24.912208557128906
35 22.92060089111328
36 24.9989013671875
37 24.402999877929688
38 26.368499755859375
39 23.58709716796875
40 21.581504821777344
41 25.701705932617188
42 24.29009246826172
43 24.076904296875
44 25.419593811035156
45 25.876800537109375
46 23.436004638671875
47 23.30919647216797
48 25.586807250976563
49 24.216903686523438
50 26.479202270507813
51 23.32469940185547
52 24.14789581298828
53 24.129409790039063
54 26.525901794433594
55 26.133399963378906
56 25.88079833984375
57 27.773605346679688
58 25.561309814453125
59 27.302101135253906
60 24.81719970703125
61 26.65819549560547
62 26.152603149414063
63 25.540000915527344
64 23.84259796142578
65 26.843902587890625
66 27.108993530273438
67 26.558502197265625
68 25.160202026367188
69 26.379898071289063
70 25.01659393310547
71 20.88079833984375
72 21.51720428466797
73 23.65160369873047
74 24.324798583984375
75 25.183807373046875
76 25.58350372314453
77 26.508392333984375
78 27.525009155273438
79 26.2406005859375
80 26.11309814453125
81 26.457199096679688
82 25.77550506591797
83 23.4779052734375
84 25.29779815673828
85 24.922203063964844
86 27.408599853515625
87 27.973899841308594
88 27.38660430908203
89 26.044906616210938
90 25.069602966308594
91 22.883102416992188
92 23.789596557617188
93 25.43500518798828
94 25.384506225585938
95 25.162200927734375
96 23.29320526123047
97 24.98320770263672
98 25.317604064941406
99 24.428802490234375
100 28.143905639648438
101 29.12860107421875
102 31.65270233154297
103 28.4375
104 30.33769989013672
105 28.0010986328125
106 29.85010528564453
107 32.87720489501953
108 29.05730438232422
109 30.7095947265625
110 28.28759765625
111 28.74449920654297
112 28.061500549316406
113 29.128501892089844
114 26.53459930419922
115 27.998199462890625
116 26.776702880859375
117 24.69860076904297
118 25.411102294921875
119 25.78510284423828
120 28.02179718017578
121 26.99720001220703
122 27.67589569091797
123 27.39220428466797
124 26.872695922851563
125 25.616905212402344
126 29.968795776367188
127 28.057998657226563
128 29.829208374023438
129 28.270095825195313
130 27.181900024414063
131 27.61890411376953
132 28.10649871826172
133 27.282005310058594
134 26.01250457763672
135 27.465904235839844
136 26.109100341796875
137 27.58739471435547
138 24.560501098632813
139 29.439300537109375
140 30.727401733398438
141 30.77080535888672
142 30.84709930419922
143 31.346908569335938
144 28.50279998779297
145 27.87329864501953
146 27.886497497558594
147 28.591400146484375
148 28.421607971191406
149 29.76709747314453
150 28.666595458984375
151 28.27130889892578
152 28.518997192382813
153 28.809295654296875
154 26.544601440429688
155 28.32470703125
156 26.78150177001953
157 26.1134033203125
158 25.926300048828125
159 27.080902099609375
160 28.495895385742188
161 25.866607666015625
162 27.734298706054688
163 27.72429656982422
164 27.66539764404297
165 26.738502502441406
166 30.148109436035156
167 28.77080535888672
168 29.205101013183594
169 27.953094482421875
170 30.44080352783203
171 31.342796325683594
172 29.703292846679688
173 29.63360595703125
174 27.427703857421875
175 27.06330108642578
176 25.864303588867188
177 26.988204956054688
178 27.611099243164063
179 27.729103088378906
180 26.366600036621094
181 27.109405517578125
182 27.74920654296875
183 27.763702392578125
184 27.62720489501953
185 26.305801391601563
186 28.119293212890625
187 28.448699951171875
188 28.64190673828125
189 26.00780487060547
190 27.716400146484375
191 25.879898071289063
192 24.98340606689453
193 23.788497924804688
194 25.390296936035156
195 26.64659881591797
196 25.52710723876953
197 27.47320556640625
198 27.08820343017578
199 27.660003662109375
200 29.310394287109375
201 26.955307006835938
202 25.117996215820313
203 26.987098693847656
204 26.87470245361328
205 27.40760040283203
206 27.823104858398438
207 25.47730255126953
208 26.355697631835938
209 28.015296936035156
210 25.765090942382813
211 27.305099487304688
212 25.555099487304688
213 26.506011962890625
214 27.57740020751953
215 27.365798950195313
216 23.742599487304688
217 26.156997680664063
218 26.301002502441406
219 24.825599670410156
220 23.245498657226563
221 24.413406372070313
222 26.40430450439453
223 25.99590301513672
224 25.26250457763672
225 23.36260223388672
226 25.035499572753906
227 22.210800170898438
228 22.953102111816406
229 24.652000427246094
230 26.220703125
231 25.08490753173828
232 24.19110107421875
233 25.392196655273438
234 25.220703125
235 23.211997985839844
236 26.118003845214844
237 22.285606384277344
238 25.16559600830078
239 24.644805908203125
240 25.360000610351563
241 24.335899353027344
242 25.694000244140625
243 23.259796142578125
244 25.60900115966797
245 24.086700439453125
246 24.21099853515625
247 22.558509826660156
248 25.04199981689453
249 25.274803161621094
250 20.554702758789063
251 24.2113037109375
252 26.402603149414063
253 24.40850067138672
254 24.007705688476563
255 25.962501525878906
256 23.018394470214844
257 25.500900268554688
258 24.45709991455078
259 26.635108947753906
260 25.118202209472656
261 25.317298889160156
262 24.153594970703125
263 25.618499755859375
264 24.357704162597656
265 22.74310302734375
266 24.35479736328125
267 21.699203491210938
268 21.041404724121094
269 23.51739501953125
270 21.742691040039063
271 21.841796875
272 24.053298950195313
273 23.364097595214844
274 21.621604919433594
275 19.5260009765625
276 20.911094665527344
277 22.8218994140625
278 21.24610137939453
279 20.85399627685547
280 21.240798950195313
281 20.868690490722656
282 20.30030059814453
283 21.202606201171875
284 19.963600158691406
285 19.34369659423828
286 17.904808044433594
287 17.425498962402344
288 19.33831024169922
289 22.443504333496094
290 22.344703674316406
291 20.339500427246094
292 19.487098693847656
293 20.817398071289063
294 21.388900756835938
295 20.310401916503906
296 23.137901306152344
297 21.161605834960938
298 23.022506713867188
299 20.013900756835938
300 19.444297790527344
301 21.205299377441406
302 20.91509246826172
303 22.213104248046875
304 22.7467041015625
305 21.969703674316406
306 24.662307739257813
307 20.23670196533203
308 22.445404052734375
309 21.6553955078125
310 23.115997314453125
311 24.19001007080078
312 24.077606201171875
313 23.43889617919922
314 21.809608459472656
315 24.069198608398438
316 20.612709045410156
317 21.78009796142578
318 22.26850128173828
319 25.180999755859375
320 23.62060546875
321 24.176895141601563
322 26.6614990234375
323 23.560104370117188
324 23.338104248046875
325 25.91320037841797
326 22.797203063964844
327 23.9093017578125
328 22.162399291992188
329 25.11510467529297
330 23.947097778320313
331 24.720191955566406
332 22.477500915527344
333 24.758102416992188
334 25.650794982910156
335 25.36370086669922
336 24.25030517578125
337 21.946304321289063
338 24.57799530029297
339 25.36480712890625
340 27.28290557861328
341 23.623291015625
342 22.34569549560547
343 21.158790588378906
344 20.305809020996094
345 19.71600341796875
346 21.371490478515625
347 20.712806701660156
348 21.161598205566406
349 18.81719970703125
350 22.725799560546875
351 20.80499267578125
352 20.045501708984375
353 20.00640869140625
354 20.82720184326172
355 21.721099853515625
356 22.032196044921875
357 22.71849822998047
358 23.17560577392578
359 21.039794921875
360 22.040199279785156
361 22.532203674316406
362 22.929901123046875
363 22.679092407226563
364 23.245803833007813
365 25.39990234375
366 22.69269561767578
367 21.268096923828125
368 22.72930145263672
369 22.170303344726563
370 24.090011596679688
371 23.05419921875
372 22.603004455566406
373 24.434600830078125
374 23.375106811523438
375 22.301803588867188
376 22.083602905273438
377 23.450096130371094
378 23.759498596191406
379 21.38910675048828
380 24.062301635742188
381 22.6033935546875
382 22.49530029296875
383 22.50060272216797
384 23.069602966308594
385 23.266395568847656
386 23.670700073242188
387 22.72130584716797
388 23.15180206298828
389 23.006195068359375
390 23.75420379638672
391 24.123802185058594
392 22.53459930419922
393 24.543899536132813
394 22.855308532714844
395 22.599693298339844
396 24.90660858154297
397 22.747695922851563
398 23.725601196289063
399 24.482498168945313
400 25.62689971923828
401 23.959396362304688
402 23.18750762939453
403 21.786399841308594
404 22.453399658203125
405 21.516204833984375
406 23.442405700683594
407 20.931800842285156
408 21.9010009765625
409 21.919906616210938
410 23.900901794433594
411 24.887100219726563
412 21.857498168945313
413 22.88060760498047
414 21.84239959716797
415 20.5093994140625
416 19.073402404785156
417 21.929794311523438
418 20.974105834960938
419 22.292800903320313
420 22.943695068359375
421 21.237594604492188
422 21.638099670410156
423 22.196792602539063
424 23.305503845214844
425 22.83409881591797
426 19.658302307128906
427 20.43230438232422
428 23.45270538330078
429 22.998001098632813
430 23.243995666503906
431 22.57709503173828
432 23.926002502441406
433 22.230003356933594
434 20.7926025390625
435 22.289810180664063
436 26.439102172851563
437 24.744308471679688
438 20.329498291015625
439 22.399192810058594
440 24.49859619140625
441 21.746604919433594
442 22.708602905273438
443 22.14710235595703
444 22.603607177734375
445 22.513198852539063
446 23.08350372314453
447 21.6260986328125
448 22.908607482910156
449 24.070297241210938
450 23.18340301513672
451 20.720497131347656
452 24.503395080566406
453 24.815399169921875
454 23.419403076171875
455 21.539199829101563
456 23.069305419921875
457 24.89350128173828
458 23.13550567626953
459 21.45520782470703
460 18.954795837402344
461 21.009506225585938
462 21.419105529785156
463 21.704200744628906
464 20.64899444580078
465 21.38359832763672
466 20.466110229492188
467 23.106094360351563
468 24.07959747314453
469 24.702407836914063
470 24.152099609375
471 23.070899963378906
472 24.07709503173828
473 23.50250244140625
474 21.980499267578125
475 22.416702270507813
476 22.061996459960938
477 19.466400146484375
478 21.095504760742188
479 20.832000732421875
480 21.53960418701172
481 21.58770751953125
482 22.379798889160156
483 20.69000244140625
484 22.67670440673828
485 23.4927978515625
486 23.25890350341797
487 20.36980438232422
488 19.6925048828125
489 24.8092041015625
490 23.980201721191406
491 22.80390167236328
492 23.940505981445313
493 23.50279998779297
494 21.099197387695313
495 21.953895568847656
496 23.44580078125
497 22.816505432128906
498 22.80860137939453
499 21.73400115966797
500 21.618003845214844
