0 24.775604248046875
1 24.775596618652344
2 24.87470245361328
3 28.64110565185547
4 30.162796020507813
5 24.230201721191406
6 26.70850372314453
7 20.588600158691406
8 28.69060516357422
9 26.35320281982422
10 25.62530517578125
11 24.34130859375
12 21.65898895263672
13 20.194000244140625
14 25.34819793701172
15 19.48180389404297
16 17.83820343017578
17 14.213699340820313
18 15.957801818847656
19 19.00469970703125
20 19.481201171875
21 21.01689910888672
22 22.371902465820313
23 19.58929443359375
24 20.904098510742188
25 21.180206298828125
26 18.234603881835938
27 19.48260498046875
28 19.689002990722656
29 24.55420684814453
30 20.560997009277344
31 22.23430633544922
32 21.470703125
33 20.95110321044922
34 20.682205200195313
35 17.950607299804688
36 19.708908081054688
37 19.38300323486328
38 20.288497924804688
39 17.40709686279297
40 17.701499938964844
41 21.461708068847656
42 19.210098266601563
43 20.1968994140625
44 24.339599609375
45 24.306800842285156
46 20.826004028320313
47 20.61919403076172
48 20.696800231933594
49 18.176902770996094
50 20.229202270507813
51 19.894699096679688
52 18.95789337158203
53 19.039398193359375
54 20.9259033203125
55 20.04340362548828
56 18.680801391601563
57 21.113601684570313
58 22.741302490234375
59 22.692108154296875
60 22.63719940185547
61 24.34819793701172
62 22.462608337402344
63 21.170005798339844
64 23.23259735107422
65 25.673904418945313
66 22.429000854492188
67 23.19849395751953
68 20.170204162597656
69 21.239898681640625
70 22.436599731445313
71 20.69080352783203
72 20.32720184326172
73 21.181594848632813
74 21.654808044433594
75 20.51380157470703
76 19.923507690429688
77 19.98839569091797
78 20.69499969482422
79 19.260604858398438
80 20.723098754882813
81 20.88719940185547
82 20.685501098632813
83 17.10790252685547
84 19.287803649902344
85 19.482208251953125
86 21.24859619140625
87 22.61389923095703
88 20.57659912109375
89 19.164901733398438
90 19.379600524902344
91 17.31310272216797
92 16.90959930419922
93 17.705001831054688
94 16.194503784179688
95 18.24219512939453
96 16.183197021484375
97 16.84320068359375
98 18.767601013183594
99 20.118804931640625
100 22.06390380859375
101 21.568603515625
102 20.78270721435547
103 20.537498474121094
104 21.547706604003906
105 18.541099548339844
106 19.60009765625
107 22.897201538085938
108 22.48729705810547
109 22.20960235595703
110 19.457595825195313
111 22.194503784179688
112 21.571502685546875
113 21.52850341796875
114 22.8345947265625
115 21.02820587158203
116 19.476707458496094
117 20.30860137939453
118 20.99109649658203
119 20.54509735107422
120 21.811798095703125
121 20.56720733642578
122 22.275894165039063
123 23.3822021484375
124 20.992706298828125
125 20.976898193359375
126 23.58880615234375
127 22.447998046875
128 23.93920135498047
129 21.990097045898438
130 20.991897583007813
131 23.298904418945313
132 22.266494750976563
133 20.012001037597656
134 19.20250701904297
135 17.845909118652344
136 19.06909942626953
137 17.51739501953125
138 17.560501098632813
139 17.309295654296875
140 19.497406005859375
141 19.19080352783203
142 18.167098999023438
143 19.52690887451172
144 19.132797241210938
145 17.413307189941406
146 17.636497497558594
147 20.331398010253906
148 17.5115966796875
149 19.427108764648438
150 17.32659912109375
151 18.22130584716797
152 17.759002685546875
153 17.989303588867188
154 16.884605407714844
155 17.844696044921875
156 18.59149932861328
157 17.633407592773438
158 15.486297607421875
159 14.340904235839844
160 15.955902099609375
161 13.216598510742188
162 15.674301147460938
163 12.47430419921875
164 13.455398559570313
165 11.998497009277344
166 15.728103637695313
167 15.600799560546875
168 17.48509979248047
169 16.063095092773438
170 18.660797119140625
171 19.392799377441406
172 20.0032958984375
173 20.793601989746094
174 18.057701110839844
175 18.33330535888672
176 18.0343017578125
177 19.498199462890625
178 17.611099243164063
179 17.679100036621094
180 15.176605224609375
181 16.609405517578125
182 18.35919952392578
183 17.873703002929688
184 17.167198181152344
185 17.69580078125
186 18.949295043945313
187 20.22869110107422
188 19.32190704345703
189 14.317794799804688
190 15.426406860351563
191 15.07989501953125
192 15.013404846191406
193 13.39849853515625
194 14.180305480957031
195 14.526603698730469
196 16.327102661132813
197 15.923210144042969
198 13.518203735351563
199 15.450004577636719
200 16.78040313720703
201 17.31529998779297
202 17.157997131347656
203 15.817100524902344
204 16.734703063964844
205 16.11760711669922
206 15.973106384277344
207 13.227294921875
208 13.395698547363281
209 15.685302734375
210 14.305099487304688
211 13.895103454589844
212 15.435096740722656
213 13.936004638671875
214 16.78740692138672
215 16.655799865722656
216 14.582595825195313
217 15.416999816894531
218 15.481002807617188
219 12.155601501464844
220 12.295501708984375
221 12.743400573730469
222 14.584297180175781
223 11.595901489257813
224 13.00250244140625
225 12.392601013183594
226 11.905502319335938
227 12.230796813964844
228 12.193099975585938
229 12.001998901367188
230 12.570693969726563
231 12.444900512695313
232 13.621101379394531
233 11.332199096679688
234 14.780708312988281
235 10.641998291015625
236 13.758003234863281
237 11.355598449707031
238 13.335601806640625
239 15.634803771972656
240 15.829994201660156
241 15.505905151367188
242 13.943992614746094
243 15.059799194335938
244 16.33899688720703
245 15.966705322265625
246 15.680999755859375
247 16.998497009277344
248 15.831993103027344
249 13.314804077148438
250 11.104698181152344
251 13.501304626464844
252 14.852607727050781
253 12.64849853515625
254 11.937698364257813
255 11.87249755859375
256 11.998397827148438
257 12.350906372070313
258 12.207107543945313
259 14.565101623535156
260 13.408203125
261 14.497299194335938
262 12.993598937988281
263 12.708503723144531
264 13.367706298828125
265 14.3031005859375
266 14.834793090820313
267 16.329200744628906
268 13.541397094726563
269 17.177398681640625
270 16.922698974609375
271 16.60179901123047
272 15.623298645019531
273 17.104103088378906
274 15.231597900390625
275 13.435997009277344
276 15.44110107421875
277 16.061904907226563
278 16.01610565185547
279 13.454002380371094
280 14.240798950195313
281 14.108695983886719
282 14.400306701660156
283 15.802597045898438
284 16.533599853515625
285 16.29370880126953
286 15.454795837402344
287 13.485496520996094
288 14.778305053710938
289 16.91350555419922
290 16.63470458984375
291 15.779502868652344
292 14.697097778320313
293 16.7174072265625
294 15.398902893066406
295 15.080390930175781
296 15.357902526855469
297 15.281600952148438
298 14.892501831054688
299 12.593894958496094
300 11.564300537109375
301 13.585304260253906
302 13.185096740722656
303 14.483100891113281
304 14.826705932617188
305 14.899703979492188
306 17.42230224609375
307 13.106697082519531
308 15.685401916503906
309 15.125396728515625
310 15.255996704101563
311 14.19000244140625
312 16.777610778808594
313 16.54888916015625
314 15.519599914550781
315 16.11919403076172
316 14.08270263671875
317 12.610099792480469
318 12.448501586914063
319 15.561004638671875
320 16.75060272216797
321 14.676902770996094
322 16.29150390625
323 16.210105895996094
324 15.848098754882813
325 16.4031982421875
326 15.0072021484375
327 15.799301147460938
328 17.45240020751953
329 18.54510498046875
330 18.227096557617188
331 17.96019744873047
332 18.417495727539063
333 18.648101806640625
334 20.07080078125
335 19.453704833984375
336 18.220306396484375
337 15.886299133300781
338 18.347991943359375
339 18.634803771972656
340 18.59290313720703
341 19.743301391601563
342 19.70569610595703
343 16.438804626464844
344 14.5758056640625
345 15.956001281738281
346 16.001495361328125
347 14.542800903320313
348 14.011604309082031
349 13.747200012207031
350 13.785797119140625
351 12.354995727539063
352 13.215499877929688
353 14.086410522460938
354 16.17719268798828
355 16.87110137939453
356 16.43219757080078
357 16.938499450683594
358 14.915603637695313
359 14.579795837402344
360 15.820205688476563
361 13.812202453613281
362 16.669898986816406
363 14.159095764160156
364 15.865806579589844
365 16.599899291992188
366 15.842697143554688
367 12.998100280761719
368 15.46929931640625
369 16.92029571533203
370 15.590003967285156
371 15.974197387695313
372 15.01300048828125
373 17.554603576660156
374 14.525100708007813
375 15.091796875
376 15.483596801757813
377 18.42009735107422
378 19.949508666992188
379 15.089103698730469
380 17.86229705810547
381 17.643394470214844
382 16.585304260253906
383 20.900596618652344
384 19.139602661132813
385 16.256393432617188
386 16.180694580078125
387 13.981300354003906
388 16.521804809570313
389 18.086196899414063
390 19.904205322265625
391 16.143798828125
392 18.264602661132813
393 18.913902282714844
394 17.10529327392578
395 16.709701538085938
396 18.946609497070313
397 14.617698669433594
398 18.05559539794922
399 15.742507934570313
400 16.986900329589844
401 16.5194091796875
402 15.297500610351563
403 14.206398010253906
404 17.24340057373047
405 16.67620086669922
406 16.21239471435547
407 13.931800842285156
408 18.20099639892578
409 16.999900817871094
410 16.41089630126953
411 18.937103271484375
412 16.667495727539063
413 14.110603332519531
414 13.692398071289063
415 14.619407653808594
416 11.453399658203125
417 15.649795532226563
418 15.64410400390625
419 17.392791748046875
420 17.463699340820313
421 16.957603454589844
422 15.378105163574219
423 15.296798706054688
424 19.69550323486328
425 17.314102172851563
426 16.19829559326172
427 15.212303161621094
428 15.732696533203125
429 16.33800506591797
430 15.713996887207031
431 15.377105712890625
432 17.01599884033203
433 15.840003967285156
434 15.932601928710938
435 17.469802856445313
436 19.409103393554688
437 19.314308166503906
438 16.589500427246094
439 18.039199829101563
440 19.25859832763672
441 17.02660369873047
442 18.028602600097656
443 16.22710418701172
444 19.353599548339844
445 18.08319854736328
446 17.573501586914063
447 15.516098022460938
448 17.80860137939453
449 16.980300903320313
450 16.6134033203125
451 14.45050048828125
452 16.883399963378906
453 18.055404663085938
454 17.049400329589844
455 16.79920196533203
456 18.489303588867188
457 18.08350372314453
458 17.46550750732422
459 16.45520782470703
460 13.314796447753906
461 14.639503479003906
462 16.75910186767578
463 17.68419647216797
464 14.689002990722656
465 14.533599853515625
466 15.336105346679688
467 18.046104431152344
468 19.369598388671875
469 18.5823974609375
470 17.452102661132813
471 17.97089385986328
472 17.21709442138672
473 16.18250274658203
474 15.850494384765625
475 15.646705627441406
476 15.122001647949219
477 12.406394958496094
478 14.735504150390625
479 16.022003173828125
480 15.699592590332031
481 14.767707824707031
482 14.609794616699219
483 15.129989624023438
484 16.536697387695313
485 16.822799682617188
486 14.9989013671875
487 13.519798278808594
488 13.25250244140625
489 17.139205932617188
490 17.160202026367188
491 17.55390167236328
492 17.32050323486328
493 16.842796325683594
494 17.699203491210938
495 16.853904724121094
496 19.165794372558594
497 18.40650177001953
498 17.348602294921875
499 16.65399932861328
500 15.658004760742188
