0 23.695602416992188
1 23.695602416992188
2 26.24469757080078
3 25.721107482910156
4 24.18280029296875
5 18.91020965576172
6 21.488502502441406
7 18.86859130859375
8 23.19060516357422
9 22.733200073242188
10 20.92530059814453
11 20.40130615234375
12 20.069000244140625
13 18.04400634765625
14 19.58819580078125
15 16.71179962158203
16 14.118202209472656
17 10.563697814941406
18 11.917800903320313
19 14.144699096679688
20 13.991203308105469
21 14.736892700195313
22 14.76190185546875
23 13.549301147460938
24 14.094100952148438
25 15.220199584960938
26 12.824607849121094
27 14.502601623535156
28 14.619003295898438
29 18.514198303222656
30 14.941001892089844
31 15.5343017578125
32 15.430702209472656
33 14.481101989746094
34 14.702194213867188
35 13.230606079101563
36 13.808906555175781
37 13.103004455566406
38 14.168495178222656
39 12.617095947265625
40 11.60150146484375
41 14.74169921875
42 13.240097045898438
43 12.546897888183594
44 16.229598999023438
45 16.756797790527344
46 13.556007385253906
47 14.589202880859375
48 14.526802062988281
49 13.506904602050781
50 14.069198608398438
51 12.454696655273438
52 12.497901916503906
53 12.549400329589844
54 14.475906372070313
55 13.753402709960938
56 12.840797424316406
57 13.993606567382813
58 14.801300048828125
59 15.572105407714844
60 15.787200927734375
61 15.918205261230469
62 16.312599182128906
63 15.660003662109375
64 16.322601318359375
65 18.273895263671875
66 16.258995056152344
67 17.538497924804688
68 14.0802001953125
69 14.699905395507813
70 15.686599731445313
71 14.330802917480469
72 12.857192993164063
73 14.191596984863281
74 14.284797668457031
75 13.923797607421875
76 12.923500061035156
77 12.448394775390625
78 14.014999389648438
79 12.150604248046875
80 14.383102416992188
81 14.087196350097656
82 14.325508117675781
83 12.107902526855469
84 13.717803955078125
85 13.552200317382813
86 14.468597412109375
87 15.113899230957031
88 13.57659912109375
89 13.534904479980469
90 12.559608459472656
91 12.183097839355469
92 10.599601745605469
93 11.794998168945313
94 11.05450439453125
95 11.602203369140625
96 10.683204650878906
97 11.573196411132813
98 11.877601623535156
99 13.488807678222656
100 14.403900146484375
101 13.708602905273438
102 13.83270263671875
103 13.557502746582031
104 14.307708740234375
105 13.061103820800781
106 13.140098571777344
107 16.857200622558594
108 16.09729766845703
109 16.169601440429688
110 12.737594604492188
111 16.014503479003906
112 15.651504516601563
113 15.228500366210938
114 16.184600830078125
115 14.698204040527344
116 13.386703491210938
117 13.248603820800781
118 13.401100158691406
119 12.795097351074219
120 13.871803283691406
121 12.627197265625
122 14.425895690917969
123 15.812202453613281
124 14.252700805664063
125 13.63690185546875
126 16.268798828125
127 15.347999572753906
128 15.98919677734375
129 14.600105285644531
130 13.881904602050781
131 15.218894958496094
132 16.016494750976563
133 13.772003173828125
134 13.622505187988281
135 12.545906066894531
136 12.279098510742188
137 11.637397766113281
138 11.720497131347656
139 12.789299011230469
140 13.387405395507813
141 13.390800476074219
142 12.08709716796875
143 13.416908264160156
144 13.05279541015625
145 12.5133056640625
146 11.466499328613281
147 13.891403198242188
148 11.131599426269531
149 12.867103576660156
150 12.176597595214844
151 13.281303405761719
152 12.198997497558594
153 11.879302978515625
154 10.504600524902344
155 11.354698181152344
156 11.731498718261719
157 11.303398132324219
158 9.276298522949219
159 8.710899353027344
160 10.715896606445313
161 9.116607666015625
162 9.444305419921875
163 7.8343048095703125
164 9.09539794921875
165 8.738494873046875
166 11.208106994628906
167 10.120803833007813
168 11.845100402832031
169 9.833099365234375
170 12.340805053710938
171 13.382797241210938
172 12.813301086425781
173 13.923606872558594
174 9.7677001953125
175 10.953300476074219
176 10.664299011230469
177 12.098197937011719
178 11.251106262207031
179 11.499099731445313
180 8.346603393554688
181 10.039398193359375
182 10.609199523925781
183 10.613700866699219
184 9.237197875976563
185 11.285797119140625
186 11.029296875
187 11.588699340820313
188 11.471900939941406
189 7.897804260253906
190 8.296401977539063
191 7.599891662597656
192 8.283409118652344
193 6.638496398925781
194 7.970298767089844
195 9.136604309082031
196 9.627105712890625
197 8.963203430175781
198 7.318206787109375
199 9.970001220703125
200 10.930397033691406
201 10.99530029296875
202 11.00799560546875
203 10.617103576660156
204 11.034706115722656
205 10.647598266601563
206 9.8031005859375
207 8.257293701171875
208 9.585700988769531
209 11.725303649902344
210 10.245101928710938
211 10.255104064941406
212 11.315093994140625
213 9.936004638671875
214 11.957405090332031
215 10.565803527832031
216 8.332603454589844
217 10.48699951171875
218 11.481002807617188
219 9.705604553222656
220 9.165496826171875
221 8.6134033203125
222 10.144294738769531
223 8.825904846191406
224 9.742500305175781
225 8.032600402832031
226 8.975502014160156
227 8.930801391601563
228 9.133102416992188
229 9.712005615234375
230 10.350700378417969
231 8.644905090332031
232 9.161102294921875
233 8.342201232910156
234 10.16070556640625
235 7.0619964599609375
236 9.367996215820313
237 8.335601806640625
238 9.295600891113281
239 10.474800109863281
240 11.909996032714844
241 10.775901794433594
242 11.28399658203125
243 11.899803161621094
244 13.109001159667969
245 11.79669189453125
246 11.71099853515625
247 11.458503723144531
248 11.571998596191406
249 10.23480224609375
250 7.744697570800781
251 9.611305236816406
252 12.032600402832031
253 8.728500366210938
254 7.947700500488281
255 9.12249755859375
256 9.638397216796875
257 10.250900268554688
258 8.607101440429688
259 9.735099792480469
260 8.698204040527344
261 10.587303161621094
262 9.103599548339844
263 8.768501281738281
264 9.687698364257813
265 9.523101806640625
266 10.594795227050781
267 11.259201049804688
268 8.711402893066406
269 12.657402038574219
270 12.442703247070313
271 10.521797180175781
272 10.923301696777344
273 12.114097595214844
274 11.091598510742188
275 10.365997314453125
276 11.201103210449219
277 11.031906127929688
278 11.556098937988281
279 9.244003295898438
280 9.290802001953125
281 10.108695983886719
282 10.810310363769531
283 10.832603454589844
284 11.363594055175781
285 12.063697814941406
286 11.23480224609375
287 10.265495300292969
288 10.69830322265625
289 12.543502807617188
290 11.564704895019531
291 10.689498901367188
292 9.847099304199219
293 11.33740234375
294 9.168899536132813
295 9.700401306152344
296 9.65789794921875
297 9.461601257324219
298 9.322502136230469
299 8.983894348144531
300 7.9542999267578125
301 9.36529541015625
302 9.575096130371094
303 10.503105163574219
304 10.566703796386719
305 10.669700622558594
306 13.082298278808594
307 9.816703796386719
308 11.9154052734375
309 11.125396728515625
310 9.83599853515625
311 10.19000244140625
312 13.737602233886719
313 13.218894958496094
314 11.579605102539063
315 12.359199523925781
316 11.33270263671875
317 10.230094909667969
318 9.568496704101563
319 10.501007080078125
320 12.130607604980469
321 12.476898193359375
322 12.29150390625
323 10.880096435546875
324 10.568099975585938
325 10.943199157714844
326 9.577201843261719
327 9.959297180175781
328 12.402397155761719
329 12.885108947753906
330 13.727096557617188
331 12.160202026367188
332 13.287490844726563
333 13.018096923828125
334 14.430801391601563
335 12.97369384765625
336 11.840301513671875
337 11.036300659179688
338 13.087997436523438
339 13.964805603027344
340 13.192901611328125
341 13.863296508789063
342 13.255706787109375
343 11.138801574707031
344 9.935806274414063
345 10.505996704101563
346 11.271499633789063
347 9.302803039550781
348 9.051605224609375
349 9.167198181152344
350 8.595802307128906
351 8.204994201660156
352 9.235504150390625
353 9.50640869140625
354 10.697196960449219
355 11.921104431152344
356 12.452201843261719
357 11.608497619628906
358 10.105598449707031
359 9.129798889160156
360 11.570205688476563
361 9.82220458984375
362 12.029899597167969
363 10.049095153808594
364 12.095802307128906
365 11.95989990234375
366 12.2626953125
367 10.448097229003906
368 10.729301452636719
369 11.740303039550781
370 11.6300048828125
371 13.214202880859375
372 12.043006896972656
373 13.614601135253906
374 11.015098571777344
375 10.921798706054688
376 10.543601989746094
377 12.520095825195313
378 14.419502258300781
379 11.589103698730469
380 13.502304077148438
381 13.833396911621094
382 11.855300903320313
383 14.610603332519531
384 14.089599609375
385 11.11639404296875
386 10.790695190429688
387 8.901298522949219
388 10.211807250976563
389 12.53619384765625
390 13.24420166015625
391 11.723800659179688
392 11.634605407714844
393 12.343902587890625
394 10.185295104980469
395 10.639701843261719
396 12.70660400390625
397 8.287696838378906
398 11.17559814453125
399 9.802505493164063
400 10.456901550292969
401 10.109405517578125
402 11.017501831054688
403 8.946395874023438
404 9.873397827148438
405 10.456199645996094
406 10.922401428222656
407 9.831794738769531
408 13.361007690429688
409 12.279899597167969
410 11.740898132324219
411 14.037101745605469
412 11.827499389648438
413 9.740608215332031
414 9.452400207519531
415 9.119400024414063
416 7.133399963378906
417 9.559799194335938
418 9.874107360839844
419 11.082801818847656
420 11.60369873046875
421 11.53759765625
422 11.458106994628906
423 10.90679931640625
424 14.815505981445313
425 12.754096984863281
426 11.828300476074219
427 11.392303466796875
428 11.282699584960938
429 11.447998046875
430 11.793998718261719
431 10.887100219726563
432 11.725997924804688
433 11.470001220703125
434 11.422599792480469
435 12.689796447753906
436 14.179100036621094
437 13.734298706054688
438 10.709495544433594
439 12.309196472167969
440 13.518600463867188
441 11.816604614257813
442 11.648597717285156
443 11.547103881835938
444 13.523605346679688
445 12.393203735351563
446 12.27349853515625
447 10.356101989746094
448 11.898605346679688
449 11.030296325683594
450 10.9833984375
451 10.150497436523438
452 11.723396301269531
453 11.915397644042969
454 12.279396057128906
455 11.519203186035156
456 12.449295043945313
457 12.373504638671875
458 12.775497436523438
459 10.945205688476563
460 9.504798889160156
461 9.529502868652344
462 11.239105224609375
463 10.974205017089844
464 8.728996276855469
465 9.87359619140625
466 10.216102600097656
467 11.93609619140625
468 13.699592590332031
469 13.46240234375
470 13.932098388671875
471 13.080902099609375
472 11.847099304199219
473 10.932502746582031
474 10.830497741699219
475 10.766700744628906
476 11.61199951171875
477 9.766395568847656
478 10.805496215820313
479 10.452003479003906
480 10.719596862792969
481 10.237709045410156
482 9.859794616699219
483 10.689994812011719
484 11.926704406738281
485 11.772796630859375
486 11.198898315429688
487 10.1697998046875
488 9.892501831054688
489 13.379196166992188
490 12.3302001953125
491 12.313896179199219
492 12.470497131347656
493 12.30279541015625
494 10.5491943359375
495 10.523902893066406
496 12.795791625976563
497 11.716499328613281
498 11.838600158691406
499 10.494003295898438
500 10.288002014160156
