0 16.465606689453125
1 16.465599060058594
2 18.234703063964844
3 15.7611083984375
4 13.192802429199219
5 8.800201416015625
6 11.068504333496094
7 11.05859375
8 14.250602722167969
9 14.243202209472656
10 11.8052978515625
11 12.511306762695313
12 13.698997497558594
13 12.034004211425781
14 11.638198852539063
15 10.271797180175781
16 8.268203735351563
17 6.0637054443359375
18 5.467803955078125
19 6.664703369140625
20 4.671195983886719
21 5.936897277832031
22 5.8419036865234375
23 3.8292999267578125
24 5.054100036621094
25 4.52020263671875
26 3.744598388671875
27 4.862602233886719
28 4.579002380371094
29 7.564201354980469
30 4.680999755859375
31 4.2843017578125
32 4.66070556640625
33 4.471099853515625
34 4.012199401855469
35 2.770599365234375
36 3.6189041137695313
37 3.1930084228515625
38 4.498497009277344
39 2.2870941162109375
40 1.3615036010742188
41 4.43170166015625
42 2.4600982666015625
43 2.0468978881835938
44 4.609596252441406
45 4.6067962646484375
46 3.1960067749023438
47 3.5591964721679688
48 4.316802978515625
49 3.7668991088867188
50 4.0691986083984375
51 1.50469970703125
52 2.5279006958007813
53 1.5594024658203125
54 4.575904846191406
55 4.383399963378906
56 3.6207962036132813
57 3.973602294921875
58 4.1613006591796875
59 5.0420989990234375
60 4.1071929931640625
61 4.6681976318359375
62 4.512603759765625
63 4.959999084472656
64 4.312599182128906
65 6.3538970947265625
66 4.939002990722656
67 5.968498229980469
68 3.3402023315429688
69 3.5598983764648438
70 4.726593017578125
71 3.2508010864257813
72 1.467193603515625
73 3.1416015625
74 3.4347991943359375
75 3.3437957763671875
76 2.8935012817382813
77 3.3684005737304688
78 3.6350021362304688
79 2.6905975341796875
80 3.6631011962890625
81 4.497200012207031
82 3.165496826171875
83 1.5578994750976563
84 3.247802734375
85 3.1121978759765625
86 4.398597717285156
87 5.3739013671875
88 4.1466064453125
89 3.4249038696289063
90 3.1095962524414063
91 2.2031021118164063
92 1.1396026611328125
93 3.2549972534179688
94 3.2245025634765625
95 2.3422012329101563
96 1.47320556640625
97 3.3331985473632813
98 2.1675949096679688
99 2.9088058471679688
100 4.18389892578125
101 5.398597717285156
102 6.382698059082031
103 4.497505187988281
104 6.617706298828125
105 5.151100158691406
106 6.250099182128906
107 9.627197265625
108 6.7472991943359375
109 7.3896026611328125
110 4.437599182128906
111 6.634498596191406
112 5.891502380371094
113 6.518501281738281
114 5.594596862792969
115 5.308197021484375
116 3.3867034912109375
117 2.5485992431640625
118 2.69110107421875
119 2.5951004028320313
120 3.8517990112304688
121 2.8572006225585938
122 3.8759002685546875
123 4.562202453613281
124 3.9327011108398438
125 2.6569061279296875
126 6.578804016113281
127 4.8079986572265625
128 5.6992034912109375
129 4.680091857910156
130 3.5819015502929688
131 5.0789031982421875
132 5.46649169921875
133 4.6320037841796875
134 4.652503967285156
135 3.8958969116210938
136 3.6290969848632813
137 3.0373992919921875
138 2.1305007934570313
139 4.33929443359375
140 4.8773956298828125
141 4.9008026123046875
142 4.037101745605469
143 5.706901550292969
144 5.612800598144531
145 5.363304138183594
146 4.916496276855469
147 5.351402282714844
148 4.131599426269531
149 5.1670989990234375
150 4.5966033935546875
151 6.581298828125
152 4.8990020751953125
153 4.1392974853515625
154 2.3945999145507813
155 3.9246978759765625
156 3.6515045166015625
157 2.893402099609375
158 2.8263015747070313
159 3.7509002685546875
160 5.505897521972656
161 4.1566009521484375
162 4.634300231933594
163 6.804298400878906
164 6.565391540527344
165 5.608497619628906
166 7.0081024169921875
167 4.890800476074219
168 5.72509765625
169 4.61309814453125
170 7.5507965087890625
171 7.30279541015625
172 4.7032928466796875
173 5.693603515625
174 2.5777053833007813
175 2.9233016967773438
176 2.314300537109375
177 3.8582000732421875
178 3.6410980224609375
179 4.289100646972656
180 2.2466049194335938
181 4.069404602050781
182 3.8092041015625
183 3.5537033081054688
184 2.9372024536132813
185 2.7457962036132813
186 4.6392974853515625
187 5.3686981201171875
188 5.1219024658203125
189 3.397796630859375
190 3.4564056396484375
191 1.5699005126953125
192 2.4133987426757813
193 1.3584976196289063
194 2.400299072265625
195 4.45660400390625
196 3.5871047973632813
197 4.09320068359375
198 4.898200988769531
199 5.489997863769531
200 5.4304046630859375
201 3.5453033447265625
202 2.4879989624023438
203 5.1470947265625
204 4.284698486328125
205 4.567604064941406
206 4.37310791015625
207 2.9872970581054688
208 4.885704040527344
209 5.875297546386719
210 5.655097961425781
211 5.4951019287109375
212 5.2050933837890625
213 5.5460052490234375
214 6.237403869628906
215 5.6757965087890625
216 2.8326034545898438
217 5.2870025634765625
218 5.6510009765625
219 4.895606994628906
220 3.0155029296875
221 3.0434036254882813
222 4.5343017578125
223 4.6259002685546875
224 4.902496337890625
225 2.512603759765625
226 3.4254989624023438
227 2.1608047485351563
228 3.5331039428710938
229 4.49200439453125
230 6.270698547363281
231 3.33489990234375
232 2.281097412109375
233 4.612205505371094
234 4.1107025146484375
235 2.1220016479492188
236 4.417999267578125
237 2.8756027221679688
238 3.6556015014648438
239 2.23480224609375
240 3.9199981689453125
241 3.2158966064453125
242 5.563995361328125
243 4.209800720214844
244 6.5789947509765625
245 4.3567047119140625
246 3.4010009765625
247 2.5385055541992188
248 4.6219940185546875
249 5.9748077392578125
250 2.9446945190429688
251 3.9213027954101563
252 6.732597351074219
253 4.598503112792969
254 3.3177032470703125
255 4.912498474121094
256 4.4683990478515625
257 6.020904541015625
258 3.46710205078125
259 4.945106506347656
260 3.4881973266601563
261 3.7373046875
262 3.1536026000976563
263 4.8585052490234375
264 3.1877059936523438
265 1.8731002807617188
266 2.9547958374023438
267 1.9192047119140625
268 0.7414016723632813
269 4.197395324707031
270 2.362701416015625
271 1.2218017578125
272 2.8532943725585938
273 4.054100036621094
274 1.9616012573242188
275 1.365997314453125
276 1.2711029052734375
277 2.8019027709960938
278 1.9760971069335938
279 1.6240005493164063
280 0.910797119140625
281 1.7286911010742188
282 2.4203033447265625
283 1.2926025390625
284 2.1335983276367188
285 2.60369873046875
286 2.0548019409179688
287 1.5654983520507813
288 0.7083053588867188
289 3.0435028076171875
290 2.8347015380859375
291 1.5194931030273438
292 0.7371063232421875
293 1.5074005126953125
294 -0.0010986328125
295 0.12039947509765625
296 1.8579025268554688
297 0.991607666015625
298 1.2024993896484375
299 1.3538970947265625
300 0.314300537109375
301 2.2652969360351563
302 1.9850921630859375
303 3.1731033325195313
304 3.5367050170898438
305 2.5496978759765625
306 4.5923004150390625
307 2.17669677734375
308 3.5854034423828125
309 3.7353973388671875
310 2.5459976196289063
311 3.6500015258789063
312 5.137603759765625
313 5.6089019775390625
314 3.4896011352539063
315 4.11920166015625
316 3.7027053833007813
317 3.41009521484375
318 2.4885025024414063
319 3.4810028076171875
320 4.150604248046875
321 4.706901550292969
322 4.35150146484375
323 1.8600997924804688
324 1.9281005859375
325 2.9031982421875
326 1.0271987915039063
327 0.5692977905273438
328 2.1623992919921875
329 3.635101318359375
330 4.477104187011719
331 2.8501968383789063
332 3.6774978637695313
333 4.268096923828125
334 4.470802307128906
335 4.083702087402344
336 2.5403060913085938
337 1.4462966918945313
338 3.727996826171875
339 4.144798278808594
340 3.972900390625
341 3.4832992553710938
342 2.27569580078125
343 0.8387985229492188
344 0.4958038330078125
345 0.8559951782226563
346 0.691497802734375
347 0.532806396484375
348 0.24160003662109375
349 0.4871978759765625
350 1.0158004760742188
351 0.6050033569335938
352 1.1255035400390625
353 1.1063995361328125
354 1.3972015380859375
355 3.3011016845703125
356 3.6721954345703125
357 2.6585006713867188
358 2.6556015014648438
359 -0.0402069091796875
360 3.5301971435546875
361 3.9522018432617188
362 2.9098968505859375
363 3.2090988159179688
364 4.045806884765625
365 3.5099029541015625
366 3.7527008056640625
367 3.518096923828125
368 1.5093002319335938
369 2.0002975463867188
370 3.9500045776367188
371 4.764198303222656
372 3.9529953002929688
373 3.9146041870117188
374 3.1051025390625
375 2.751800537109375
376 2.1135940551757813
377 2.35009765625
378 4.3594970703125
379 3.0091018676757813
380 3.8322982788085938
381 3.9733963012695313
382 2.24530029296875
383 2.7806015014648438
384 3.5996017456054688
385 2.0963973999023438
386 1.6306991577148438
387 0.9513015747070313
388 0.3618011474609375
389 1.2761993408203125
390 1.9441986083984375
391 2.493804931640625
392 0.9146041870117188
393 2.1438980102539063
394 0.18529510498046875
395 0.6996994018554688
396 2.8666000366210938
397 0.1576995849609375
398 1.3855972290039063
399 1.9225006103515625
400 2.726898193359375
401 1.0594024658203125
402 1.7975006103515625
403 1.1363983154296875
404 0.643402099609375
405 1.1162033081054688
406 1.6623992919921875
407 0.8218002319335938
408 2.5510025024414063
409 2.2299041748046875
410 3.1509017944335938
411 3.3671035766601563
412 1.0074996948242188
413 2.150604248046875
414 2.4723968505859375
415 0.5994033813476563
416 -0.6865997314453125
417 0.45980072021484375
418 0.174102783203125
419 1.462799072265625
420 2.1436996459960938
421 1.1175918579101563
422 2.7281036376953125
423 1.8667984008789063
424 4.5955047607421875
425 3.8340988159179688
426 1.9583053588867188
427 2.4623031616210938
428 2.1126937866210938
429 3.4079971313476563
430 4.523994445800781
431 2.0470962524414063
432 3.33599853515625
433 3.1299972534179688
434 2.2725982666015625
435 2.2898025512695313
436 4.0590972900390625
437 2.6243057250976563
438 -0.01050567626953125
439 1.8091964721679688
440 3.8685989379882813
441 1.9966049194335938
442 1.1686019897460938
443 1.3171005249023438
444 2.3535995483398438
445 1.7531967163085938
446 1.9334945678710938
447 1.0761032104492188
448 1.9286041259765625
449 1.5802993774414063
450 1.6134033203125
451 1.8704986572265625
452 2.2234039306640625
453 3.3053970336914063
454 3.8794021606445313
455 1.4191970825195313
456 2.34930419921875
457 2.8635025024414063
458 2.8355026245117188
459 1.3152008056640625
460 0.2147979736328125
461 -0.02050018310546875
462 1.6791000366210938
463 0.9342041015625
464 -0.9010009765625
465 0.02359771728515625
466 -1.493896484375
467 1.1061019897460938
468 3.2195968627929688
469 4.432403564453125
470 2.6720962524414063
471 1.6608963012695313
472 2.1670989990234375
473 1.1825027465820313
474 1.7804946899414063
475 0.5967025756835938
476 2.7219924926757813
477 1.276397705078125
478 1.1754989624023438
479 0.32199859619140625
480 0.589599609375
481 0.5277023315429688
482 0.28980255126953125
483 0.7699966430664063
484 2.4167022705078125
485 2.9927978515625
486 1.6789016723632813
487 1.8297958374023438
488 2.3225021362304688
489 4.24920654296875
490 3.6202011108398438
491 3.0038986206054688
492 3.8404998779296875
493 3.4427947998046875
494 0.24919891357421875
495 0.7938995361328125
496 2.3357925415039063
497 1.066497802734375
498 2.7486038208007813
499 1.7739944458007813
500 1.4080047607421875
