0 22.585601806640625
1 22.585601806640625
2 22.9447021484375
3 18.37110137939453
4 17.42279815673828
5 13.440200805664063
6 15.558502197265625
7 18.028594970703125
8 18.150604248046875
9 20.883201599121094
10 16.36529541015625
11 19.931304931640625
12 20.818992614746094
13 22.194007873535156
14 19.45819854736328
15 20.631797790527344
16 19.368202209472656
17 17.55370330810547
18 15.917808532714844
19 16.094703674316406
20 12.581199645996094
21 12.806900024414063
22 12.491897583007813
23 9.579299926757813
24 11.434097290039063
25 10.110206604003906
26 9.3446044921875
27 9.91259765625
28 9.259002685546875
29 10.74420166015625
30 10.231002807617188
31 7.4243011474609375
32 7.600700378417969
33 8.0010986328125
34 7.6522064208984375
35 8.400604248046875
36 8.588905334472656
37 7.583000183105469
38 8.868492126464844
39 8.047103881835938
40 6.111503601074219
41 9.101699829101563
42 7.000099182128906
43 6.316902160644531
44 5.9795989990234375
45 6.526802062988281
46 6.226005554199219
47 6.809196472167969
48 7.8968048095703125
49 8.996902465820313
50 9.189201354980469
51 5.184700012207031
52 7.2178955078125
53 5.6894073486328125
54 8.665901184082031
55 9.873405456542969
56 10.650794982910156
57 10.163604736328125
58 8.631301879882813
59 8.402099609375
60 5.877197265625
61 8.21820068359375
62 8.242607116699219
63 8.670005798339844
64 5.2425994873046875
65 7.463897705078125
66 8.838996887207031
67 9.64849853515625
68 9.39019775390625
69 8.169898986816406
70 8.266593933105469
71 6.01080322265625
72 4.507194519042969
73 6.0016021728515625
74 8.334800720214844
75 7.853797912597656
76 7.313507080078125
77 8.988395690917969
78 9.06500244140625
79 7.950599670410156
80 9.0531005859375
81 9.56719970703125
82 7.195503234863281
83 7.507904052734375
84 8.537796020507813
85 8.112205505371094
86 10.288597106933594
87 9.403900146484375
88 10.616600036621094
89 10.074897766113281
90 7.799598693847656
91 6.543098449707031
92 7.289604187011719
93 10.165000915527344
94 9.564506530761719
95 7.482200622558594
96 8.393203735351563
97 9.813201904296875
98 8.277595520019531
99 7.388801574707031
100 9.383903503417969
101 13.288597106933594
102 12.8927001953125
103 9.5675048828125
104 14.297698974609375
105 12.021102905273438
106 13.66009521484375
107 17.227195739746094
108 12.477302551269531
109 13.239601135253906
110 11.577590942382813
111 12.694503784179688
112 10.4114990234375
113 11.448493957519531
114 8.15460205078125
115 9.988197326660156
116 9.396705627441406
117 6.87860107421875
118 5.761100769042969
119 6.1851043701171875
120 7.781791687011719
121 7.637199401855469
122 7.845893859863281
123 7.792205810546875
124 7.4427032470703125
125 6.706901550292969
126 10.018798828125
127 8.248001098632813
128 11.829200744628906
129 9.300102233886719
130 7.061897277832031
131 7.038902282714844
132 9.306495666503906
133 9.781997680664063
134 11.822502136230469
135 12.105903625488281
136 11.059097290039063
137 10.407402038574219
138 7.57049560546875
139 12.199295043945313
140 11.597396850585938
141 10.550796508789063
142 11.157096862792969
143 13.276908874511719
144 13.7427978515625
145 14.093299865722656
146 13.106498718261719
147 11.771400451660156
148 11.351600646972656
149 12.917106628417969
150 13.126594543457031
151 15.421302795410156
152 13.288993835449219
153 11.58929443359375
154 10.044601440429688
155 13.13470458984375
156 10.581497192382813
157 10.123397827148438
158 10.316299438476563
159 14.900901794433594
160 15.375900268554688
161 13.346603393554688
162 13.934303283691406
163 18.23430633544922
164 17.365394592285156
165 18.258499145507813
166 17.448097229003906
167 14.990798950195313
168 14.325096130371094
169 14.133102416992188
170 17.060806274414063
171 15.642799377441406
172 11.933296203613281
173 13.093605041503906
174 10.547706604003906
175 10.643302917480469
176 9.104301452636719
177 10.868194580078125
178 11.981101989746094
179 11.8291015625
180 10.736602783203125
181 12.669395446777344
182 11.73919677734375
183 11.673698425292969
184 10.997200012207031
185 11.175796508789063
186 13.859298706054688
187 12.918701171875
188 11.971900939941406
189 13.327796936035156
190 12.636405944824219
191 10.299896240234375
192 11.513404846191406
193 11.908493041992188
194 11.840301513671875
195 13.82659912109375
196 12.677093505859375
197 12.353202819824219
198 15.168205261230469
199 15.260002136230469
200 14.390396118164063
201 11.985298156738281
202 9.907997131347656
203 14.127098083496094
204 15.494705200195313
205 13.157600402832031
206 13.223106384277344
207 13.087295532226563
208 15.305702209472656
209 16.405296325683594
210 15.735099792480469
211 15.765106201171875
212 13.235099792480469
213 16.046005249023438
214 16.507408142089844
215 15.365806579589844
216 10.992599487304688
217 14.257003784179688
218 13.72100830078125
219 13.815605163574219
220 11.035499572753906
221 13.153396606445313
222 13.764297485351563
223 14.545906066894531
224 15.572494506835938
225 11.23260498046875
226 12.945503234863281
227 11.200798034667969
228 12.853096008300781
229 13.342002868652344
230 16.40069580078125
231 11.784904479980469
232 10.19110107421875
233 16.152198791503906
234 14.350700378417969
235 12.902000427246094
236 14.158004760742188
237 11.92559814453125
238 12.615592956542969
239 9.23480224609375
240 11.709999084472656
241 12.095901489257813
242 16.433998107910156
243 12.179801940917969
244 14.368995666503906
245 13.966697692871094
246 11.691001892089844
247 10.0885009765625
248 13.822006225585938
249 15.144805908203125
250 12.594703674316406
251 13.751304626464844
252 16.772598266601563
253 14.418495178222656
254 12.667701721191406
255 16.24250030517578
256 15.028396606445313
257 16.140899658203125
258 14.037101745605469
259 14.805099487304688
260 13.308204650878906
261 12.617301940917969
262 13.013603210449219
263 15.3385009765625
264 13.83770751953125
265 8.223098754882813
266 10.764801025390625
267 5.739204406738281
268 8.931396484375
269 9.817398071289063
270 8.232696533203125
271 7.6118011474609375
272 10.653297424316406
273 11.784103393554688
274 7.881599426269531
275 7.39599609375
276 6.011100769042969
277 9.531906127929688
278 6.5261077880859375
279 7.094001770019531
280 8.600799560546875
281 8.238693237304688
282 7.9803009033203125
283 8.202598571777344
284 7.913597106933594
285 7.2136993408203125
286 6.6548004150390625
287 6.0254974365234375
288 6.9282989501953125
289 8.583503723144531
290 9.394706726074219
291 7.559501647949219
292 5.9071044921875
293 5.657402038574219
294 5.3289031982421875
295 4.430397033691406
296 8.647895812988281
297 6.9116058349609375
298 6.962501525878906
299 7.403892517089844
300 6.0742950439453125
301 8.385299682617188
302 7.845100402832031
303 8.883102416992188
304 10.2467041015625
305 8.249702453613281
306 11.252304077148438
307 8.846702575683594
308 9.655403137207031
309 10.315399169921875
310 7.905998229980469
311 11.709999084472656
312 10.137603759765625
313 12.868896484375
314 9.759605407714844
315 9.699195861816406
316 9.822700500488281
317 9.790092468261719
318 8.558502197265625
319 9.741004943847656
320 9.040603637695313
321 10.796897888183594
322 10.501502990722656
323 7.000099182128906
324 7.4481048583984375
325 9.013198852539063
326 7.627204895019531
327 7.6692962646484375
328 7.282402038574219
329 9.635101318359375
330 9.83709716796875
331 8.180198669433594
332 9.537498474121094
333 10.748100280761719
334 10.580802917480469
335 10.513702392578125
336 8.310302734375
337 7.5063018798828125
338 9.977996826171875
339 10.024803161621094
340 10.072906494140625
341 7.983299255371094
342 6.1656951904296875
343 5.238800048828125
344 6.425804138183594
345 6.096000671386719
346 6.651496887207031
347 7.662803649902344
348 7.611602783203125
349 8.227195739746094
350 9.44580078125
351 10.754997253417969
352 8.145500183105469
353 7.856407165527344
354 8.587196350097656
355 9.111099243164063
356 9.422203063964844
357 9.038497924804688
358 11.385604858398438
359 8.169792175292969
360 10.310203552246094
361 13.512199401855469
362 10.479896545410156
363 10.1990966796875
364 9.975799560546875
365 11.89990234375
366 12.172698974609375
367 9.98809814453125
368 9.189300537109375
369 7.860298156738281
370 11.0
371 11.094200134277344
372 12.51300048828125
373 12.424598693847656
374 12.455101013183594
375 9.631797790527344
376 8.743598937988281
377 7.4900970458984375
378 8.969497680664063
379 10.51910400390625
380 9.602302551269531
381 7.863395690917969
382 8.205299377441406
383 5.7406005859375
384 9.699600219726563
385 9.106399536132813
386 9.750701904296875
387 10.981300354003906
388 8.221809387207031
389 8.686203002929688
390 6.814201354980469
391 10.673797607421875
392 6.374603271484375
393 8.013900756835938
394 8.0552978515625
395 7.87969970703125
396 9.7666015625
397 8.7677001953125
398 7.995597839355469
399 10.362503051757813
400 12.046897888183594
401 9.379402160644531
402 10.087501525878906
403 10.686393737792969
404 5.353401184082031
405 7.4862060546875
406 8.532402038574219
407 7.631797790527344
408 7.46099853515625
409 8.14990234375
410 10.380897521972656
411 9.457099914550781
412 7.677497863769531
413 11.06060791015625
414 10.462394714355469
415 6.839408874511719
416 8.603401184082031
417 7.519798278808594
418 7.384101867675781
419 7.962799072265625
420 8.763702392578125
421 7.087593078613281
422 10.168106079101563
423 9.706794738769531
424 10.045509338378906
425 9.104103088378906
426 5.798301696777344
427 7.452301025390625
428 9.842697143554688
429 11.468002319335938
430 12.2239990234375
431 7.727104187011719
432 10.865997314453125
433 10.029998779296875
434 7.672599792480469
435 8.159797668457031
436 11.479103088378906
437 9.064300537109375
438 5.6094970703125
439 6.619194030761719
440 10.658599853515625
441 8.056602478027344
442 6.718597412109375
443 7.937103271484375
444 7.293601989746094
445 7.353202819824219
446 8.743499755859375
447 8.06610107421875
448 8.888603210449219
449 7.4302978515625
450 8.813400268554688
451 9.710494995117188
452 10.7333984375
453 10.785400390625
454 11.469398498535156
455 6.279197692871094
456 7.369300842285156
457 9.583503723144531
458 8.595504760742188
459 6.9452056884765625
460 6.4947967529296875
461 6.239501953125
462 7.9091033935546875
463 6.714202880859375
464 5.2389984130859375
465 6.113594055175781
466 5.536102294921875
467 6.0760955810546875
468 7.5095977783203125
469 10.152397155761719
470 9.71209716796875
471 7.940895080566406
472 10.357093811035156
473 8.432502746582031
474 8.330497741699219
475 7.626701354980469
476 10.1719970703125
477 9.006401062011719
478 7.4654998779296875
479 6.1620025634765625
480 7.0095977783203125
481 8.117698669433594
482 7.219795227050781
483 7.040000915527344
484 8.746696472167969
485 9.772796630859375
486 8.778900146484375
487 10.189796447753906
488 10.902503967285156
489 11.329200744628906
490 10.620201110839844
491 10.703895568847656
492 11.250503540039063
493 9.812797546386719
494 6.609199523925781
495 7.303901672363281
496 7.385795593261719
497 5.576499938964844
498 7.588600158691406
499 8.9739990234375
500 8.108001708984375
