0 28.605606079101563
1 28.605606079101563
2 29.024696350097656
3 26.64111328125
4 21.072799682617188
5 18.160202026367188
6 19.808502197265625
7 22.408592224121094
8 22.570602416992188
9 24.91320037841797
10 21.535293579101563
11 23.371307373046875
12 25.60900115966797
13 24.04399871826172
14 21.058197021484375
15 22.201797485351563
16 18.928207397460938
17 17.253700256347656
18 16.857803344726563
19 17.294700622558594
20 15.591201782226563
21 14.616905212402344
22 12.651901245117188
23 12.589302062988281
24 13.8341064453125
25 12.630203247070313
26 11.934600830078125
27 13.612602233886719
28 13.719001770019531
29 15.604194641113281
30 13.871002197265625
31 11.314300537109375
32 11.850700378417969
33 11.671104431152344
34 12.452201843261719
35 12.300605773925781
36 13.278907775878906
37 11.943008422851563
38 12.968498229980469
39 11.957099914550781
40 10.381507873535156
41 13.281707763671875
42 10.650093078613281
43 9.616897583007813
44 10.159599304199219
45 10.136802673339844
46 10.686004638671875
47 11.689201354980469
48 11.616806030273438
49 13.63690185546875
50 11.649200439453125
51 8.774696350097656
52 10.467903137207031
53 9.099403381347656
54 11.855903625488281
55 12.963401794433594
56 12.810798645019531
57 12.463607788085938
58 12.071304321289063
59 10.562103271484375
60 9.677200317382813
61 10.938201904296875
62 11.48260498046875
63 13.090003967285156
64 10.692596435546875
65 12.003898620605469
66 11.618995666503906
67 13.568504333496094
68 12.0802001953125
69 10.949897766113281
70 12.446601867675781
71 11.26080322265625
72 9.807197570800781
73 10.811599731445313
74 10.98480224609375
75 11.013801574707031
76 10.253501892089844
77 10.938400268554688
78 10.555000305175781
79 10.350601196289063
80 11.36309814453125
81 11.56719970703125
82 10.975502014160156
83 10.707901000976563
84 11.55780029296875
85 11.812202453613281
86 11.978591918945313
87 11.443901062011719
88 11.57659912109375
89 12.834907531738281
90 11.289604187011719
91 10.973098754882813
92 9.729598999023438
93 12.114997863769531
94 12.704498291015625
95 10.252204895019531
96 11.173202514648438
97 13.113204956054688
98 10.457595825195313
99 10.828804016113281
100 11.343902587890625
101 12.778594970703125
102 13.982704162597656
103 12.197502136230469
104 14.997711181640625
105 13.471092224121094
106 15.270103454589844
107 18.797203063964844
108 16.03730010986328
109 15.389602661132813
110 12.84759521484375
111 15.42449951171875
112 14.241508483886719
113 13.358497619628906
114 12.444595336914063
115 13.148200988769531
116 11.916702270507813
117 9.818603515625
118 9.481101989746094
119 8.055099487304688
120 9.281791687011719
121 9.027206420898438
122 9.765899658203125
123 10.652206420898438
124 11.312698364257813
125 9.686904907226563
126 12.688804626464844
127 10.608001708984375
128 13.3092041015625
129 11.170097351074219
130 10.591896057128906
131 10.678901672363281
132 12.606498718261719
133 12.762001037597656
134 14.4425048828125
135 13.935905456542969
136 12.589103698730469
137 12.077400207519531
138 10.480499267578125
139 14.289299011230469
140 14.067398071289063
141 14.410797119140625
142 13.147102355957031
143 15.616897583007813
144 15.822799682617188
145 16.293304443359375
146 14.246498107910156
147 14.261405944824219
148 13.121604919433594
149 13.647102355957031
150 14.396591186523438
151 17.051300048828125
152 14.248992919921875
153 13.029296875
154 10.544601440429688
155 13.394699096679688
156 12.121498107910156
157 11.523406982421875
158 12.316299438476563
159 13.270904541015625
160 15.215896606445313
161 14.45660400390625
162 13.774307250976563
163 14.504302978515625
164 16.33539581298828
165 16.47850799560547
166 17.338104248046875
167 14.390800476074219
168 15.555099487304688
169 14.243095397949219
170 17.370803833007813
171 16.452796936035156
172 13.763298034667969
173 15.223594665527344
174 10.397705078125
175 11.703300476074219
176 10.624298095703125
177 11.368194580078125
178 12.831100463867188
179 12.669097900390625
180 11.07659912109375
181 13.249397277832031
182 12.939201354980469
183 11.893707275390625
184 9.897201538085938
185 11.25579833984375
186 13.409294128417969
187 12.998695373535156
188 13.661903381347656
189 12.507797241210938
190 12.136398315429688
191 10.119895935058594
192 12.203407287597656
193 10.658493041992188
194 12.010299682617188
195 13.786605834960938
196 13.497100830078125
197 13.003196716308594
198 13.448211669921875
199 15.180000305175781
200 14.860397338867188
201 13.285301208496094
202 12.867996215820313
203 16.34709930419922
204 15.764701843261719
205 13.967597961425781
206 12.663108825683594
207 12.277297973632813
208 15.565704345703125
209 16.85529327392578
210 17.195098876953125
211 16.555099487304688
212 16.125099182128906
213 16.376007080078125
214 17.077407836914063
215 15.725807189941406
216 13.242607116699219
217 15.977005004882813
218 16.600997924804688
219 16.265602111816406
220 13.975494384765625
221 14.353401184082031
222 15.054298400878906
223 15.905906677246094
224 16.76250457763672
225 12.942604064941406
226 14.435501098632813
227 13.540794372558594
228 15.533103942871094
229 15.991996765136719
230 18.120697021484375
231 13.58489990234375
232 12.881103515625
233 15.692207336425781
234 15.080703735351563
235 12.512001037597656
236 14.897994995117188
237 14.075607299804688
238 14.505599975585938
239 11.9248046875
240 14.920005798339844
241 13.9259033203125
242 17.47400665283203
243 15.779800415039063
244 18.308998107910156
245 15.916702270507813
246 14.291000366210938
247 12.428504943847656
248 15.162002563476563
249 16.98480987548828
250 14.674697875976563
251 14.991310119628906
252 18.622604370117188
253 15.738502502441406
254 13.977699279785156
255 16.772499084472656
256 16.778396606445313
257 17.750900268554688
258 13.937095642089844
259 15.92510986328125
260 13.948196411132813
261 14.757301330566406
262 14.963600158691406
263 16.198509216308594
264 14.907699584960938
265 12.343101501464844
266 12.564796447753906
267 11.589202880859375
268 11.151397705078125
269 14.467399597167969
270 12.422698974609375
271 10.891799926757813
272 13.243301391601563
273 14.4541015625
274 11.941596984863281
275 12.035995483398438
276 11.561103820800781
277 13.331901550292969
278 11.906105041503906
279 12.85400390625
280 11.650802612304688
281 12.508697509765625
282 13.610305786132813
283 11.662605285644531
284 12.50360107421875
285 12.753700256347656
286 12.664802551269531
287 11.975494384765625
288 11.168304443359375
289 13.033500671386719
290 13.364700317382813
291 11.629501342773438
292 11.037101745605469
293 11.047401428222656
294 9.05889892578125
295 8.520401000976563
296 11.367897033691406
297 10.871604919433594
298 10.9425048828125
299 11.833900451660156
300 11.074295043945313
301 13.475296020507813
302 12.97509765625
303 14.323104858398438
304 14.4967041015625
305 13.0697021484375
306 15.092300415039063
307 13.726699829101563
308 14.825401306152344
309 14.815399169921875
310 12.265998840332031
311 14.550003051757813
312 15.397605895996094
313 16.658897399902344
314 14.069602966308594
315 14.8092041015625
316 14.942703247070313
317 15.090103149414063
318 13.688499450683594
319 13.301010131835938
320 14.200599670410156
321 15.336898803710938
322 14.781501770019531
323 11.590103149414063
324 11.4281005859375
325 11.46319580078125
326 10.287200927734375
327 9.889297485351563
328 10.902397155761719
329 12.955108642578125
330 13.627098083496094
331 12.040199279785156
332 13.817497253417969
333 14.658096313476563
334 13.920799255371094
335 13.243698120117188
336 11.330307006835938
337 11.116302490234375
338 13.247993469238281
339 13.084800720214844
340 13.422897338867188
341 12.613304138183594
342 10.545700073242188
343 9.678794860839844
344 10.495803833007813
345 11.185997009277344
346 10.511497497558594
347 10.902801513671875
348 10.791603088378906
349 11.487205505371094
350 11.785804748535156
351 11.924995422363281
352 12.155502319335938
353 11.756401062011719
354 11.667198181152344
355 14.141105651855469
356 14.172203063964844
357 13.128501892089844
358 14.165603637695313
359 10.439796447753906
360 14.970199584960938
361 15.212203979492188
362 13.289901733398438
363 13.9490966796875
364 14.705802917480469
365 13.20989990234375
366 15.052696228027344
367 15.618095397949219
368 11.71929931640625
369 11.710296630859375
370 14.75
371 15.534194946289063
372 15.443000793457031
373 14.204605102539063
374 14.175102233886719
375 13.791793823242188
376 12.593605041503906
377 11.180099487304688
378 14.249496459960938
379 14.119102478027344
380 13.592300415039063
381 13.823394775390625
382 12.265296936035156
383 10.850601196289063
384 12.859603881835938
385 12.596397399902344
386 11.65069580078125
387 12.221305847167969
388 9.771804809570313
389 9.91619873046875
390 9.584205627441406
391 12.443801879882813
392 8.634597778320313
393 10.18389892578125
394 9.175300598144531
395 9.979698181152344
396 11.776603698730469
397 10.597702026367188
398 9.6156005859375
399 11.172500610351563
400 12.146896362304688
401 10.319404602050781
402 11.75750732421875
403 12.356391906738281
404 9.023399353027344
405 10.726203918457031
406 11.682395935058594
407 10.851799011230469
408 11.731002807617188
409 12.269905090332031
410 13.090896606445313
411 13.117095947265625
412 10.607498168945313
413 12.900604248046875
414 13.552398681640625
415 10.589408874511719
416 10.503395080566406
417 10.769798278808594
418 10.254104614257813
419 11.672798156738281
420 12.383697509765625
421 11.307594299316406
422 13.638099670410156
423 12.576797485351563
424 15.025505065917969
425 14.334098815917969
426 12.25830078125
427 13.142303466796875
428 11.902694702148438
429 14.027999877929688
430 15.304000854492188
431 11.877098083496094
432 13.7760009765625
433 14.100006103515625
434 12.472602844238281
435 11.779800415039063
436 13.369102478027344
437 12.184303283691406
438 9.989494323730469
439 11.369194030761719
440 13.61859130859375
441 11.966598510742188
442 9.87860107421875
443 10.947105407714844
444 10.75360107421875
445 10.973197937011719
446 11.823501586914063
447 10.966102600097656
448 11.748603820800781
449 10.690299987792969
450 11.603401184082031
451 12.810493469238281
452 12.663406372070313
453 13.075401306152344
454 14.139396667480469
455 10.439201354980469
456 11.069297790527344
457 12.65350341796875
458 11.975502014160156
459 10.925201416015625
460 10.254798889160156
461 9.979499816894531
462 11.099105834960938
463 9.394203186035156
464 7.868995666503906
465 9.673599243164063
466 7.94610595703125
467 9.966094970703125
468 12.519599914550781
469 14.612396240234375
470 12.302093505859375
471 10.630897521972656
472 11.957099914550781
473 10.4425048828125
474 11.70050048828125
475 10.536705017089844
476 13.491996765136719
477 12.526397705078125
478 10.925498962402344
479 10.032005310058594
480 10.409599304199219
481 10.757705688476563
482 9.22979736328125
483 10.529998779296875
484 12.576705932617188
485 12.842796325683594
486 12.318901062011719
487 13.369804382324219
488 14.462501525878906
489 14.5592041015625
490 13.500198364257813
491 13.463897705078125
492 14.3905029296875
493 13.662796020507813
494 9.829200744628906
495 9.723899841308594
496 11.245796203613281
497 9.196502685546875
498 12.278602600097656
499 11.793998718261719
500 12.277999877929688
