0 21.265602111816406
1 21.265602111816406
2 22.01470184326172
3 20.801101684570313
4 18.73279571533203
5 14.370201110839844
6 16.508506774902344
7 15.988601684570313
8 19.510604858398438
9 19.35320281982422
10 17.215293884277344
11 17.941299438476563
12 18.688995361328125
13 16.774002075195313
14 17.15819549560547
15 15.671798706054688
16 13.528205871582031
17 11.383705139160156
18 11.107803344726563
19 12.1947021484375
20 10.591201782226563
21 11.576896667480469
22 11.281906127929688
23 9.409294128417969
24 10.684097290039063
25 10.070198059082031
26 8.994598388671875
27 10.462600708007813
28 9.799003601074219
29 13.234199523925781
30 10.261001586914063
31 9.914299011230469
32 10.090705871582031
33 9.591102600097656
34 9.702201843261719
35 8.2406005859375
36 9.758903503417969
37 8.663002014160156
38 10.01849365234375
39 8.007095336914063
40 7.0315093994140625
41 9.601707458496094
42 8.150093078613281
43 7.7469024658203125
44 9.859596252441406
45 9.396797180175781
46 8.416000366210938
47 8.749198913574219
48 9.5968017578125
49 9.476898193359375
50 9.469200134277344
51 7.014701843261719
52 8.197898864746094
53 7.269401550292969
54 10.2958984375
55 9.9833984375
56 9.720794677734375
57 10.033599853515625
58 10.081298828125
59 10.34210205078125
60 9.2572021484375
61 10.238197326660156
62 10.302604675292969
63 10.6300048828125
64 9.532600402832031
65 11.383895874023438
66 10.0989990234375
67 11.378501892089844
68 8.790199279785156
69 9.0198974609375
70 10.166595458984375
71 8.430801391601563
72 7.207191467285156
73 8.721603393554688
74 8.754798889160156
75 8.893798828125
76 8.473503112792969
77 8.948402404785156
78 9.325004577636719
79 8.30059814453125
80 9.153099060058594
81 9.977203369140625
82 8.945503234863281
83 7.107902526855469
84 8.597801208496094
85 8.70220947265625
86 9.898597717285156
87 10.593902587890625
88 9.57659912109375
89 9.02490234375
90 8.689598083496094
91 7.6930999755859375
92 6.889595031738281
93 8.784996032714844
94 8.844505310058594
95 7.7722015380859375
96 6.96319580078125
97 8.853202819824219
98 7.857597351074219
99 8.33880615234375
100 9.783905029296875
101 10.968597412109375
102 11.862709045410156
103 10.067497253417969
104 12.507705688476563
105 10.281097412109375
106 11.820098876953125
107 14.977203369140625
108 12.837303161621094
109 12.929595947265625
110 10.407600402832031
111 12.344497680664063
112 11.441497802734375
113 11.988494873046875
114 10.804603576660156
115 10.618202209472656
116 9.086700439453125
117 8.37860107421875
118 8.291099548339844
119 7.565101623535156
120 9.311798095703125
121 8.057205200195313
122 9.225898742675781
123 10.222198486328125
124 9.662704467773438
125 8.396903991699219
126 12.038803100585938
127 10.027999877929688
128 11.409202575683594
129 10.240097045898438
130 8.841903686523438
131 10.2489013671875
132 11.006500244140625
133 9.962005615234375
134 10.422500610351563
135 9.605903625488281
136 9.289093017578125
137 8.877395629882813
138 7.5305023193359375
139 9.859298706054688
140 10.64739990234375
141 10.600799560546875
142 9.507102966308594
143 10.936904907226563
144 11.402801513671875
145 11.273307800292969
146 10.566497802734375
147 11.071403503417969
148 9.721603393554688
149 10.567100524902344
150 10.496597290039063
151 12.131301879882813
152 10.458999633789063
153 9.799301147460938
154 7.724601745605469
155 9.734703063964844
156 9.081504821777344
157 8.553398132324219
158 8.406295776367188
159 9.510902404785156
160 10.905899047851563
161 9.866600036621094
162 9.97430419921875
163 11.124305725097656
164 11.205398559570313
165 10.758499145507813
166 12.448097229003906
167 10.720802307128906
168 11.055099487304688
169 10.083099365234375
170 12.860801696777344
171 12.862800598144531
172 10.653297424316406
173 11.613601684570313
174 8.437705993652344
175 8.583305358886719
176 7.59429931640625
177 9.418197631835938
178 9.201103210449219
179 9.479103088378906
180 7.3466033935546875
181 9.289398193359375
182 9.179206848144531
183 9.313697814941406
184 8.087203979492188
185 8.325798034667969
186 9.759300231933594
187 10.918693542480469
188 10.651901245117188
189 8.237800598144531
190 8.656402587890625
191 6.8498992919921875
192 7.67340087890625
193 6.548500061035156
194 8.000297546386719
195 9.176597595214844
196 8.707107543945313
197 9.143203735351563
198 9.468208312988281
199 10.370002746582031
200 11.170402526855469
201 9.085296630859375
202 8.63800048828125
203 10.647102355957031
204 10.434707641601563
205 9.697601318359375
206 9.273101806640625
207 7.9673004150390625
208 10.115699768066406
209 11.315299987792969
210 10.945098876953125
211 10.695098876953125
212 10.705101013183594
213 10.906005859375
214 11.83740234375
215 11.025802612304688
216 8.112602233886719
217 10.506996154785156
218 11.081001281738281
219 10.265602111816406
220 8.755500793457031
221 8.603401184082031
222 10.014297485351563
223 9.7958984375
224 10.212501525878906
225 7.7926025390625
226 8.745498657226563
227 7.5207977294921875
228 8.663101196289063
229 9.882003784179688
230 11.440696716308594
231 8.644905090332031
232 8.211097717285156
233 9.69219970703125
234 9.78070068359375
235 7.181999206542969
236 9.687995910644531
237 7.645599365234375
238 9.025596618652344
239 7.704803466796875
240 9.609992980957031
241 8.585899353027344
242 10.814002990722656
243 9.519798278808594
244 11.969001770019531
245 10.026695251464844
246 8.9010009765625
247 7.8885040283203125
248 9.931999206542969
249 10.764808654785156
250 7.934700012207031
251 9.40130615234375
252 11.732597351074219
253 9.698501586914063
254 8.377700805664063
255 9.962501525878906
256 9.818397521972656
257 10.86090087890625
258 9.047103881835938
259 10.085105895996094
260 8.988197326660156
261 9.397300720214844
262 8.733596801757813
263 9.698501586914063
264 9.057701110839844
265 7.3031005859375
266 8.124794006347656
267 7.36920166015625
268 6.021400451660156
269 9.677398681640625
270 8.342697143554688
271 6.78179931640625
272 8.523300170898438
273 9.194099426269531
274 7.671600341796875
275 6.8159942626953125
276 7.0211029052734375
277 8.501899719238281
278 7.81610107421875
279 7.0540008544921875
280 6.2407989501953125
281 7.2386932373046875
282 7.780303955078125
283 6.882598876953125
284 7.6735992431640625
285 7.643699645996094
286 7.48480224609375
287 6.945503234863281
288 6.228302001953125
289 8.693504333496094
290 8.584701538085938
291 6.709495544433594
292 5.957099914550781
293 7.097404479980469
294 5.468902587890625
295 5.790397644042969
296 7.65789794921875
297 6.541603088378906
298 7.012504577636719
299 6.8838958740234375
300 5.4542999267578125
301 7.675300598144531
302 7.265098571777344
303 8.733100891113281
304 9.066703796386719
305 8.049705505371094
306 10.062301635742188
307 7.786705017089844
308 9.325401306152344
309 9.235397338867188
310 7.70599365234375
311 9.310005187988281
312 10.60760498046875
313 10.798896789550781
314 8.929603576660156
315 9.569198608398438
316 8.912704467773438
317 9.050094604492188
318 7.908500671386719
319 9.131004333496094
320 9.840606689453125
321 10.296897888183594
322 10.211502075195313
323 7.640098571777344
324 7.48809814453125
325 8.143196105957031
326 6.797203063964844
327 6.2993011474609375
328 7.622398376464844
329 9.435104370117188
330 9.957099914550781
331 8.350196838378906
332 9.3074951171875
333 9.918098449707031
334 10.090797424316406
335 9.613700866699219
336 8.100303649902344
337 6.876304626464844
338 9.487998962402344
339 9.434806823730469
340 9.372901916503906
341 9.263298034667969
342 7.7957000732421875
343 5.858795166015625
344 5.5258026123046875
345 6.146003723144531
346 6.4114990234375
347 6.142799377441406
348 5.991600036621094
349 5.787200927734375
350 6.63580322265625
351 6.234992980957031
352 6.4954986572265625
353 6.406402587890625
354 6.697196960449219
355 9.021102905273438
356 8.782196044921875
357 8.118499755859375
358 8.125602722167969
359 5.449798583984375
360 8.990203857421875
361 9.272209167480469
362 8.839897155761719
363 8.789093017578125
364 9.475799560546875
365 9.019905090332031
366 9.32269287109375
367 8.768096923828125
368 7.189300537109375
369 7.610298156738281
370 9.480003356933594
371 9.884193420410156
372 9.243003845214844
373 9.514602661132813
374 8.425102233886719
375 7.801795959472656
376 7.353599548339844
377 7.900093078613281
378 9.969497680664063
379 8.489097595214844
380 9.42230224609375
381 9.453399658203125
382 7.895301818847656
383 8.520599365234375
384 8.839599609375
385 7.526397705078125
386 6.90069580078125
387 6.871299743652344
388 6.101806640625
389 6.946197509765625
390 7.794197082519531
391 8.053802490234375
392 6.27459716796875
393 7.653900146484375
394 5.8052978515625
395 6.409706115722656
396 8.366600036621094
397 5.7677001953125
398 7.2855987548828125
399 7.1425018310546875
400 7.976898193359375
401 6.5093994140625
402 7.217506408691406
403 6.716400146484375
404 6.0034027099609375
405 6.676200866699219
406 7.2223968505859375
407 6.131797790527344
408 8.250999450683594
409 7.699897766113281
410 8.460899353027344
411 9.047103881835938
412 6.3574981689453125
413 7.530601501464844
414 7.672401428222656
415 5.959403991699219
416 4.883399963378906
417 6.199798583984375
418 5.674102783203125
419 7.0428009033203125
420 7.843696594238281
421 6.567596435546875
422 8.178108215332031
423 7.4568023681640625
424 10.125503540039063
425 9.244102478027344
426 7.418304443359375
427 7.702301025390625
428 7.612701416015625
429 8.648002624511719
430 9.763992309570313
431 7.617103576660156
432 8.83599853515625
433 8.370002746582031
434 7.832603454589844
435 7.739799499511719
436 9.309104919433594
437 8.264305114746094
438 5.6295013427734375
439 7.249198913574219
440 9.358596801757813
441 7.776603698730469
442 6.7386016845703125
443 6.5471038818359375
444 7.8036041259765625
445 7.273200988769531
446 7.593498229980469
447 6.306098937988281
448 7.798606872558594
449 6.9302978515625
450 7.393402099609375
451 7.110496520996094
452 7.933403015136719
453 8.765396118164063
454 9.349403381347656
455 6.839202880859375
456 8.1593017578125
457 8.633499145507813
458 8.405502319335938
459 6.735198974609375
460 5.504798889160156
461 5.42950439453125
462 7.3491058349609375
463 6.2642059326171875
464 4.398994445800781
465 5.4835968017578125
466 4.44610595703125
467 6.716094970703125
468 9.059600830078125
469 10.192398071289063
470 8.292098999023438
471 7.290901184082031
472 8.017097473144531
473 6.722503662109375
474 7.480499267578125
475 6.016700744628906
476 8.241996765136719
477 6.6963958740234375
478 6.555503845214844
479 5.952003479003906
480 6.349601745605469
481 6.047706604003906
482 5.72979736328125
483 6.3699951171875
484 8.086700439453125
485 8.722801208496094
486 7.4488983154296875
487 7.179801940917969
488 8.102500915527344
489 9.569198608398438
490 9.280204772949219
491 8.643898010253906
492 9.430496215820313
493 8.772796630859375
494 5.899200439453125
495 6.5139007568359375
496 8.13580322265625
497 6.8365020751953125
498 8.248603820800781
499 7.594001770019531
500 7.258003234863281
