0 19.335601806640625
1 19.335601806640625
2 19.474700927734375
3 21.33110809326172
4 22.162803649902344
5 16.710205078125
6 19.178504943847656
7 15.158599853515625
8 20.7406005859375
9 18.923202514648438
10 18.17530059814453
11 17.45130157470703
12 15.858993530273438
13 14.813995361328125
14 18.138198852539063
15 14.011802673339844
16 12.798202514648438
17 9.873703002929688
18 10.247802734375
19 12.454696655273438
20 11.54119873046875
21 13.356903076171875
22 15.451904296875
23 12.389297485351563
24 13.5740966796875
25 13.800201416015625
26 10.764602661132813
27 11.892601013183594
28 11.719001770019531
29 16.05419921875
30 12.411003112792969
31 13.734298706054688
32 13.130699157714844
33 12.951103210449219
34 12.522201538085938
35 10.020599365234375
36 11.598907470703125
37 11.103004455566406
38 12.768501281738281
39 9.567100524902344
40 9.011505126953125
41 12.971702575683594
42 11.330101013183594
43 11.896903991699219
44 15.02960205078125
45 14.866806030273438
46 11.536003112792969
47 11.399200439453125
48 12.966804504394531
49 10.116905212402344
50 11.909202575683594
51 11.084701538085938
52 10.997901916503906
53 10.729400634765625
54 12.905899047851563
55 11.903404235839844
56 10.860794067382813
57 12.493598937988281
58 13.011306762695313
59 14.232101440429688
60 13.907196044921875
61 14.148200988769531
62 14.462608337402344
63 13.390007019042969
64 14.172599792480469
65 16.233901977539063
66 14.128997802734375
67 14.64849853515625
68 11.4501953125
69 13.059898376464844
70 13.8865966796875
71 12.07080078125
72 10.537193298339844
73 11.8916015625
74 12.364799499511719
75 12.493797302246094
76 12.283500671386719
77 12.518394470214844
78 12.665000915527344
79 11.810600280761719
80 12.593101501464844
81 13.727195739746094
82 12.335502624511719
83 9.377899169921875
84 10.967796325683594
85 10.702201843261719
86 13.4385986328125
87 14.703903198242188
88 12.7666015625
89 11.634910583496094
90 11.509597778320313
91 9.853096008300781
92 9.399604797363281
93 10.364997863769531
94 9.604499816894531
95 10.582199096679688
96 8.9031982421875
97 9.883201599121094
98 11.067596435546875
99 11.768798828125
100 14.293899536132813
101 14.198600769042969
102 13.992698669433594
103 12.657501220703125
104 13.657699584960938
105 11.791099548339844
106 12.630104064941406
107 16.237197875976563
108 14.187301635742188
109 15.199600219726563
110 12.557594299316406
111 14.514495849609375
112 13.941505432128906
113 14.558494567871094
114 14.754600524902344
115 13.428199768066406
116 11.846702575683594
117 12.12860107421875
118 12.491104125976563
119 12.865097045898438
120 14.191795349121094
121 12.537200927734375
122 14.1759033203125
123 14.902206420898438
124 13.422706604003906
125 12.576904296875
126 16.558807373046875
127 15.258003234863281
128 16.129196166992188
129 14.510093688964844
130 13.44189453125
131 15.728904724121094
132 14.466499328613281
133 12.832000732421875
134 11.762504577636719
135 10.645904541015625
136 11.249099731445313
137 10.467399597167969
138 10.040496826171875
139 10.989295959472656
140 12.927398681640625
141 11.500801086425781
142 11.107101440429688
143 12.446907043457031
144 12.112800598144531
145 10.743301391601563
146 11.5364990234375
147 13.421401977539063
148 10.611602783203125
149 12.377098083496094
150 11.066596984863281
151 11.601303100585938
152 11.689002990722656
153 11.289299011230469
154 10.284599304199219
155 11.574699401855469
156 11.591499328613281
157 10.453399658203125
158 9.096298217773438
159 9.090896606445313
160 10.575897216796875
161 7.9665985107421875
162 10.184303283691406
163 9.294303894042969
164 8.835395812988281
165 8.108497619628906
166 11.4281005859375
167 10.190803527832031
168 11.405097961425781
169 10.393096923828125
170 12.51080322265625
171 13.042800903320313
172 13.333297729492188
173 13.443603515625
174 10.797706604003906
175 10.88330078125
176 10.604301452636719
177 12.108200073242188
178 10.631095886230469
179 10.429100036621094
180 8.936599731445313
181 10.149398803710938
182 11.229202270507813
183 10.893699645996094
184 10.987197875976563
185 10.455795288085938
186 11.729301452636719
187 12.918701171875
188 11.691902160644531
189 8.167800903320313
190 9.506401062011719
191 8.489898681640625
192 8.143402099609375
193 6.618499755859375
194 7.670295715332031
195 9.126602172851563
196 9.157096862792969
197 9.283203125
198 8.188201904296875
199 9.310005187988281
200 11.320396423339844
201 9.795303344726563
202 9.5679931640625
203 9.257102966308594
204 9.284698486328125
205 9.487594604492188
206 9.253105163574219
207 7.5272979736328125
208 7.615699768066406
209 9.895301818847656
210 8.825096130371094
211 8.6051025390625
212 9.065101623535156
213 8.166000366210938
214 10.077407836914063
215 9.795799255371094
216 7.662605285644531
217 9.147003173828125
218 9.390998840332031
219 7.065605163574219
220 6.705497741699219
221 7.1934051513671875
222 8.264305114746094
223 7.23590087890625
224 7.682502746582031
225 6.4026031494140625
226 6.2454986572265625
227 5.9308013916015625
228 6.153099060058594
229 7.252006530761719
230 8.000694274902344
231 7.27490234375
232 7.591094970703125
233 7.19219970703125
234 8.890701293945313
235 5.391998291015625
236 8.597999572753906
237 5.495597839355469
238 7.695594787597656
239 8.924797058105469
240 9.25
241 8.705902099609375
242 8.543998718261719
243 8.569801330566406
244 10.058998107910156
245 8.846702575683594
246 9.140998840332031
247 8.878501892089844
248 9.251998901367188
249 8.594802856445313
250 5.684700012207031
251 7.741302490234375
252 9.402603149414063
253 7.208503723144531
254 6.487701416015625
255 7.3925018310546875
256 6.54840087890625
257 7.99090576171875
258 7.037101745605469
259 8.965103149414063
260 7.7982025146484375
261 8.347305297851563
262 7.0135955810546875
263 7.7584991455078125
264 7.7677001953125
265 7.013099670410156
266 8.304794311523438
267 8.729202270507813
268 6.4214019775390625
269 9.827400207519531
270 9.242698669433594
271 8.811798095703125
272 8.773300170898438
273 9.434104919433594
274 8.041603088378906
275 6.155998229980469
276 7.671104431152344
277 9.081901550292969
278 8.496101379394531
279 6.493995666503906
280 7.38079833984375
281 6.9286956787109375
282 7.280303955078125
283 7.9925994873046875
284 8.453598022460938
285 8.48370361328125
286 7.554801940917969
287 6.07550048828125
288 7.158302307128906
289 9.593505859375
290 9.124702453613281
291 7.6894989013671875
292 7.117103576660156
293 8.747406005859375
294 7.738899230957031
295 7.500396728515625
296 7.947898864746094
297 7.841606140136719
298 7.672508239746094
299 5.533897399902344
300 4.494293212890625
301 6.735298156738281
302 6.265098571777344
303 7.703102111816406
304 7.986701965332031
305 7.789703369140625
306 10.072303771972656
307 6.016700744628906
308 8.97540283203125
309 7.8553924560546875
310 8.055999755859375
311 7.819999694824219
312 10.177604675292969
313 9.908897399902344
314 8.549606323242188
315 9.209197998046875
316 6.902702331542969
317 5.91009521484375
318 6.2884979248046875
319 8.71099853515625
320 9.660606384277344
321 8.726898193359375
322 9.781501770019531
323 8.680099487304688
324 8.788101196289063
325 9.303199768066406
326 7.387199401855469
327 8.289299011230469
328 9.562400817871094
329 10.91510009765625
330 10.987098693847656
331 10.210197448730469
332 10.947494506835938
333 10.808097839355469
334 12.230796813964844
335 11.453704833984375
336 10.530303955078125
337 8.466300964355469
338 10.767997741699219
339 11.584800720214844
340 11.362899780273438
341 11.57330322265625
342 11.315704345703125
343 8.478797912597656
344 7.295799255371094
345 8.375999450683594
346 8.801498413085938
347 7.382804870605469
348 7.2615966796875
349 6.417198181152344
350 7.225799560546875
351 5.774993896484375
352 6.3755035400390625
353 7.096405029296875
354 8.047203063964844
355 9.311103820800781
356 9.782196044921875
357 9.768501281738281
358 8.05560302734375
359 7.239799499511719
360 8.810203552246094
361 7.502204895019531
362 9.729904174804688
363 8.289100646972656
364 9.245803833007813
365 9.929901123046875
366 8.902694702148438
367 7.358100891113281
368 8.359298706054688
369 9.790298461914063
370 9.160003662109375
371 9.404197692871094
372 8.932998657226563
373 10.584602355957031
374 8.535102844238281
375 8.581802368164063
376 8.113601684570313
377 10.130096435546875
378 11.979499816894531
379 8.099098205566406
380 10.42230224609375
381 10.613395690917969
382 8.945304870605469
383 12.590599060058594
384 11.289604187011719
385 9.376396179199219
386 9.010696411132813
387 7.681304931640625
388 9.311805725097656
389 10.606201171875
390 11.754203796386719
391 9.193801879882813
392 10.244606018066406
393 11.163902282714844
394 9.145294189453125
395 9.62969970703125
396 11.496604919433594
397 7.957695007324219
398 10.725601196289063
399 9.272506713867188
400 10.716903686523438
401 9.189399719238281
402 8.87750244140625
403 7.646400451660156
404 9.443405151367188
405 9.136199951171875
406 9.132400512695313
407 7.2218017578125
408 10.6510009765625
409 9.759902954101563
410 9.770904541015625
411 11.84710693359375
412 9.397499084472656
413 7.7306060791015625
414 7.512397766113281
415 7.739402770996094
416 5.053398132324219
417 8.22979736328125
418 8.164108276367188
419 9.462799072265625
420 9.48370361328125
421 9.187599182128906
422 8.678108215332031
423 8.686798095703125
424 11.7655029296875
425 10.194099426269531
426 8.938301086425781
427 8.032302856445313
428 9.0126953125
429 9.758003234863281
430 9.353996276855469
431 8.307106018066406
432 10.015998840332031
433 8.399993896484375
434 8.832603454589844
435 10.149795532226563
436 12.229103088378906
437 11.22430419921875
438 8.419502258300781
439 10.379196166992188
440 11.408599853515625
441 9.346603393554688
442 9.9385986328125
443 9.017105102539063
444 11.173606872558594
445 10.1531982421875
446 10.123497009277344
447 8.256095886230469
448 9.808601379394531
449 9.210296630859375
450 9.373397827148438
451 7.6804962158203125
452 9.993400573730469
453 10.825401306152344
454 10.259407043457031
455 9.029205322265625
456 10.929298400878906
457 10.763504028320313
458 10.2655029296875
459 8.755203247070313
460 6.3047943115234375
461 7.389495849609375
462 8.949104309082031
463 9.514198303222656
464 7.308998107910156
465 6.643592834472656
466 7.746101379394531
467 10.31610107421875
468 11.519599914550781
469 11.702400207519531
470 10.292098999023438
471 9.9208984375
472 9.997100830078125
473 9.082504272460938
474 8.590499877929688
475 8.836700439453125
476 8.501991271972656
477 6.226402282714844
478 7.645500183105469
479 8.052001953125
480 7.859596252441406
481 7.487701416015625
482 7.8697967529296875
483 7.719993591308594
484 9.11669921875
485 9.812797546386719
486 8.158897399902344
487 6.719795227050781
488 6.5225067138671875
489 9.979202270507813
490 9.870201110839844
491 9.693901062011719
492 9.900497436523438
493 9.392799377441406
494 9.089202880859375
495 9.213897705078125
496 11.835800170898438
497 10.336494445800781
498 9.87860107421875
499 9.194000244140625
500 8.118003845214844
