0 26.3656005859375
1 26.36560821533203
2 30.844703674316406
3 26.76110076904297
4 19.61280059814453
5 15.790206909179688
6 17.548507690429688
7 20.648597717285156
8 21.75060272216797
9 22.91320037841797
10 19.94530487060547
11 19.871299743652344
12 24.0989990234375
13 19.524002075195313
14 16.318199157714844
15 17.761802673339844
16 12.388206481933594
17 10.513702392578125
18 11.677803039550781
19 12.344696044921875
20 12.431198120117188
21 11.156898498535156
22 7.8719024658203125
23 9.069297790527344
24 9.564094543457031
25 8.710197448730469
26 8.124603271484375
27 10.60260009765625
28 11.149002075195313
29 14.4342041015625
30 12.461006164550781
31 9.624305725097656
32 10.980705261230469
33 11.101097106933594
34 11.832199096679688
35 11.37060546875
36 11.138900756835938
37 10.14300537109375
38 10.418495178222656
39 10.017097473144531
40 8.891502380371094
41 12.001701354980469
42 8.740097045898438
43 7.906898498535156
44 9.349601745605469
45 10.356796264648438
46 9.446006774902344
47 10.639198303222656
48 9.336807250976563
49 10.996902465820313
50 8.999198913574219
51 7.4846954345703125
52 7.617897033691406
53 6.729408264160156
54 8.865898132324219
55 9.583404541015625
56 9.4407958984375
57 8.863601684570313
58 9.911308288574219
59 8.472099304199219
60 9.027198791503906
61 9.33819580078125
62 10.032600402832031
63 12.220001220703125
64 10.572601318359375
65 10.973899841308594
66 9.948997497558594
67 13.14849853515625
68 9.77020263671875
69 8.749900817871094
70 12.126602172851563
71 11.840797424316406
72 9.827194213867188
73 9.401596069335938
74 8.644798278808594
75 9.393798828125
76 7.4535064697265625
77 7.538398742675781
78 7.275001525878906
79 6.830596923828125
80 8.853096008300781
81 8.747200012207031
82 8.125503540039063
83 8.40789794921875
84 9.717796325683594
85 9.142204284667969
86 9.708595275878906
87 8.813896179199219
88 8.416603088378906
89 9.884902954101563
90 8.819602966308594
91 9.733100891113281
92 6.929595947265625
93 8.555000305175781
94 9.80450439453125
95 8.102203369140625
96 8.263198852539063
97 10.623199462890625
98 7.467597961425781
99 9.358802795410156
100 7.863899230957031
101 8.428596496582031
102 9.222702026367188
103 8.74749755859375
104 10.887702941894531
105 9.271102905273438
106 10.080101013183594
107 13.837203979492188
108 13.097305297851563
109 11.869598388671875
110 8.647598266601563
111 12.704498291015625
112 12.011497497558594
113 10.768501281738281
114 10.724601745605469
115 9.788200378417969
116 8.936698913574219
117 6.968605041503906
118 6.7510986328125
119 4.815101623535156
120 6.361793518066406
121 5.247200012207031
122 6.515899658203125
123 8.6322021484375
124 8.912704467773438
125 7.88690185546875
126 10.778800964355469
127 7.917999267578125
128 9.36920166015625
129 8.340095520019531
130 7.291900634765625
131 8.378898620605469
132 9.686500549316406
133 9.552001953125
134 11.25250244140625
135 10.405899047851563
136 9.299095153808594
137 7.52740478515625
138 8.120498657226563
139 10.489295959472656
140 10.177398681640625
141 10.990798950195313
142 9.457099914550781
143 11.88690185546875
144 12.102798461914063
145 11.733306884765625
146 9.416496276855469
147 10.161399841308594
148 7.6215972900390625
149 8.527099609375
150 9.45660400390625
151 12.801300048828125
152 9.208999633789063
153 8.819297790527344
154 5.664604187011719
155 7.25469970703125
156 7.511505126953125
157 7.5034027099609375
158 7.456298828125
159 6.99090576171875
160 9.195899963378906
161 9.486602783203125
162 7.554298400878906
163 6.744300842285156
164 9.615394592285156
165 8.868499755859375
166 10.1781005859375
167 7.880805969238281
168 10.195098876953125
169 7.7530975341796875
170 11.060806274414063
171 10.482803344726563
172 8.88330078125
173 11.703605651855469
174 5.217704772949219
175 6.553306579589844
176 6.324302673339844
177 7.048194885253906
178 8.611106872558594
179 8.119102478027344
180 5.176605224609375
181 7.599395751953125
182 7.579200744628906
183 6.85369873046875
184 4.307197570800781
185 7.185791015625
186 7.5193023681640625
187 7.508697509765625
188 7.39190673828125
189 6.267799377441406
190 5.466400146484375
191 4.389900207519531
192 6.67340087890625
193 4.8184967041015625
194 6.900299072265625
195 7.646598815917969
196 7.8871002197265625
197 7.0832061767578125
198 5.4582061767578125
199 8.280006408691406
200 8.010398864746094
201 8.485298156738281
202 9.5679931640625
203 10.577095031738281
204 11.024703979492188
205 8.697593688964844
206 6.783103942871094
207 6.627296447753906
208 9.53570556640625
209 11.685302734375
210 11.645095825195313
211 10.72509765625
212 11.605094909667969
213 10.576004028320313
214 12.307403564453125
215 10.365806579589844
216 8.492599487304688
217 10.997001647949219
218 11.921005249023438
219 10.945602416992188
220 10.005500793457031
221 8.943397521972656
222 10.194297790527344
223 10.565902709960938
224 11.272499084472656
225 8.192596435546875
226 9.895500183105469
227 10.350799560546875
228 11.393096923828125
229 11.282005310058594
230 13.010696411132813
231 8.394905090332031
232 8.401100158691406
233 9.222198486328125
234 10.040702819824219
235 6.8119964599609375
236 9.987998962402344
237 9.285598754882813
238 9.635597229003906
239 8.804801940917969
240 11.040000915527344
241 10.365898132324219
242 13.003997802734375
243 12.969795227050781
244 15.478996276855469
245 12.836700439453125
246 11.030998229980469
247 10.458503723144531
248 11.512001037597656
249 12.384811401367188
250 11.4447021484375
251 11.341300964355469
252 13.702598571777344
253 9.868499755859375
254 8.347702026367188
255 10.352500915527344
256 12.418403625488281
257 12.060897827148438
258 8.417098999023438
259 10.485107421875
260 9.048202514648438
261 10.54730224609375
262 10.783599853515625
263 9.948501586914063
264 10.127700805664063
265 8.983100891113281
266 9.164794921875
267 9.899200439453125
268 8.531402587890625
269 12.757400512695313
270 11.20269775390625
271 8.78179931640625
272 9.543296813964844
273 11.664108276367188
274 9.991600036621094
275 10.935997009277344
276 9.94110107421875
277 10.8218994140625
278 10.496101379394531
279 10.403999328613281
280 9.6907958984375
281 10.808700561523438
282 12.590309143066406
283 9.462608337402344
284 11.573593139648438
285 12.243698120117188
286 12.954803466796875
287 11.275497436523438
288 10.128303527832031
289 11.593498229980469
290 11.484703063964844
291 10.169502258300781
292 9.007102966308594
293 10.14739990234375
294 6.968902587890625
295 7.650398254394531
296 7.807899475097656
297 7.261604309082031
298 8.262504577636719
299 9.593902587890625
300 8.304298400878906
301 10.735298156738281
302 10.365097045898438
303 11.293098449707031
304 11.2467041015625
305 9.929702758789063
306 12.262298583984375
307 11.376701354980469
308 12.615402221679688
309 12.115394592285156
310 8.996002197265625
311 9.410003662109375
312 14.037605285644531
313 14.80889892578125
314 12.459602355957031
315 12.42919921875
316 13.672706604003906
317 12.050102233886719
318 10.188499450683594
319 9.84100341796875
320 11.540603637695313
321 12.916900634765625
322 10.571502685546875
323 8.090103149414063
324 8.508102416992188
325 7.5431976318359375
326 7.907203674316406
327 5.989295959472656
328 9.89239501953125
329 9.705101013183594
330 11.277099609375
331 8.980194091796875
332 12.237503051757813
333 11.658103942871094
334 11.270797729492188
335 10.253700256347656
336 8.840301513671875
337 8.296302795410156
338 10.977996826171875
339 10.444801330566406
340 10.16290283203125
341 11.19329833984375
342 9.665702819824219
343 8.018798828125
344 8.755805969238281
345 10.135993957519531
346 8.901496887207031
347 8.202796936035156
348 7.181602478027344
349 9.127204895019531
350 8.035804748535156
351 8.235000610351563
352 10.115501403808594
353 9.116401672363281
354 9.227195739746094
355 12.051101684570313
356 11.852195739746094
357 10.518501281738281
358 10.775604248046875
359 6.769798278808594
360 12.660202026367188
361 11.412200927734375
362 10.259902954101563
363 10.339096069335938
364 12.125801086425781
365 10.359909057617188
366 12.592697143554688
367 12.508094787597656
368 9.429298400878906
369 9.950294494628906
370 12.220001220703125
371 14.034202575683594
372 12.362998962402344
373 11.214599609375
374 10.47509765625
375 10.801795959472656
376 10.043601989746094
377 9.85009765625
378 12.349502563476563
379 12.119102478027344
380 11.242301940917969
381 12.533401489257813
382 9.955299377441406
383 10.2406005859375
384 11.27960205078125
385 8.986396789550781
386 7.960700988769531
387 7.361305236816406
388 5.581809997558594
389 6.5861968994140625
390 6.314201354980469
391 8.423805236816406
392 6.0146026611328125
393 7.163902282714844
394 5.345298767089844
395 5.7696990966796875
396 7.796600341796875
397 5.177696228027344
398 5.0955963134765625
399 5.592498779296875
400 6.126899719238281
401 5.299400329589844
402 7.647499084472656
403 8.046394348144531
404 5.5933990478515625
405 7.266204833984375
406 7.4423980712890625
407 8.341804504394531
408 9.601005554199219
409 9.859901428222656
410 10.0509033203125
411 9.897102355957031
412 7.6674957275390625
413 8.920600891113281
414 9.852394104003906
415 7.609397888183594
416 6.413398742675781
417 7.3397979736328125
418 7.1941070556640625
419 8.272796630859375
420 8.783699035644531
421 8.327598571777344
422 10.778099060058594
423 10.186798095703125
424 13.255508422851563
425 12.214103698730469
426 10.798301696777344
427 11.212303161621094
428 8.372695922851563
429 10.818000793457031
430 12.793998718261719
431 8.727104187011719
432 10.495994567871094
433 11.840003967285156
434 10.192604064941406
435 10.289794921875
436 10.709098815917969
437 9.254302978515625
438 8.159500122070313
439 8.7991943359375
440 11.048599243164063
441 10.096603393554688
442 7.568603515625
443 8.107101440429688
444 9.433601379394531
445 8.813194274902344
446 9.453498840332031
447 7.9561004638671875
448 8.318603515625
449 6.720298767089844
450 7.513397216796875
451 9.530494689941406
452 7.553398132324219
453 9.265403747558594
454 11.369407653808594
455 8.289207458496094
456 8.439300537109375
457 8.993507385253906
458 9.075508117675781
459 7.8451995849609375
460 8.204795837402344
461 6.649497985839844
462 8.51910400390625
463 6.1641998291015625
464 4.90899658203125
465 6.303596496582031
466 4.8760986328125
467 7.18609619140625
468 10.569602966308594
469 10.662399291992188
470 9.652099609375
471 8.160903930664063
472 8.127098083496094
473 6.762504577636719
474 9.630500793457031
475 8.056709289550781
476 10.941993713378906
477 9.876396179199219
478 9.245506286621094
479 7.092002868652344
480 7.379600524902344
481 7.5677032470703125
482 5.939796447753906
483 7.92999267578125
484 10.176704406738281
485 9.472801208496094
486 9.428901672363281
487 10.879798889160156
488 12.462501525878906
489 12.099205017089844
490 10.540199279785156
491 11.113899230957031
492 12.000503540039063
493 11.062797546386719
494 7.399200439453125
495 6.68389892578125
496 8.765792846679688
497 6.306495666503906
498 9.168601989746094
499 8.504005432128906
500 8.728004455566406
