0 15.005607604980469
1 15.005599975585938
2 16.18470001220703
3 14.751106262207031
4 11.032798767089844
5 6.990203857421875
6 9.488502502441406
7 6.898597717285156
8 11.290603637695313
9 10.753204345703125
10 7.955299377441406
11 7.391304016113281
12 8.328994750976563
13 6.28399658203125
14 8.068199157714844
15 4.551795959472656
16 2.0182037353515625
17 -0.176300048828125
18 0.14780426025390625
19 1.50469970703125
20 1.011199951171875
21 2.9468994140625
22 3.8719024658203125
23 1.1092987060546875
24 2.8640975952148438
25 2.1202011108398438
26 -0.315399169921875
27 1.7425994873046875
28 1.28900146484375
29 5.8842010498046875
30 3.2809982299804688
31 3.2742996215820313
32 3.380706787109375
33 3.6511001586914063
34 2.2822036743164063
35 0.09059906005859375
36 1.278900146484375
37 0.5530014038085938
38 1.7985000610351563
39 -0.8329010009765625
40 -1.0384979248046875
41 1.6917037963867188
42 0.20009613037109375
43 0.6568984985351563
44 3.5796051025390625
45 4.696800231933594
46 1.1660003662109375
47 2.2491989135742188
48 2.03680419921875
49 1.3368988037109375
50 2.279205322265625
51 -0.26529693603515625
52 0.41790008544921875
53 -0.110595703125
54 2.6359024047851563
55 1.67340087890625
56 0.2707977294921875
57 1.283599853515625
58 2.9713058471679688
59 4.402099609375
60 4.097198486328125
61 3.4181976318359375
62 3.6426010131835938
63 3.029998779296875
64 3.4525985717773438
65 6.393898010253906
66 3.5489959716796875
67 4.328498840332031
68 0.6202011108398438
69 1.4698944091796875
70 2.8965911865234375
71 1.7108001708984375
72 -0.81280517578125
73 0.8916015625
74 0.884796142578125
75 1.6637954711914063
76 1.2235031127929688
77 0.4683990478515625
78 1.0849990844726563
79 0.29059600830078125
80 1.8230972290039063
81 1.787200927734375
82 0.9055023193359375
83 -0.7321014404296875
84 1.1577987670898438
85 0.8022003173828125
86 2.2385940551757813
87 2.5338973999023438
88 1.6666030883789063
89 0.4149017333984375
90 0.18959808349609375
91 -0.47690582275390625
92 -1.5204010009765625
93 0.24500274658203125
94 -1.1155014038085938
95 -0.587799072265625
96 -1.7068023681640625
97 -0.376800537109375
98 0.0576019287109375
99 1.5088043212890625
100 3.3839035034179688
101 3.218597412109375
102 3.1827011108398438
103 1.7375030517578125
104 3.057708740234375
105 1.3610992431640625
106 2.04010009765625
107 4.9571990966796875
108 4.397300720214844
109 3.8495941162109375
110 1.0876007080078125
111 4.024497985839844
112 3.7115020751953125
113 4.028495788574219
114 4.064598083496094
115 3.158203125
116 1.5766983032226563
117 0.87860107421875
118 1.3210983276367188
119 1.635101318359375
120 3.2917938232421875
121 1.94720458984375
122 2.5658950805664063
123 2.9822006225585938
124 2.3427047729492188
125 0.5669097900390625
126 4.5688018798828125
127 2.9780044555664063
128 3.5492019653320313
129 2.5800933837890625
130 1.601898193359375
131 4.2489013671875
132 3.4264907836914063
133 1.891998291015625
134 0.7724990844726563
135 -0.4640960693359375
136 0.12909698486328125
137 -0.882598876953125
138 -0.589508056640625
139 -0.000701904296875
140 0.6974029541015625
141 0.160797119140625
142 0.3271026611328125
143 0.7668991088867188
144 1.022796630859375
145 0.483306884765625
146 -0.0735015869140625
147 2.3313980102539063
148 -0.2783966064453125
149 0.3271026611328125
150 0.6865997314453125
151 2.0713043212890625
152 2.009002685546875
153 0.25930023193359375
154 -1.6953964233398438
155 -0.025299072265625
156 0.11150360107421875
157 -0.7465972900390625
158 -0.9737014770507813
159 -1.6290969848632813
160 -0.0341033935546875
161 -2.2133941650390625
162 -1.2056961059570313
163 -0.7657012939453125
164 -0.7546005249023438
165 -1.4114990234375
166 0.7780990600585938
167 0.9008026123046875
168 0.8151016235351563
169 -0.8668975830078125
170 2.0307998657226563
171 2.3628005981445313
172 1.1232986450195313
173 2.783599853515625
174 -1.04229736328125
175 -1.0666961669921875
176 -1.3357009887695313
177 0.37819671630859375
178 -0.31890106201171875
179 0.0590972900390625
180 -2.763397216796875
181 -1.43060302734375
182 -1.0607986450195313
183 -0.64630126953125
184 -1.092803955078125
185 -1.6842041015625
186 -1.1007003784179688
187 -0.2113037109375
188 -1.0080947875976563
189 -2.412200927734375
190 -1.8336029052734375
191 -3.700103759765625
192 -2.8165969848632813
193 -4.10150146484375
194 -3.0097007751464844
195 -2.2733993530273438
196 -1.5928955078125
197 -2.2967987060546875
198 -1.841796875
199 -0.6399993896484375
200 -0.059600830078125
201 -1.0847015380859375
202 -2.272003173828125
203 -0.7829055786132813
204 -0.275299072265625
205 -0.29239654541015625
206 -1.4068984985351563
207 -3.1127052307128906
208 -1.71429443359375
209 0.03530120849609375
210 -1.1249008178710938
211 -0.8248977661132813
212 -0.36490631103515625
213 -1.1439971923828125
214 0.247406005859375
215 -0.7042007446289063
216 -3.3673973083496094
217 -0.9629974365234375
218 0.36100006103515625
219 -1.3143997192382813
220 -2.7045021057128906
221 -3.0065994262695313
222 -1.4656982421875
223 -2.0340957641601563
224 -1.2874984741210938
225 -3.657398223876953
226 -2.9745025634765625
227 -3.61920166015625
228 -3.226898193359375
229 -2.2679977416992188
230 -1.09930419921875
231 -3.0951004028320313
232 -3.4888992309570313
233 -2.6577987670898438
234 -1.7392959594726563
235 -4.238002777099609
236 -1.4619979858398438
237 -3.014404296875
238 -1.9444046020507813
239 -2.63519287109375
240 -0.6800003051757813
241 -2.234100341796875
242 -0.7760009765625
243 -0.800201416015625
244 0.8089981079101563
245 -1.8732986450195313
246 -1.509002685546875
247 -1.9214935302734375
248 -1.0680007934570313
249 -0.4051971435546875
250 -2.905303955078125
251 -1.8787002563476563
252 0.85260009765625
253 -1.7615013122558594
254 -3.1522979736328125
255 -1.3375015258789063
256 -2.0615997314453125
257 -1.1290969848632813
258 -2.3928985595703125
259 -1.0048980712890625
260 -2.4718017578125
261 -2.4926986694335938
262 -3.1464004516601563
263 -1.6214981079101563
264 -0.8322982788085938
265 -3.3668975830078125
266 -3.0352020263671875
267 -1.910797119140625
268 -3.9386024475097656
269 -0.2926025390625
270 -1.077301025390625
271 -3.3382034301757813
272 -1.7266998291015625
273 -1.0858993530273438
274 -2.7183990478515625
275 -2.91400146484375
276 -1.92889404296875
277 -0.9381027221679688
278 -2.243896484375
279 -3.6360015869140625
280 -4.149200439453125
281 -2.7113037109375
282 -2.3596954345703125
283 -2.5073928833007813
284 -2.56640625
285 -1.2562942504882813
286 -1.4952011108398438
287 -3.2845001220703125
288 -3.1216964721679688
289 -0.6464996337890625
290 -2.1952972412109375
291 -3.6004981994628906
292 -4.502899169921875
293 -2.5925979614257813
294 -5.071102142333984
295 -4.939605712890625
296 -3.372100830078125
297 -3.91839599609375
298 -4.007495880126953
299 -3.476104736328125
300 -4.385704040527344
301 -2.664703369140625
302 -2.6149063110351563
303 -2.3968963623046875
304 -0.973297119140625
305 -2.7403030395507813
306 -0.03769683837890625
307 -2.4533004760742188
308 -1.4445953369140625
309 -1.1746063232421875
310 -3.3740005493164063
311 -2.0099945068359375
312 1.4176025390625
313 0.26889801025390625
314 -0.3603973388671875
315 -0.540802001953125
316 -1.7872962951660156
317 -2.45989990234375
318 -2.871501922607422
319 -2.28900146484375
320 -1.3293991088867188
321 -0.7031021118164063
322 0.05150604248046875
323 -1.8199005126953125
324 -2.8319015502929688
325 -0.90679931640625
326 -3.0727996826171875
327 -3.720703125
328 -0.5976028442382813
329 -0.7248992919921875
330 0.5970993041992188
331 -1.889801025390625
332 -1.0125045776367188
333 -0.36190032958984375
334 -0.4192047119140625
335 -0.49629974365234375
336 -1.3596954345703125
337 -1.9836959838867188
338 -0.022003173828125
339 0.5848007202148438
340 -0.367095947265625
341 0.37329864501953125
342 0.36569976806640625
343 -0.7512054443359375
344 -2.7941970825195313
345 -2.3040008544921875
346 -2.2985000610351563
347 -3.81719970703125
348 -4.868400573730469
349 -3.7027969360351563
350 -3.6941986083984375
351 -4.155002593994141
352 -2.8544998168945313
353 -2.393596649169922
354 -1.7128067016601563
355 -0.32889556884765625
356 -0.1378021240234375
357 -1.381500244140625
358 -2.6043968200683594
359 -5.77020263671875
360 -1.3797988891601563
361 -1.8377952575683594
362 -1.6301002502441406
363 -1.6309051513671875
364 -0.6941986083984375
365 -0.4700927734375
366 -1.0572967529296875
367 -1.8219070434570313
368 -2.5706939697265625
369 -2.229705810546875
370 -0.7099990844726563
371 0.4741973876953125
372 -0.3470001220703125
373 0.5645980834960938
374 -1.5449066162109375
375 -1.0582046508789063
376 -2.0564041137695313
377 -1.4399032592773438
378 0.6295013427734375
379 -0.950897216796875
380 0.8423004150390625
381 1.0634002685546875
382 -0.5846939086914063
383 1.6106033325195313
384 0.9795989990234375
385 -1.3436050415039063
386 -3.379302978515625
387 -3.5786972045898438
388 -3.6481971740722656
389 -2.3137969970703125
390 -1.94580078125
391 -2.3361968994140625
392 -2.1854019165039063
393 -0.9561004638671875
394 -3.4047012329101563
395 -2.8502960205078125
396 -1.013397216796875
397 -4.212303161621094
398 -2.5944061279296875
399 -3.5074920654296875
400 -3.0030975341796875
401 -4.480598449707031
402 -3.2124977111816406
403 -3.643604278564453
404 -3.3666000366210938
405 -3.1837997436523438
406 -3.5176010131835938
407 -3.6482009887695313
408 -0.6489944458007813
409 -2.0901031494140625
410 -2.1591033935546875
411 -0.8228988647460938
412 -3.082500457763672
413 -2.9193954467773438
414 -3.2276039123535156
415 -3.8205947875976563
416 -5.886600494384766
417 -3.5802040100097656
418 -3.2458953857421875
419 -2.4372024536132813
420 -1.0962982177734375
421 -1.9824066162109375
422 -1.1718978881835938
423 -1.4832000732421875
424 1.6155014038085938
425 0.174102783203125
426 -1.80169677734375
427 -1.9776992797851563
428 -1.8373031616210938
429 -2.1819992065429688
430 -1.186004638671875
431 -3.0528945922851563
432 -1.444000244140625
433 -1.9499969482421875
434 -1.3073959350585938
435 -1.6801986694335938
436 0.7690963745117188
437 -0.5656967163085938
438 -2.9005050659179688
439 -0.730804443359375
440 0.00859832763671875
441 -1.3634033203125
442 -0.8914031982421875
443 -1.2528915405273438
444 1.50360107421875
445 -0.53680419921875
446 -1.3365020751953125
447 -2.343902587890625
448 -1.6613960266113281
449 -1.4597015380859375
450 -1.4665985107421875
451 -3.17950439453125
452 -1.4065933227539063
453 -0.184600830078125
454 0.29940032958984375
455 -1.5008010864257813
456 -1.0906982421875
457 0.093505859375
458 -0.2344970703125
459 -1.5647964477539063
460 -2.835205078125
461 -3.7405014038085938
462 -1.6708984375
463 -2.285797119140625
464 -4.631004333496094
465 -3.2064056396484375
466 -4.243900299072266
467 -1.8239021301269531
468 -0.34040069580078125
469 0.6024017333984375
470 -0.6179046630859375
471 -1.4391021728515625
472 -1.5929031372070313
473 -3.0074996948242188
474 -2.1894989013671875
475 -2.19329833984375
476 -1.0080032348632813
477 -2.193603515625
478 -1.92449951171875
479 -2.6880035400390625
480 -2.5904006958007813
481 -3.3423004150390625
482 -3.750202178955078
483 -3.0000038146972656
484 -1.7632980346679688
485 -1.3472061157226563
486 -2.101104736328125
487 -2.0802001953125
488 -2.3174972534179688
489 0.73919677734375
490 -0.33980560302734375
491 -0.3661041259765625
492 0.1504974365234375
493 -0.7972030639648438
494 -3.090801239013672
495 -2.8861007690429688
496 -1.4041976928710938
497 -2.3434982299804688
498 -2.0513954162597656
499 -2.7360000610351563
500 -2.86199951171875
