0 20.785606384277344
1 20.785598754882813
2 20.234703063964844
3 19.82110595703125
4 20.62279510498047
5 16.09020233154297
6 17.918502807617188
7 17.588600158691406
8 20.200607299804688
9 20.633209228515625
10 18.285301208496094
11 21.121299743652344
12 19.40899658203125
13 21.214004516601563
14 22.198204040527344
15 20.551795959472656
16 20.428199768066406
17 17.78369903564453
18 16.667808532714844
19 17.484703063964844
20 13.661201477050781
21 14.536895751953125
22 16.171905517578125
23 13.159294128417969
24 14.924095153808594
25 14.200202941894531
26 13.274604797363281
27 12.872596740722656
28 12.279006958007813
29 14.574203491210938
30 11.991004943847656
31 11.744300842285156
32 11.650703430175781
33 10.931098937988281
34 10.622200012207031
35 10.31060791015625
36 11.488906860351563
37 10.813003540039063
38 12.188499450683594
39 10.367095947265625
40 8.821502685546875
41 11.641708374023438
42 10.270103454589844
43 9.746902465820313
44 10.889602661132813
45 10.616798400878906
46 9.71600341796875
47 10.35919189453125
48 10.986801147460938
49 11.286903381347656
50 12.249198913574219
51 9.034698486328125
52 10.247894287109375
53 9.769401550292969
54 12.455902099609375
55 12.763404846191406
56 12.230796813964844
57 13.263603210449219
58 11.441307067871094
59 12.762100219726563
60 10.597198486328125
61 12.668197631835938
62 11.612602233886719
63 11.370002746582031
64 9.772598266601563
65 12.493896484375
66 12.008995056152344
67 12.548500061035156
68 11.860198974609375
69 11.239898681640625
70 11.336601257324219
71 7.640800476074219
72 7.7671966552734375
73 10.301597595214844
74 10.85479736328125
75 10.543792724609375
76 11.033500671386719
77 12.198394775390625
78 13.105003356933594
79 11.570602416992188
80 11.773094177246094
81 13.107200622558594
82 11.525497436523438
83 10.027900695800781
84 10.8677978515625
85 11.532203674316406
86 13.158599853515625
87 13.253898620605469
88 12.666603088378906
89 11.884902954101563
90 10.449600219726563
91 9.0531005859375
92 8.769599914550781
93 12.014999389648438
94 12.034500122070313
95 10.222206115722656
96 9.793197631835938
97 11.693199157714844
98 10.127601623535156
99 9.668800354003906
100 14.163909912109375
101 15.728599548339844
102 16.742706298828125
103 13.477500915527344
104 16.877700805664063
105 14.991096496582031
106 16.460098266601563
107 20.097206115722656
108 15.6072998046875
109 16.609596252441406
110 14.667594909667969
111 14.664505004882813
112 14.231498718261719
113 14.868499755859375
114 11.974601745605469
115 13.718208312988281
116 11.9967041015625
117 10.758598327636719
118 10.771102905273438
119 11.595100402832031
120 13.081794738769531
121 11.897201538085938
122 12.355903625488281
123 12.622200012207031
124 11.882705688476563
125 10.996902465820313
126 14.938804626464844
127 13.248001098632813
128 15.689201354980469
129 13.030097961425781
130 11.721893310546875
131 12.68890380859375
132 13.546493530273438
133 12.391998291015625
134 13.362503051757813
135 13.095901489257813
136 12.129096984863281
137 12.797401428222656
138 10.1304931640625
139 13.669296264648438
140 14.537399291992188
141 13.280799865722656
142 13.257102966308594
143 14.326896667480469
144 13.722801208496094
145 14.953300476074219
146 15.106498718261719
147 14.861396789550781
148 14.731597900390625
149 15.96710205078125
150 15.096603393554688
151 16.51129913330078
152 15.208999633789063
153 14.449302673339844
154 12.894599914550781
155 15.084701538085938
156 13.421501159667969
157 12.873397827148438
158 12.906295776367188
159 14.980903625488281
160 16.595901489257813
161 14.606597900390625
162 15.884300231933594
163 18.47429656982422
164 17.675392150878906
165 17.678504943847656
166 18.42810821533203
167 17.090805053710938
168 16.375099182128906
169 16.213104248046875
170 19.240806579589844
171 18.332801818847656
172 15.783294677734375
173 16.20360565185547
174 13.767707824707031
175 13.903297424316406
176 12.22430419921875
177 14.238197326660156
178 13.57110595703125
179 14.3291015625
180 13.616600036621094
181 14.959403991699219
182 15.109207153320313
183 15.023696899414063
184 14.377197265625
185 13.365798950195313
186 15.149299621582031
187 16.48870086669922
188 15.551902770996094
189 14.777801513671875
190 15.276405334472656
191 12.7698974609375
192 12.723403930664063
193 12.658500671386719
194 13.380294799804688
195 15.746604919433594
196 13.687103271484375
197 14.603202819824219
198 16.66820526123047
199 15.94000244140625
200 17.0404052734375
201 14.025299072265625
202 12.767997741699219
203 15.857093811035156
204 15.114700317382813
205 15.547599792480469
206 15.353103637695313
207 13.947296142578125
208 15.185707092285156
209 17.075302124023438
210 15.875099182128906
211 16.11510467529297
212 14.815101623535156
213 15.826004028320313
214 16.64740753173828
215 15.235801696777344
216 11.142601013183594
217 14.847007751464844
218 14.161003112792969
219 13.705596923828125
220 11.305496215820313
221 12.883407592773438
222 14.044303894042969
223 14.135902404785156
224 15.332504272460938
225 11.972602844238281
226 12.785499572753906
227 10.220802307128906
228 12.243095397949219
229 13.172004699707031
230 15.90069580078125
231 13.204902648925781
232 11.19110107421875
233 16.222198486328125
234 15.040695190429688
235 12.902000427246094
236 14.057998657226563
237 11.92559814453125
238 13.945602416992188
239 11.204803466796875
240 12.510002136230469
241 12.075904846191406
242 14.834007263183594
243 11.749801635742188
244 14.278999328613281
245 13.226699829101563
246 12.230995178222656
247 9.828506469726563
248 13.381996154785156
249 15.814804077148438
250 11.124702453613281
251 13.331306457519531
252 16.04259490966797
253 14.518501281738281
254 13.847702026367188
255 15.872505187988281
256 13.448394775390625
257 16.0509033203125
258 14.757095336914063
259 15.3551025390625
260 14.178192138671875
261 13.737297058105469
262 12.943595886230469
263 15.978500366210938
264 13.797698974609375
265 10.3031005859375
266 11.834800720214844
267 8.689201354980469
268 8.571403503417969
269 10.227401733398438
270 8.972702026367188
271 9.091796875
272 11.903297424316406
273 11.194107055664063
274 9.561599731445313
275 7.6959991455078125
276 8.101104736328125
277 11.0718994140625
278 8.376106262207031
279 9.274002075195313
280 8.790794372558594
281 9.138694763183594
282 9.010307312011719
283 9.272605895996094
284 8.263595581054688
285 8.633705139160156
286 6.914802551269531
287 6.655494689941406
288 7.798301696777344
289 10.2135009765625
290 10.034698486328125
291 8.809501647949219
292 7.567108154296875
293 7.847404479980469
294 7.978904724121094
295 6.9904022216796875
296 10.877899169921875
297 9.121597290039063
298 9.702499389648438
299 8.033897399902344
300 7.114295959472656
301 9.595298767089844
302 8.825096130371094
303 10.173103332519531
304 11.836700439453125
305 10.109703063964844
306 12.272300720214844
307 9.386703491210938
308 10.575401306152344
309 11.005393981933594
310 10.115997314453125
311 12.120002746582031
312 11.9176025390625
313 12.728897094726563
314 10.179603576660156
315 10.509201049804688
316 9.882705688476563
317 9.410102844238281
318 9.438499450683594
319 11.34100341796875
320 10.850601196289063
321 11.666900634765625
322 12.181503295898438
323 9.200103759765625
324 10.168106079101563
325 11.883201599121094
326 9.987205505371094
327 10.639297485351563
328 9.002403259277344
329 11.635101318359375
330 11.08709716796875
331 10.530197143554688
332 10.707504272460938
333 11.568099975585938
334 12.38079833984375
335 12.1737060546875
336 10.780303955078125
337 9.416297912597656
338 11.678001403808594
339 11.644798278808594
340 12.742904663085938
341 10.043296813964844
342 8.595695495605469
343 7.808799743652344
344 8.305801391601563
345 6.8560028076171875
346 8.981498718261719
347 8.912803649902344
348 9.151603698730469
349 7.9272003173828125
350 10.5758056640625
351 10.224998474121094
352 8.435501098632813
353 8.776405334472656
354 8.877197265625
355 10.57110595703125
356 10.31219482421875
357 10.418495178222656
358 11.495597839355469
359 9.299797058105469
360 10.8302001953125
361 11.902206420898438
362 10.909904479980469
363 11.25909423828125
364 11.865806579589844
365 13.2799072265625
366 11.45269775390625
367 10.278099060058594
368 10.379295349121094
369 9.560302734375
370 11.69000244140625
371 10.964202880859375
372 11.663002014160156
373 12.534599304199219
374 12.41510009765625
375 10.771797180175781
376 10.293601989746094
377 9.820098876953125
378 10.939498901367188
379 10.63909912109375
380 11.42230224609375
381 10.413398742675781
382 9.99530029296875
383 9.570602416992188
384 10.819595336914063
385 10.766395568847656
386 10.720703125
387 10.871299743652344
388 10.531806945800781
389 10.326202392578125
390 10.464202880859375
391 11.863807678222656
392 9.0946044921875
393 11.093902587890625
394 9.785301208496094
395 9.339698791503906
396 12.096603393554688
397 10.787696838378906
398 11.845596313476563
399 12.372505187988281
400 13.486900329589844
401 11.07940673828125
402 11.347503662109375
403 10.636398315429688
404 9.063400268554688
405 9.536201477050781
406 10.872398376464844
407 8.941802978515625
408 9.421005249023438
409 9.129905700683594
410 11.160903930664063
411 11.507102966308594
412 9.047500610351563
413 11.420600891113281
414 10.532402038574219
415 8.809402465820313
416 8.1033935546875
417 9.179794311523438
418 8.374099731445313
419 9.902801513671875
420 10.773696899414063
421 8.917594909667969
422 10.078102111816406
423 10.086799621582031
424 11.32550048828125
425 10.084098815917969
426 7.548301696777344
427 9.17230224609375
428 10.662704467773438
429 11.498001098632813
430 12.293998718261719
431 10.357101440429688
432 12.035995483398438
433 10.439994812011719
434 9.172599792480469
435 9.489799499511719
436 12.899101257324219
437 11.424301147460938
438 7.199501037597656
439 9.099197387695313
440 12.178596496582031
441 9.466598510742188
442 8.788604736328125
443 9.477104187011719
444 9.213607788085938
445 9.473197937011719
446 10.693496704101563
447 9.586097717285156
448 10.238609313964844
449 9.970298767089844
450 10.793403625488281
451 9.970497131347656
452 12.333404541015625
453 11.885398864746094
454 11.469398498535156
455 9.049201965332031
456 10.709304809570313
457 12.133506774902344
458 11.095504760742188
459 9.185203552246094
460 7.5247955322265625
461 8.099502563476563
462 8.799102783203125
463 8.814201354980469
464 7.678993225097656
465 8.393600463867188
466 7.4561004638671875
467 9.276100158691406
468 10.909599304199219
469 12.192398071289063
470 11.59210205078125
471 9.800895690917969
472 11.027091979980469
473 10.862503051757813
474 9.770500183105469
475 9.286705017089844
476 10.6719970703125
477 8.776397705078125
478 9.225502014160156
479 8.74200439453125
480 8.749595642089844
481 8.597702026367188
482 9.47979736328125
483 8.029998779296875
484 10.076705932617188
485 11.2427978515625
486 10.038902282714844
487 9.319801330566406
488 9.272506713867188
489 11.859199523925781
490 11.860198974609375
491 10.583900451660156
492 11.250503540039063
493 11.18280029296875
494 8.079200744628906
495 9.883903503417969
496 10.0657958984375
497 9.2864990234375
498 10.668601989746094
499 9.7239990234375
500 9.447998046875
