0 17.93560791015625
1 17.93560028076172
2 19.924705505371094
3 20.20111083984375
4 19.4927978515625
5 14.000205993652344
6 16.41851043701172
7 13.388595581054688
8 18.67059326171875
9 17.263198852539063
10 16.015296936035156
11 15.081306457519531
12 14.428993225097656
13 13.10400390625
14 15.338203430175781
15 11.941802978515625
16 9.96820068359375
17 7.253700256347656
18 7.80780029296875
19 10.13470458984375
20 8.961196899414063
21 10.656898498535156
22 12.001907348632813
23 9.519302368164063
24 10.474098205566406
25 10.980201721191406
26 7.974601745605469
27 9.812599182128906
28 9.569000244140625
29 13.414207458496094
30 10.130996704101563
31 11.104301452636719
32 10.580703735351563
33 10.351104736328125
34 10.162200927734375
35 8.100601196289063
36 9.12890625
37 7.9530029296875
38 9.728500366210938
39 7.0771026611328125
40 6.471504211425781
41 9.821701049804688
42 8.570098876953125
43 8.816902160644531
44 11.699600219726563
45 11.786796569824219
46 8.586006164550781
47 8.559196472167969
48 9.996803283691406
49 8.016899108886719
50 9.0592041015625
51 7.954704284667969
52 7.977897644042969
53 7.649406433105469
54 9.695899963378906
55 8.993400573730469
56 8.260795593261719
57 9.483596801757813
58 10.231307983398438
59 11.242095947265625
60 11.347198486328125
61 11.038200378417969
62 11.212600708007813
63 10.650001525878906
64 11.322593688964844
65 13.713897705078125
66 11.488998413085938
67 12.158500671386719
68 9.070198059082031
69 10.189895629882813
70 10.926597595214844
71 9.420799255371094
72 7.927192687988281
73 9.271598815917969
74 9.324798583984375
75 9.543800354003906
76 8.953506469726563
77 9.218399047851563
78 9.855003356933594
79 8.510597229003906
80 9.713096618652344
81 10.187202453613281
82 9.395500183105469
83 6.937904357910156
84 8.887794494628906
85 8.32220458984375
86 10.418601989746094
87 11.483901977539063
88 9.82659912109375
89 9.204902648925781
90 8.659599304199219
91 7.793098449707031
92 6.6696014404296875
93 7.924995422363281
94 7.314506530761719
95 7.872200012207031
96 6.373199462890625
97 7.4232025146484375
98 8.157600402832031
99 9.258804321289063
100 10.793899536132813
101 10.558601379394531
102 10.732704162597656
103 9.927497863769531
104 10.587699890136719
105 9.111099243164063
106 9.660102844238281
107 13.107200622558594
108 11.657302856445313
109 12.289604187011719
110 9.337593078613281
111 11.534500122070313
112 11.081504821777344
113 11.368499755859375
114 12.02459716796875
115 10.618202209472656
116 8.886703491210938
117 8.818603515625
118 9.171104431152344
119 9.445098876953125
120 10.681800842285156
121 9.167205810546875
122 10.815895080566406
123 12.032196044921875
124 10.562705993652344
125 9.7069091796875
126 13.168807983398438
127 12.017997741699219
128 12.639205932617188
129 11.190093994140625
130 10.471893310546875
131 12.368896484375
132 11.626495361328125
133 9.811996459960938
134 9.032501220703125
135 7.635902404785156
136 8.279098510742188
137 7.497398376464844
138 7.190498352050781
139 8.459297180175781
140 9.937400817871094
141 8.720802307128906
142 8.137100219726563
143 9.216896057128906
144 9.212799072265625
145 8.233306884765625
146 8.506500244140625
147 10.211402893066406
148 7.7216033935546875
149 9.047103881835938
150 8.056594848632813
151 9.281303405761719
152 8.808998107910156
153 8.389297485351563
154 6.994606018066406
155 8.424697875976563
156 8.491500854492188
157 7.3634033203125
158 6.206298828125
159 6.0509033203125
160 7.5458984375
161 5.5166015625
162 7.164299011230469
163 6.3643035888671875
164 6.415397644042969
165 5.638496398925781
166 8.778106689453125
167 7.4008026123046875
168 8.66510009765625
169 7.523101806640625
170 9.240798950195313
171 9.762802124023438
172 10.083297729492188
173 10.353599548339844
174 7.517707824707031
175 7.63330078125
176 7.2042999267578125
177 8.668197631835938
178 7.731101989746094
179 7.819099426269531
180 5.636604309082031
181 7.239402770996094
182 7.8892059326171875
183 7.573699951171875
184 7.4272003173828125
185 7.5657958984375
186 8.459297180175781
187 9.608695983886719
188 8.471900939941406
189 5.0478057861328125
190 6.316398620605469
191 5.0699005126953125
192 5.013404846191406
193 3.5384979248046875
194 4.5702972412109375
195 6.32659912109375
196 6.187103271484375
197 6.183204650878906
198 5.6381988525390625
199 6.8000030517578125
200 8.110397338867188
201 6.585296630859375
202 7.077995300292969
203 6.827095031738281
204 6.664703369140625
205 6.497596740722656
206 6.2931060791015625
207 4.4673004150390625
208 5.145698547363281
209 7.315299987792969
210 6.095100402832031
211 5.985099792480469
212 6.9250946044921875
213 5.9160003662109375
214 7.427406311035156
215 6.855796813964844
216 4.942596435546875
217 6.137001037597656
218 7.061004638671875
219 4.645599365234375
220 4.015495300292969
221 4.343406677246094
222 5.694297790527344
223 4.695899963378906
224 5.5825042724609375
225 3.632598876953125
226 3.6255035400390625
227 3.3908004760742188
228 3.9330978393554688
229 4.782005310058594
230 5.710693359375
231 4.474906921386719
232 4.661094665527344
233 4.7422027587890625
234 6.060699462890625
235 2.582000732421875
236 5.568000793457031
237 3.0055999755859375
238 4.885597229003906
239 5.904808044433594
240 6.599998474121094
241 5.8459014892578125
242 6.243995666503906
243 6.0298004150390625
244 7.438995361328125
245 6.316703796386719
246 6.280998229980469
247 5.988502502441406
248 6.451995849609375
249 6.224800109863281
250 3.164703369140625
251 5.201301574707031
252 7.032600402832031
253 4.468498229980469
254 3.8777008056640625
255 5.102500915527344
256 4.4783935546875
257 5.3209075927734375
258 4.287101745605469
259 5.975105285644531
260 4.748199462890625
261 5.6573028564453125
262 4.283599853515625
263 4.868499755859375
264 5.277702331542969
265 4.213104248046875
266 5.4347991943359375
267 5.639198303222656
268 3.3213958740234375
269 7.437400817871094
270 6.4626922607421875
271 5.631797790527344
272 5.823295593261719
273 6.7241058349609375
274 5.2516021728515625
275 3.9059982299804688
276 5.171104431152344
277 6.331901550292969
278 5.56610107421875
279 3.7939987182617188
280 4.200798034667969
281 4.518699645996094
282 5.030303955078125
283 5.3726043701171875
284 6.073600769042969
285 6.273704528808594
286 5.364799499511719
287 4.255500793457031
288 4.858299255371094
289 6.9835052490234375
290 6.5547027587890625
291 5.1894989013671875
292 4.367103576660156
293 5.867401123046875
294 4.618904113769531
295 4.6103973388671875
296 4.8278961181640625
297 4.741607666015625
298 4.6425018310546875
299 3.1738967895507813
300 2.1042938232421875
301 4.065299987792969
302 3.9050979614257813
303 4.8831024169921875
304 5.4167022705078125
305 5.169700622558594
306 7.692298889160156
307 4.36669921875
308 6.625404357910156
309 5.4853973388671875
310 5.4160003662109375
311 5.370002746582031
312 8.207603454589844
313 7.988899230957031
314 6.499603271484375
315 6.919197082519531
316 5.4427032470703125
317 4.370094299316406
318 4.3484954833984375
319 6.22100830078125
320 7.020606994628906
321 6.766899108886719
322 7.4315032958984375
323 6.090095520019531
324 6.3480987548828125
325 6.623199462890625
326 4.477203369140625
327 5.529296875
328 6.742401123046875
329 7.97509765625
330 8.437103271484375
331 7.540199279785156
332 8.397499084472656
333 8.308097839355469
334 9.550796508789063
335 8.273696899414063
336 7.680305480957031
337 5.876304626464844
338 8.127998352050781
339 9.074806213378906
340 8.612899780273438
341 8.873298645019531
342 8.685699462890625
343 6.538795471191406
344 5.0258026123046875
345 5.575996398925781
346 6.121498107910156
347 4.772804260253906
348 4.20159912109375
349 4.097198486328125
350 4.19580078125
351 3.3249969482421875
352 3.9654998779296875
353 4.4364013671875
354 5.897193908691406
355 6.94110107421875
356 7.412193298339844
357 6.908500671386719
358 5.545600891113281
359 4.709800720214844
360 6.600196838378906
361 5.002204895019531
362 7.389900207519531
363 5.639091491699219
364 7.095802307128906
365 7.3199005126953125
366 6.572700500488281
367 5.458099365234375
368 6.0193023681640625
369 6.950294494628906
370 6.6699981689453125
371 7.404197692871094
372 6.892997741699219
373 8.604598999023438
374 6.375099182128906
375 6.051795959472656
376 5.50360107421875
377 7.3000946044921875
378 9.339500427246094
379 6.339103698730469
380 8.092300415039063
381 8.29339599609375
382 6.845298767089844
383 9.890602111816406
384 8.859603881835938
385 6.526397705078125
386 6.2006988525390625
387 4.731300354003906
388 6.281806945800781
389 7.8061981201171875
390 9.044197082519531
391 6.9438018798828125
392 7.284599304199219
393 8.023902893066406
394 6.375297546386719
395 6.659706115722656
396 8.546600341796875
397 4.6376953125
398 7.555595397949219
399 6.402503967285156
400 7.186897277832031
401 5.929405212402344
402 6.097503662109375
403 4.776397705078125
404 6.323402404785156
405 6.29620361328125
406 6.4123992919921875
407 4.551795959472656
408 8.311004638671875
409 7.14990234375
410 6.950897216796875
411 9.34710693359375
412 7.0475006103515625
413 5.020606994628906
414 4.5823974609375
415 4.609405517578125
416 2.2834014892578125
417 5.069793701171875
418 5.024101257324219
419 6.342803955078125
420 6.943695068359375
421 6.4875946044921875
422 6.308097839355469
423 6.2667999267578125
424 9.445503234863281
425 7.544097900390625
426 6.728302001953125
427 6.022300720214844
428 6.412696838378906
429 6.727996826171875
430 6.5839996337890625
431 5.947105407714844
432 7.125999450683594
433 6.2400054931640625
434 6.192604064941406
435 7.389801025390625
436 9.309104919433594
437 8.524307250976563
438 6.009498596191406
439 7.7592010498046875
440 8.678604125976563
441 6.676605224609375
442 7.158599853515625
443 6.4071044921875
444 9.0736083984375
445 7.71319580078125
446 7.3535003662109375
447 5.616096496582031
448 7.258598327636719
449 6.500297546386719
450 6.393402099609375
451 5.250495910644531
452 7.073402404785156
453 8.055397033691406
454 7.4994049072265625
455 6.269203186035156
456 7.9293060302734375
457 7.9235076904296875
458 7.5155029296875
459 6.2552032470703125
460 4.3748016357421875
461 4.809501647949219
462 6.3291015625
463 6.644203186035156
464 4.2989959716796875
465 4.343597412109375
466 5.596099853515625
467 7.786094665527344
468 8.839591979980469
469 9.052398681640625
470 8.312103271484375
471 7.840904235839844
472 7.427101135253906
473 6.342506408691406
474 6.2404937744140625
475 6.206703186035156
476 6.471992492675781
477 4.266395568847656
478 5.57550048828125
479 5.582000732421875
480 5.559600830078125
481 4.947700500488281
482 5.039802551269531
483 5.209999084472656
484 6.736701965332031
485 7.092796325683594
486 6.2689056396484375
487 4.679801940917969
488 4.6125030517578125
489 8.23919677734375
490 7.3302001953125
491 7.4438934326171875
492 7.6405029296875
493 7.612800598144531
494 6.149200439453125
495 6.303901672363281
496 8.855796813964844
497 7.5265045166015625
498 7.0186004638671875
499 6.263999938964844
500 5.6280059814453125
