0 28.415603637695313
1 28.415603637695313
2 26.63469696044922
3 28.95111083984375
4 31.04279327392578
5 26.3402099609375
6 29.018508911132813
7 25.12860107421875
8 30.910606384277344
9 30.4031982421875
10 28.42530059814453
11 29.541305541992188
12 27.569000244140625
13 27.04400634765625
14 30.728195190429688
15 27.21179962158203
16 26.248199462890625
17 23.403709411621094
18 23.37779998779297
19 25.104705810546875
20 23.41119384765625
21 25.086898803710938
22 25.781906127929688
23 23.429298400878906
24 24.5740966796875
25 24.130210876464844
26 22.574600219726563
27 22.55260467529297
28 21.878997802734375
29 25.42420196533203
30 22.061004638671875
31 22.21429443359375
32 22.310699462890625
33 22.131103515625
34 21.842208862304688
35 19.950599670410156
36 21.68890380859375
37 21.0830078125
38 22.718505859375
39 20.387100219726563
40 18.9215087890625
41 22.411697387695313
42 20.680091857910156
43 20.9468994140625
44 22.049598693847656
45 22.126800537109375
46 20.426002502441406
47 20.379196166992188
48 22.136802673339844
49 21.666900634765625
50 22.839202880859375
51 19.724693298339844
52 20.747894287109375
53 20.109405517578125
54 22.895904541015625
55 22.87340545654297
56 22.240798950195313
57 23.63359832763672
58 22.321304321289063
59 23.792098999023438
60 21.597198486328125
61 23.438201904296875
62 23.092605590820313
63 22.830001831054688
64 21.082603454589844
65 23.67389678955078
66 23.308990478515625
67 23.33849334716797
68 21.89020538330078
69 22.52989959716797
70 22.07659912109375
71 18.89080047607422
72 19.177200317382813
73 21.001602172851563
74 21.23479461669922
75 21.663803100585938
76 21.51349639892578
77 22.35839080810547
78 23.284996032714844
79 22.450607299804688
80 22.153106689453125
81 23.047195434570313
82 22.165504455566406
83 19.96790313720703
84 21.397796630859375
85 21.542198181152344
86 23.708602905273438
87 24.50389862060547
88 23.50659942626953
89 21.95490264892578
90 21.419601440429688
91 19.5531005859375
92 19.77960205078125
93 21.7449951171875
94 21.724502563476563
95 21.302207946777344
96 19.873199462890625
97 21.363204956054688
98 21.22760009765625
99 21.118804931640625
100 24.32390594482422
101 25.038597106933594
102 27.01270294189453
103 23.977500915527344
104 26.297706604003906
105 24.331100463867188
106 25.55010223388672
107 29.12720489501953
108 25.35730743408203
109 26.819595336914063
110 24.15760040283203
111 25.344497680664063
112 24.461509704589844
113 25.368499755859375
114 23.194602966308594
115 24.388198852539063
116 22.62670135498047
117 20.88860321044922
118 21.76110076904297
119 22.03510284423828
120 23.60179901123047
121 22.727203369140625
122 23.345901489257813
123 23.662200927734375
124 23.51270294189453
125 21.83690643310547
126 26.02880859375
127 24.26800537109375
128 25.859207153320313
129 24.120094299316406
130 22.8218994140625
131 23.478897094726563
132 24.27649688720703
133 23.882003784179688
134 22.62250518798828
135 22.35589599609375
136 22.119102478027344
137 22.34740447998047
138 20.33049774169922
139 22.34929656982422
140 23.867401123046875
141 23.220802307128906
142 22.9071044921875
143 24.216903686523438
144 23.952804565429688
145 23.81330108642578
146 23.876495361328125
147 24.57140350341797
148 23.96160125732422
149 25.187095642089844
150 24.656593322753906
151 24.751304626464844
152 24.488998413085938
153 23.889305114746094
154 22.464599609375
155 23.99469757080078
156 23.09149932861328
157 22.383399963378906
158 21.906295776367188
159 22.770904541015625
160 24.455894470214844
161 21.786605834960938
162 23.554298400878906
163 23.874298095703125
164 23.695396423339844
165 23.128501892089844
166 25.87810516357422
167 24.4407958984375
168 24.505096435546875
169 23.633094787597656
170 26.090805053710938
171 26.7427978515625
172 25.333297729492188
173 25.38360595703125
174 22.917701721191406
175 22.403305053710938
176 21.194305419921875
177 23.20819854736328
178 22.99109649658203
179 23.029098510742188
180 21.71660614013672
181 22.74939727783203
182 22.919204711914063
183 23.123703002929688
184 22.94720458984375
185 22.035797119140625
186 23.529296875
187 24.638694763183594
188 24.551902770996094
189 21.67779541015625
190 22.86640167236328
191 20.979896545410156
192 21.073402404785156
193 19.668502807617188
194 20.980300903320313
195 22.70660400390625
196 21.757110595703125
197 23.15320587158203
198 23.058204650878906
199 23.409996032714844
200 24.800399780273438
201 22.94530487060547
202 21.75799560546875
203 23.247100830078125
204 23.374710083007813
205 23.687599182128906
206 23.17310333251953
207 21.23729705810547
208 22.105697631835938
209 24.165298461914063
210 22.455101013183594
211 23.30510711669922
212 21.945098876953125
213 22.636009216308594
214 23.887405395507813
215 23.305801391601563
216 20.362594604492188
217 22.657005310058594
218 22.59099578857422
219 20.755599975585938
220 19.785499572753906
221 20.343399047851563
222 22.21429443359375
223 21.18590545654297
224 21.452499389648438
225 19.322601318359375
226 20.435501098632813
227 18.76079559326172
228 18.973106384277344
229 20.592002868652344
230 21.860702514648438
231 20.814903259277344
232 20.37109375
233 20.962203979492188
234 21.880706787109375
235 19.281997680664063
236 21.99799346923828
237 18.725601196289063
238 21.525596618652344
239 20.454795837402344
240 21.62999725341797
241 20.85590362548828
242 21.563995361328125
243 19.939804077148438
244 21.948997497558594
245 21.076698303222656
246 20.89099884033203
247 19.508506774902344
248 21.472000122070313
249 21.704803466796875
250 17.894699096679688
251 21.261306762695313
252 23.35260009765625
253 20.95850372314453
254 20.69770050048828
255 22.51250457763672
256 20.258392333984375
257 22.60089874267578
258 21.33709716796875
259 22.79510498046875
260 21.34819793701172
261 21.767303466796875
262 20.55359649658203
263 21.728500366210938
264 21.117698669433594
265 19.583099365234375
266 20.314796447753906
267 18.61920166015625
268 17.771392822265625
269 19.757400512695313
270 18.872695922851563
271 18.691802978515625
272 20.32330322265625
273 19.914108276367188
274 18.971603393554688
275 16.865997314453125
276 18.101104736328125
277 20.21190643310547
278 18.57610321044922
279 17.883995056152344
280 18.090797424316406
281 18.368690490722656
282 17.88030242919922
283 18.532608032226563
284 17.483596801757813
285 17.383705139160156
286 15.884796142578125
287 15.595504760742188
288 16.968299865722656
289 19.733505249023438
290 19.964706420898438
291 18.11949920654297
292 17.487098693847656
293 18.697402954101563
294 18.158905029296875
295 17.870399475097656
296 19.677902221679688
297 18.431594848632813
298 19.38250732421875
299 17.04389190673828
300 16.644302368164063
301 18.535301208496094
302 16.625099182128906
303 19.44310760498047
304 20.026702880859375
305 19.00970458984375
306 21.6123046875
307 17.296707153320313
308 19.35540008544922
309 18.735397338867188
310 19.856002807617188
311 20.20000457763672
312 21.247604370117188
313 20.788902282714844
314 19.339599609375
315 19.779197692871094
316 17.58270263671875
317 17.830093383789063
318 18.558502197265625
319 20.811004638671875
320 20.37059783935547
321 20.366905212402344
322 21.511505126953125
323 19.020095825195313
324 19.688095092773438
325 21.273208618164063
326 19.297203063964844
327 20.049293518066406
328 18.862403869628906
329 21.03510284423828
330 20.727096557617188
331 20.480201721191406
332 19.49749755859375
333 20.86810302734375
334 22.180801391601563
335 21.693702697753906
336 20.37030792236328
337 18.126304626464844
338 21.047996520996094
339 21.154808044433594
340 22.29290008544922
341 20.37329864501953
342 18.705703735351563
343 17.19879150390625
344 16.88580322265625
345 16.33599853515625
346 17.871498107910156
347 17.732803344726563
348 17.811599731445313
349 16.61719512939453
350 18.795799255371094
351 17.25499725341797
352 16.865501403808594
353 16.956405639648438
354 17.677200317382813
355 18.861106872558594
356 18.742202758789063
357 19.358497619628906
358 19.075599670410156
359 17.279800415039063
360 18.980201721191406
361 18.612205505371094
362 19.619903564453125
363 18.869102478027344
364 19.955795288085938
365 21.559906005859375
366 19.5126953125
367 18.30809783935547
368 18.999298095703125
369 19.13030242919922
370 20.110000610351563
371 19.854202270507813
372 19.64300537109375
373 21.174598693847656
374 19.695098876953125
375 18.941795349121094
376 19.30359649658203
377 20.140098571777344
378 20.649505615234375
379 18.0791015625
380 20.43230438232422
381 19.633399963378906
382 19.06529998779297
383 19.640602111816406
384 20.09960174560547
385 19.636398315429688
386 19.470703125
387 18.751296997070313
388 18.86180877685547
389 19.626205444335938
390 20.334205627441406
391 20.783798217773438
392 19.254600524902344
393 20.913902282714844
394 19.265304565429688
395 18.869705200195313
396 21.486602783203125
397 18.58769989013672
398 20.255599975585938
399 20.672508239746094
400 21.56690216064453
401 19.869407653808594
402 19.917503356933594
403 17.766395568847656
404 18.66339874267578
405 18.516204833984375
406 19.662399291992188
407 17.691802978515625
408 18.951011657714844
409 18.89990234375
410 19.830894470214844
411 21.197105407714844
412 17.9375
413 19.74060821533203
414 18.442398071289063
415 17.109397888183594
416 15.753395080566406
417 17.999801635742188
418 17.694107055664063
419 18.852798461914063
420 19.653701782226563
421 18.15760040283203
422 18.608108520507813
423 18.486801147460938
424 20.57550048828125
425 19.32410430908203
426 16.88829803466797
427 17.532302856445313
428 19.592697143554688
429 19.75800323486328
430 19.843994140625
431 19.197105407714844
432 20.76599884033203
433 19.149993896484375
434 18.182601928710938
435 19.589797973632813
436 22.609100341796875
437 21.514305114746094
438 17.61949920654297
439 19.53919219970703
440 20.988601684570313
441 18.746604919433594
442 19.468597412109375
443 19.197105407714844
444 19.56360626220703
445 19.503196716308594
446 19.693496704101563
447 18.666099548339844
448 19.62860870361328
449 19.980300903320313
450 19.763404846191406
451 18.540496826171875
452 21.003402709960938
453 21.375404357910156
454 20.20940399169922
455 18.849205017089844
456 20.249298095703125
457 21.323509216308594
458 19.805503845214844
459 18.27519989013672
460 16.254798889160156
461 17.379501342773438
462 18.559104919433594
463 18.634201049804688
464 17.318992614746094
465 17.983596801757813
466 16.956100463867188
467 19.036102294921875
468 21.099594116210938
469 21.802406311035156
470 21.002098083496094
471 20.04090118408203
472 20.71710205078125
473 19.93250274658203
474 19.1304931640625
475 19.10669708251953
476 18.961997985839844
477 17.206398010253906
478 18.39550018310547
479 17.86199951171875
480 18.13959503173828
481 18.187705993652344
482 18.60980224609375
483 17.720001220703125
484 19.68669891357422
485 19.99280548095703
486 18.42889404296875
487 16.999801635742188
488 16.832504272460938
489 20.659210205078125
490 20.480201721191406
491 19.533897399902344
492 20.220504760742188
493 19.732803344726563
494 17.689193725585938
495 18.783905029296875
496 20.665802001953125
497 19.72650146484375
498 19.278602600097656
499 18.823997497558594
500 18.13800811767578
