0 31.405601501464844
1 31.405601501464844
2 34.80470275878906
3 32.781105041503906
4 29.4927978515625
5 24.78020477294922
6 26.928504943847656
7 26.638595581054688
8 30.06060791015625
9 29.83319854736328
10 27.525299072265625
11 26.551300048828125
12 28.358993530273438
13 24.4739990234375
14 23.828201293945313
15 22.701797485351563
16 18.178199768066406
17 15.593704223632813
18 17.75780487060547
19 20.13469696044922
20 20.701194763183594
21 20.526901245117188
22 18.531906127929688
23 18.32929229736328
24 18.864097595214844
25 18.39020538330078
26 17.64459991455078
27 19.892608642578125
28 19.879005432128906
29 24.24420166015625
30 22.04100799560547
31 20.634292602539063
32 21.54070281982422
33 20.95110321044922
34 20.972206115722656
35 20.06060791015625
36 20.528907775878906
37 19.52300262451172
38 20.168502807617188
39 18.727096557617188
40 18.071502685546875
41 21.19170379638672
42 18.710098266601563
43 18.726898193359375
44 20.589599609375
45 21.576797485351563
46 19.756004333496094
47 20.449195861816406
48 19.34680938720703
49 19.736907958984375
50 19.079208374023438
51 17.49469757080078
52 17.77789306640625
53 17.339401245117188
54 19.315902709960938
55 19.153404235839844
56 18.290802001953125
57 18.283599853515625
58 19.611305236816406
59 19.47209930419922
60 19.63719940185547
61 19.948204040527344
62 20.572608947753906
63 21.770004272460938
64 20.98259735107422
65 22.56390380859375
66 20.718994140625
67 23.27850341796875
68 19.690200805664063
69 19.52989959716797
70 22.626602172851563
71 21.960800170898438
72 20.797195434570313
73 19.731605529785156
74 19.814804077148438
75 19.853805541992188
76 17.753501892089844
77 18.068397521972656
78 18.62500762939453
79 17.080596923828125
80 19.633094787597656
81 19.7572021484375
82 19.245506286621094
83 18.10790252685547
84 19.627792358398438
85 19.422203063964844
86 20.19860076904297
87 20.203895568847656
88 19.32659912109375
89 20.14490509033203
90 18.819602966308594
91 19.80309295654297
92 17.369598388671875
93 18.204994201660156
94 18.404510498046875
95 17.76220703125
96 17.72320556640625
97 18.793197631835938
98 17.207595825195313
99 20.378807067871094
100 18.043899536132813
101 18.99860382080078
102 19.20270538330078
103 19.62750244140625
104 20.627700805664063
105 18.271102905273438
106 18.810104370117188
107 22.36719512939453
108 21.907302856445313
109 21.079605102539063
110 18.317604064941406
111 22.164505004882813
112 22.1715087890625
113 20.39850616455078
114 21.564598083496094
115 19.828208923339844
116 18.446701049804688
117 17.44860076904297
118 17.281105041503906
119 16.145103454589844
120 17.611793518066406
121 15.967208862304688
122 17.705894470214844
123 19.82220458984375
124 19.552703857421875
125 18.716903686523438
126 21.688796997070313
127 19.108001708984375
128 19.709205627441406
129 19.28009796142578
130 18.111892700195313
131 19.588897705078125
132 20.426490783691406
133 18.701995849609375
134 20.13249969482422
135 19.04590606689453
136 18.409095764160156
137 17.4573974609375
138 18.280494689941406
139 19.539291381835938
140 19.497406005859375
141 19.980796813964844
142 18.627098083496094
143 20.31690216064453
144 20.662803649902344
145 19.223304748535156
146 18.016502380371094
147 19.831405639648438
148 16.911605834960938
149 18.307106018066406
150 18.626602172851563
151 20.351295471191406
152 19.018997192382813
153 17.53929901123047
154 15.244598388671875
155 16.024696350097656
156 17.271499633789063
157 16.593399047851563
158 15.89630126953125
159 14.660903930664063
160 16.525901794433594
161 15.966606140136719
162 14.824295043945313
163 11.874298095703125
164 14.615394592285156
165 14.598495483398438
166 16.99810028076172
167 15.740798950195313
168 17.585098266601563
169 14.753097534179688
170 18.990798950195313
171 19.05280303955078
172 18.793304443359375
173 20.893600463867188
174 15.557701110839844
175 16.07329559326172
176 16.464309692382813
177 17.308197021484375
178 17.611099243164063
179 17.359100341796875
180 13.426597595214844
181 15.859397888183594
182 16.12920379638672
183 16.23370361328125
184 14.487205505371094
185 17.045791625976563
186 16.58929443359375
187 16.838699340820313
188 16.76190948486328
189 13.6177978515625
190 14.036399841308594
191 13.759895324707031
192 14.533401489257813
193 11.558494567871094
194 13.830291748046875
195 14.886604309082031
196 16.09709930419922
197 14.603202819824219
198 11.488204956054688
199 15.310005187988281
200 16.200393676757813
201 16.585296630859375
202 17.39800262451172
203 16.697105407714844
204 18.20470428466797
205 16.557601928710938
206 14.893104553222656
207 14.017295837402344
208 16.075698852539063
209 18.92530059814453
210 17.41509246826172
211 17.05510711669922
212 18.41510009765625
213 16.496002197265625
214 18.377410888671875
215 17.19580078125
216 14.872604370117188
217 16.54700469970703
218 18.420997619628906
219 16.945602416992188
220 16.675498962402344
221 15.563400268554688
222 17.304306030273438
223 16.515907287597656
224 17.342498779296875
225 15.302604675292969
226 16.175498962402344
227 16.89080047607422
228 16.653099060058594
229 17.092002868652344
230 17.570693969726563
231 16.184906005859375
232 16.111099243164063
233 14.792205810546875
234 16.750701904296875
235 13.381996154785156
236 16.44800567626953
237 15.195602416992188
238 16.445602416992188
239 17.18480682373047
240 18.919998168945313
241 18.335906982421875
242 19.054000854492188
243 19.17980194091797
244 21.28900146484375
245 19.646705627441406
246 18.740997314453125
247 18.798500061035156
248 18.692001342773438
249 18.1748046875
250 16.774696350097656
251 17.241302490234375
252 19.30260467529297
253 15.718498229980469
254 13.967704772949219
255 15.8125
256 17.508399963378906
257 17.570907592773438
258 15.147102355957031
259 16.375106811523438
260 15.638206481933594
261 17.42730712890625
262 16.12359619140625
263 14.988502502441406
264 16.697708129882813
265 16.663101196289063
266 17.084800720214844
267 18.649208068847656
268 16.19139862060547
269 20.227401733398438
270 19.70269775390625
271 17.181800842285156
272 17.49329376220703
273 19.39411163330078
274 18.19159698486328
275 18.195999145507813
276 18.651100158691406
277 18.471900939941406
278 18.82610321044922
279 17.274002075195313
280 17.63079833984375
281 17.768699645996094
282 19.230308532714844
283 17.61260223388672
284 19.093597412109375
285 20.123695373535156
286 19.34479522705078
287 17.775497436523438
288 18.68830108642578
289 19.65349578857422
290 19.434707641601563
291 18.47949981689453
292 17.507095336914063
293 18.857398986816406
294 15.93890380859375
295 16.85039520263672
296 16.237899780273438
297 16.19159698486328
298 16.782501220703125
299 16.80390167236328
300 15.434295654296875
301 17.38530731201172
302 17.47509765625
303 18.763099670410156
304 18.546707153320313
305 18.01970672607422
306 19.772300720214844
307 17.9866943359375
308 19.90540313720703
309 18.935394287109375
310 16.386001586914063
311 16.420005798339844
312 21.627601623535156
313 21.028900146484375
314 18.77960205078125
315 19.30919647216797
316 18.742706298828125
317 18.020095825195313
318 17.01849365234375
319 17.311004638671875
320 18.61060333251953
321 18.996902465820313
322 18.561508178710938
323 16.710098266601563
324 16.918106079101563
325 16.483200073242188
326 15.577201843261719
327 14.799293518066406
328 18.03240203857422
329 18.005096435546875
330 19.76709747314453
331 17.560203552246094
332 20.11750030517578
333 19.208099365234375
334 20.31079864501953
335 18.703697204589844
336 17.260299682617188
337 16.71630096435547
338 18.928001403808594
339 18.964805603027344
340 18.16290283203125
341 20.0133056640625
342 19.235702514648438
343 16.95880126953125
344 16.615798950195313
345 18.14599609375
346 17.141502380371094
347 16.082801818847656
348 14.731605529785156
349 16.43720245361328
350 14.965797424316406
351 14.344993591308594
352 16.225502014160156
353 16.206405639648438
354 16.857192993164063
355 19.2510986328125
356 19.55219268798828
357 18.14850616455078
358 16.80560302734375
359 14.609794616699219
360 18.970199584960938
361 16.77220916748047
362 17.479904174804688
363 16.429092407226563
364 19.105796813964844
365 17.76990509033203
366 19.13269805908203
367 17.658096313476563
368 16.679306030273438
369 18.100296020507813
370 18.710006713867188
371 20.48419189453125
372 18.282997131347656
373 19.22460174560547
374 17.085098266601563
375 17.611793518066406
376 17.49359893798828
377 18.570098876953125
378 21.199508666992188
379 18.809104919433594
380 19.86229705810547
381 20.583404541015625
382 18.405303955078125
383 20.090599060058594
384 20.01959991455078
385 16.646400451660156
386 16.500701904296875
387 15.211311340332031
388 14.431808471679688
389 16.266197204589844
390 16.80419921875
391 17.113800048828125
392 16.454605102539063
393 18.25389862060547
394 15.345298767089844
395 15.669700622558594
396 18.066604614257813
397 13.487701416015625
398 15.095603942871094
399 14.742500305175781
400 14.516899108886719
401 14.369400024414063
402 16.25750732421875
403 14.816390991210938
404 14.893402099609375
405 16.086204528808594
406 16.02239227294922
407 16.171798706054688
408 19.23101043701172
409 18.63990020751953
410 17.93090057373047
411 19.297096252441406
412 17.507492065429688
413 16.420608520507813
414 16.542396545410156
415 15.999412536621094
416 13.123397827148438
417 16.119796752929688
418 15.914100646972656
419 16.4927978515625
420 17.203704833984375
421 17.557594299316406
422 18.16809844970703
423 17.186798095703125
424 21.65550994873047
425 19.674102783203125
426 18.82830047607422
427 18.832305908203125
428 17.32269287109375
429 18.0780029296875
430 19.183998107910156
431 16.927101135253906
432 18.225997924804688
433 19.160003662109375
434 18.532608032226563
435 18.539794921875
436 19.049102783203125
437 18.71430206298828
438 17.219497680664063
439 17.92919921875
440 19.468597412109375
441 18.286598205566406
442 16.418594360351563
443 17.547103881835938
444 18.853607177734375
445 18.143203735351563
446 18.663497924804688
447 15.806098937988281
448 17.528602600097656
449 16.150299072265625
450 16.253395080566406
451 16.740493774414063
452 16.013397216796875
453 18.255393981933594
454 19.669403076171875
455 17.289199829101563
456 18.289306640625
457 18.133506774902344
458 18.81549835205078
459 16.39520263671875
460 16.144790649414063
461 14.999504089355469
462 17.259109497070313
463 16.74420166015625
464 14.299003601074219
465 16.043601989746094
466 14.796104431152344
467 17.24610137939453
468 20.229591369628906
469 19.102401733398438
470 18.632102966308594
471 18.070899963378906
472 16.817092895507813
473 15.642501831054688
474 17.8905029296875
475 17.016700744628906
476 18.591995239257813
477 16.586402893066406
478 17.995498657226563
479 16.201995849609375
480 16.02959442138672
481 15.827705383300781
482 14.609794616699219
483 16.25
484 18.67670440673828
485 17.792800903320313
486 17.48889923095703
487 17.959800720214844
488 17.862503051757813
489 20.939208984375
490 18.920196533203125
491 19.13390350341797
492 19.670501708984375
493 19.592803955078125
494 16.859207153320313
495 15.933906555175781
496 18.56580352783203
497 16.676498413085938
498 17.94860076904297
499 17.503997802734375
500 16.298004150390625
