0 25.445602416992188
1 25.445602416992188
2 23.37470245361328
3 25.82110595703125
4 28.472801208496094
5 23.89019775390625
6 26.318504333496094
7 22.31859588623047
8 27.880599975585938
9 27.22319793701172
10 25.295303344726563
11 26.621299743652344
12 24.20899200439453
13 24.434005737304688
14 28.558197021484375
15 24.371795654296875
16 24.58820343017578
17 21.97370147705078
18 21.37779998779297
19 22.88470458984375
20 20.43120574951172
21 22.57689666748047
22 23.89190673828125
23 20.9093017578125
24 22.344100952148438
25 21.440208435058594
26 20.384597778320313
27 19.392601013183594
28 18.999000549316406
29 22.13420867919922
30 19.141006469726563
31 19.424301147460938
32 19.370704650878906
33 18.901100158691406
34 18.56220245361328
35 17.020599365234375
36 18.778900146484375
37 18.173004150390625
38 19.878494262695313
39 17.507102966308594
40 15.831504821777344
41 19.401702880859375
42 18.200103759765625
43 18.26690673828125
44 19.34960174560547
45 19.456802368164063
46 17.695999145507813
47 17.36920166015625
48 19.636802673339844
49 18.476898193359375
50 20.17919921875
51 17.12470245361328
52 17.83789825439453
53 17.76940155029297
54 20.335899353027344
55 20.093406677246094
56 19.730789184570313
57 21.053604125976563
58 19.551307678222656
59 21.21209716796875
60 18.987197875976563
61 20.558204650878906
62 20.35260772705078
63 19.910003662109375
64 18.29259490966797
65 21.19390106201172
66 20.378997802734375
67 20.3385009765625
68 18.980201721191406
69 20.159896850585938
70 19.216598510742188
71 15.820793151855469
72 15.787193298339844
73 17.941604614257813
74 18.824806213378906
75 18.993797302246094
76 19.063499450683594
77 20.448394775390625
78 21.25499725341797
79 19.640602111816406
80 19.643096923828125
81 20.75719451904297
82 19.75550079345703
83 16.987899780273438
84 18.68779754638672
85 18.872207641601563
86 21.12859344482422
87 22.213897705078125
88 21.046600341796875
89 19.324905395507813
90 18.859596252441406
91 16.633102416992188
92 17.039596557617188
93 19.215003967285156
94 19.084503173828125
95 18.912200927734375
96 17.27320098876953
97 18.383193969726563
98 19.017601013183594
99 18.538803100585938
100 22.163894653320313
101 23.12859344482422
102 25.21270751953125
103 21.55750274658203
104 24.487701416015625
105 22.151100158691406
106 24.000106811523438
107 26.957199096679688
108 23.04730987548828
109 24.039596557617188
110 22.057601928710938
111 22.624496459960938
112 21.98150634765625
113 23.248497009277344
114 20.384597778320313
115 22.008201599121094
116 20.25670623779297
117 18.298599243164063
118 19.581100463867188
119 20.8551025390625
120 22.001800537109375
121 20.587203979492188
122 21.505897521972656
123 21.432205200195313
124 20.982704162597656
125 19.666900634765625
126 23.568801879882813
127 22.118003845214844
128 23.79920196533203
129 22.060096740722656
130 20.45189666748047
131 21.708900451660156
132 22.196495056152344
133 21.271995544433594
134 20.612503051757813
135 19.435897827148438
136 19.62909698486328
137 19.917404174804688
138 17.610504150390625
139 20.329299926757813
140 21.987396240234375
141 20.870803833007813
142 20.26709747314453
143 21.596900939941406
144 20.842803955078125
145 21.673301696777344
146 21.886497497558594
147 22.721397399902344
148 21.851600646972656
149 23.307106018066406
150 22.56659698486328
151 22.01129913330078
152 22.41899871826172
153 21.569297790527344
154 20.674598693847656
155 23.144699096679688
156 21.23149871826172
157 20.55340576171875
158 19.71630096435547
159 20.970901489257813
160 22.42589569091797
161 20.096603393554688
162 21.59429931640625
163 22.754302978515625
164 21.875396728515625
165 21.638504028320313
166 23.968101501464844
167 22.870803833007813
168 21.96509552001953
169 22.213096618652344
170 24.840805053710938
171 25.692794799804688
172 24.51329803466797
173 23.193603515625
174 21.367706298828125
175 21.033302307128906
176 19.58429718017578
177 21.638198852539063
178 21.31109619140625
179 21.5791015625
180 20.37659454345703
181 21.56939697265625
182 21.74919891357422
183 21.593704223632813
184 21.637191772460938
185 20.18579864501953
186 22.259300231933594
187 23.168701171875
188 23.041900634765625
189 20.31780242919922
190 21.456405639648438
191 19.669891357421875
192 18.67340850830078
193 18.098495483398438
194 19.150299072265625
195 21.216598510742188
196 19.427101135253906
197 21.46320343017578
198 21.618202209472656
199 21.680007934570313
200 23.390396118164063
201 20.945297241210938
202 19.01799774169922
203 21.197105407714844
204 21.184707641601563
205 21.807594299316406
206 21.63311004638672
207 19.567298889160156
208 20.375701904296875
209 22.335304260253906
210 20.395095825195313
211 21.36510467529297
212 20.145103454589844
213 20.506004333496094
214 21.65740203857422
215 21.525802612304688
216 17.762603759765625
217 20.30699920654297
218 20.301010131835938
219 18.72559356689453
220 17.715499877929688
221 18.533401489257813
222 20.46430206298828
223 19.345901489257813
224 19.57250213623047
225 17.86260223388672
226 18.44550323486328
227 16.520797729492188
228 16.92310333251953
229 17.79199981689453
230 20.60070037841797
231 19.22490692138672
232 18.64110565185547
233 19.752197265625
234 19.92070770263672
235 18.132003784179688
236 20.177993774414063
237 16.3656005859375
238 19.715599060058594
239 18.274803161621094
240 19.68000030517578
241 18.48590087890625
242 19.763999938964844
243 17.509803771972656
244 19.58899688720703
245 18.536705017089844
246 18.740997314453125
247 16.968505859375
248 19.48200225830078
249 20.204803466796875
250 14.994705200195313
251 18.58130645751953
252 20.60260009765625
253 18.46849822998047
254 18.447708129882813
255 20.05249786376953
256 17.718399047851563
257 20.010902404785156
258 19.20709991455078
259 20.505111694335938
260 18.948196411132813
261 18.817306518554688
262 18.00359344482422
263 19.698501586914063
264 18.44770050048828
265 16.723098754882813
266 17.774803161621094
267 15.479202270507813
268 14.831398010253906
269 16.38739776611328
270 15.70269775390625
271 16.201797485351563
272 18.20330047607422
273 17.364105224609375
274 15.82159423828125
275 13.365997314453125
276 14.741104125976563
277 17.151901245117188
278 15.316108703613281
279 14.714004516601563
280 14.910797119140625
281 15.208694458007813
282 14.610305786132813
283 15.342605590820313
284 14.393600463867188
285 13.883705139160156
286 12.254798889160156
287 12.045501708984375
288 13.488304138183594
289 16.503501892089844
290 16.81470489501953
291 14.839492797851563
292 14.067100524902344
293 15.497406005859375
294 15.408897399902344
295 15.440399169921875
296 17.177902221679688
297 16.14160919189453
298 16.76250457763672
299 14.223899841308594
300 13.754295349121094
301 15.595306396484375
302 14.045097351074219
303 16.353111267089844
304 17.466705322265625
305 16.099700927734375
306 18.522300720214844
307 14.396705627441406
308 16.375404357910156
309 15.925399780273438
310 17.155990600585938
311 18.020004272460938
312 17.9176025390625
313 17.888900756835938
314 16.309600830078125
315 16.409194946289063
316 14.302703857421875
317 14.720100402832031
318 15.168502807617188
319 17.831008911132813
320 17.420608520507813
321 17.426895141601563
322 18.511505126953125
323 16.080101013183594
324 17.038101196289063
325 18.813201904296875
326 16.477203369140625
327 17.83929443359375
328 15.782402038574219
329 18.735107421875
330 18.227096557617188
331 17.990203857421875
332 17.267501831054688
333 17.97809600830078
334 19.330795288085938
335 18.993698120117188
336 17.830299377441406
337 15.606300354003906
338 18.587997436523438
339 18.8048095703125
340 19.41290283203125
341 17.56329345703125
342 15.825698852539063
343 14.598800659179688
344 13.755805969238281
345 13.215995788574219
346 15.501495361328125
347 14.932807922363281
348 15.341606140136719
349 14.127204895019531
350 16.57579803466797
351 15.394996643066406
352 14.375503540039063
353 14.466407775878906
354 15.257194519042969
355 16.121109008789063
356 16.042198181152344
357 16.628501892089844
358 16.765602111816406
359 15.259803771972656
360 16.460205078125
361 16.33220672607422
362 17.169898986816406
363 17.20909881591797
364 17.645797729492188
365 19.53990936279297
366 16.842697143554688
367 15.758094787597656
368 17.129302978515625
369 16.67029571533203
370 17.839996337890625
371 17.094200134277344
372 17.08300018310547
373 18.694595336914063
374 17.745094299316406
375 16.551795959472656
376 16.223602294921875
377 17.380096435546875
378 17.92949676513672
379 15.489105224609375
380 17.902297973632813
381 16.91339111328125
382 16.48529815673828
383 17.040603637695313
384 17.749595642089844
385 17.286399841308594
386 17.380706787109375
387 16.631301879882813
388 17.16180419921875
389 17.006202697753906
390 17.79419708251953
391 17.88379669189453
392 16.684600830078125
393 18.75390625
394 16.87529754638672
395 16.709701538085938
396 19.6466064453125
397 16.747703552246094
398 18.725601196289063
399 18.782501220703125
400 20.37689971923828
401 18.389404296875
402 17.9375
403 15.936393737792969
404 16.463401794433594
405 16.36620330810547
406 17.28240203857422
407 14.961799621582031
408 16.061004638671875
409 16.229904174804688
410 17.5509033203125
411 18.807098388671875
412 15.8074951171875
413 17.200599670410156
414 16.102394104003906
415 14.749412536621094
416 13.553398132324219
417 15.789794921875
418 15.384109497070313
419 16.73279571533203
420 17.703697204589844
421 15.907600402832031
422 16.038108825683594
423 16.14679718017578
424 17.63550567626953
425 16.754104614257813
426 13.648300170898438
427 14.842308044433594
428 17.402694702148438
429 16.95800018310547
430 17.454002380371094
431 16.297103881835938
432 17.89599609375
433 16.0
434 15.052597045898438
435 16.469802856445313
436 19.839096069335938
437 18.5343017578125
438 14.569496154785156
439 16.47919464111328
440 18.1885986328125
441 15.556602478027344
442 16.338607788085938
443 16.047096252441406
444 16.33361053466797
445 16.363197326660156
446 16.883499145507813
447 15.716102600097656
448 16.668601989746094
449 17.070297241210938
450 17.523406982421875
451 15.6405029296875
452 18.703399658203125
453 18.705398559570313
454 17.06940460205078
455 15.639198303222656
456 17.059303283691406
457 18.733505249023438
458 17.095497131347656
459 15.135208129882813
460 13.164802551269531
461 14.339508056640625
462 15.259101867675781
463 15.794197082519531
464 14.579002380371094
465 15.233596801757813
466 14.6260986328125
467 16.546096801757813
468 17.879600524902344
469 18.852401733398438
470 18.34210205078125
471 17.150901794433594
472 18.067092895507813
473 17.37250518798828
474 16.030502319335938
475 16.06670379638672
476 15.851997375488281
477 13.866401672363281
478 15.405502319335938
479 14.732009887695313
480 15.149604797363281
481 15.037696838378906
482 15.879798889160156
483 14.589996337890625
484 16.50670623779297
485 17.212799072265625
486 15.718902587890625
487 14.029800415039063
488 13.712501525878906
489 17.66919708251953
490 17.360198974609375
491 16.69390106201172
492 17.420501708984375
493 16.962799072265625
494 14.689201354980469
495 16.723899841308594
496 17.605796813964844
497 16.996498107910156
498 16.81859588623047
499 16.10400390625
500 15.218002319335938
