0 31.445602416992188
1 31.445594787597656
2 35.11470031738281
3 30.56110382080078
4 21.9927978515625
5 19.820205688476563
6 20.8385009765625
7 25.05859375
8 25.210601806640625
9 26.66320037841797
10 23.445297241210938
11 24.741302490234375
12 30.018997192382813
13 25.29399871826172
14 20.998199462890625
15 22.9718017578125
16 17.748207092285156
17 16.23370361328125
18 17.207801818847656
19 17.104705810546875
20 16.48119354248047
21 14.206901550292969
22 9.931900024414063
23 12.239295959472656
24 13.354095458984375
25 12.5802001953125
26 11.084602355957031
27 14.272605895996094
28 14.808998107910156
29 16.884201049804688
30 15.9010009765625
31 12.09429931640625
32 12.780708312988281
33 13.601097106933594
34 14.082199096679688
35 14.360603332519531
36 13.998908996582031
37 13.283004760742188
38 13.628494262695313
39 13.477104187011719
40 11.961502075195313
41 14.941703796386719
42 10.900093078613281
43 9.9468994140625
44 10.089599609375
45 11.28680419921875
46 11.876007080078125
47 13.769195556640625
48 11.976806640625
49 14.796905517578125
50 11.839202880859375
51 10.024696350097656
52 10.707901000976563
53 9.179405212402344
54 11.625900268554688
55 12.933403015136719
56 13.670799255371094
57 12.103599548339844
58 12.691307067871094
59 9.812103271484375
60 9.877197265625
61 10.988197326660156
62 12.332603454589844
63 14.739997863769531
64 12.112594604492188
65 12.443901062011719
66 12.148994445800781
67 15.048500061035156
68 12.350204467773438
69 11.299896240234375
70 13.686599731445313
71 14.360794067382813
72 11.347198486328125
73 11.381607055664063
74 11.414794921875
75 11.603797912597656
76 9.953506469726563
77 10.328399658203125
78 9.305000305175781
79 9.450599670410156
80 12.023101806640625
81 11.517196655273438
82 10.375503540039063
83 11.467903137207031
84 12.317802429199219
85 12.292205810546875
86 12.488594055175781
87 10.733901977539063
88 10.416603088378906
89 13.414901733398438
90 11.609603881835938
91 12.103103637695313
92 10.079597473144531
93 12.444999694824219
94 13.664505004882813
95 10.552200317382813
96 11.143203735351563
97 14.493194580078125
98 10.527595520019531
99 11.538803100585938
100 11.043899536132813
101 10.748603820800781
102 12.302703857421875
103 10.867500305175781
104 14.467704772949219
105 13.341102600097656
106 13.970100402832031
107 17.87720489501953
108 16.46729278564453
109 15.109603881835938
110 12.28759765625
111 15.594497680664063
112 15.271499633789063
113 13.418502807617188
114 13.094596862792969
115 12.148200988769531
116 12.356704711914063
117 9.778602600097656
118 8.591102600097656
119 6.315101623535156
120 7.391792297363281
121 7.6772003173828125
122 8.265899658203125
123 10.642196655273438
124 11.262702941894531
125 9.486900329589844
126 11.478805541992188
127 9.727996826171875
128 12.539199829101563
129 10.340103149414063
130 9.88189697265625
131 10.478904724121094
132 12.276496887207031
133 12.882003784179688
134 14.942497253417969
135 14.845901489257813
136 13.309097290039063
137 11.417404174804688
138 11.150497436523438
139 14.329299926757813
140 13.577400207519531
141 14.730804443359375
142 13.097099304199219
143 16.4468994140625
144 16.19280242919922
145 16.283309936523438
146 13.22650146484375
147 13.3114013671875
148 11.601600646972656
149 11.807098388671875
150 13.596595764160156
151 17.231307983398438
152 12.978996276855469
153 12.589302062988281
154 8.594596862792969
155 11.494697570800781
156 11.111503601074219
157 10.80340576171875
158 11.536293029785156
159 12.050895690917969
160 14.215896606445313
161 14.336601257324219
162 12.304298400878906
163 11.434303283691406
164 15.555397033691406
165 14.528495788574219
166 15.238105773925781
167 12.13079833984375
168 14.475105285644531
169 12.373100280761719
170 15.770805358886719
171 14.912803649902344
172 12.103302001953125
173 15.293601989746094
174 8.327705383300781
175 10.623306274414063
176 9.664306640625
177 10.498199462890625
178 12.19110107421875
179 12.01910400390625
180 9.546600341796875
181 12.049400329589844
182 11.8092041015625
183 10.753700256347656
184 7.2371978759765625
185 10.175796508789063
186 12.239295959472656
187 11.068695068359375
188 11.581901550292969
189 11.177803039550781
190 9.916397094726563
191 8.259895324707031
192 10.923408508300781
193 9.818496704101563
194 11.570297241210938
195 12.656600952148438
196 12.977104187011719
197 11.363204956054688
198 10.96820068359375
199 13.389999389648438
200 12.480400085449219
201 12.705299377441406
202 14.218002319335938
203 15.537101745605469
204 16.334701538085938
205 13.267601013183594
206 11.223106384277344
207 11.337295532226563
208 14.355705261230469
209 16.29529571533203
210 17.495101928710938
211 16.36510467529297
212 16.5950927734375
213 16.555999755859375
214 17.187408447265625
215 15.125801086425781
216 13.562606811523438
217 16.287002563476563
218 16.930999755859375
219 16.68560028076172
220 14.705497741699219
221 14.2333984375
222 14.714302062988281
223 16.565902709960938
224 17.022506713867188
225 13.432601928710938
226 15.365501403808594
227 15.450798034667969
228 17.43309783935547
229 17.17200469970703
230 19.260696411132813
231 13.364898681640625
232 13.19110107421875
233 14.972198486328125
234 15.330696105957031
235 12.251998901367188
236 15.3179931640625
237 14.925605773925781
238 14.92559814453125
239 12.814796447753906
240 15.650001525878906
241 14.595901489257813
242 18.443992614746094
243 18.009803771972656
244 20.78899383544922
245 17.346694946289063
246 15.361000061035156
247 14.168502807617188
248 16.251998901367188
249 17.99480438232422
250 16.76470184326172
251 16.541305541992188
252 19.512596130371094
253 15.678504943847656
254 14.317703247070313
255 16.362503051757813
256 18.198402404785156
257 17.900909423828125
258 13.887100219726563
259 16.36510467529297
260 14.408203125
261 15.777305603027344
262 16.233596801757813
263 15.988502502441406
264 15.557701110839844
265 13.233100891113281
266 13.454803466796875
267 13.209197998046875
268 13.271400451660156
269 16.177406311035156
270 14.342697143554688
271 12.291801452636719
272 14.123298645019531
273 16.374107360839844
274 13.861602783203125
275 15.375999450683594
276 13.061103820800781
277 15.01190185546875
278 14.616096496582031
279 15.013999938964844
280 13.740798950195313
281 14.708694458007813
282 17.030303955078125
283 13.552604675292969
284 15.663597106933594
285 16.443702697753906
286 17.254798889160156
287 14.845497131347656
288 14.478309631347656
289 15.423507690429688
290 15.524703979492188
291 13.849494934082031
292 12.977096557617188
293 13.227401733398438
294 9.958900451660156
295 10.710395812988281
296 12.187896728515625
297 11.471595764160156
298 12.9425048828125
299 13.763900756835938
300 13.264297485351563
301 15.735305786132813
302 15.135093688964844
303 16.49311065673828
304 16.36669921875
305 14.029701232910156
306 16.3623046875
307 15.916702270507813
308 16.9154052734375
309 16.515396118164063
310 13.555999755859375
311 14.490005493164063
312 18.247604370117188
313 19.838897705078125
314 16.949607849121094
315 16.73919677734375
316 19.14270782470703
317 17.390098571777344
318 14.928497314453125
319 13.411003112792969
320 15.62060546875
321 18.346893310546875
322 15.661506652832031
323 11.960098266601563
324 11.998100280761719
325 11.46319580078125
326 11.787200927734375
327 10.239295959472656
328 12.742393493652344
329 13.275100708007813
330 14.437103271484375
331 12.150199890136719
332 15.397499084472656
333 15.408096313476563
334 14.540794372558594
335 13.503700256347656
336 11.470306396484375
337 12.006301879882813
338 13.987991333007813
339 14.714805603027344
340 14.132904052734375
341 13.883293151855469
342 12.675697326660156
343 11.438796997070313
344 12.405799865722656
345 14.105995178222656
346 12.35150146484375
347 12.152801513671875
348 11.341598510742188
349 13.857200622558594
350 12.025802612304688
351 12.334999084472656
352 14.245498657226563
353 13.366401672363281
354 13.287193298339844
355 16.291107177734375
356 15.732192993164063
357 14.908500671386719
358 15.355606079101563
359 10.509796142578125
360 17.570205688476563
361 16.75220489501953
362 15.269905090332031
363 15.539100646972656
364 15.365798950195313
365 13.869903564453125
366 16.732696533203125
367 17.158096313476563
368 13.379302978515625
369 13.320297241210938
370 16.720001220703125
371 17.394195556640625
372 17.613006591796875
373 15.154594421386719
374 15.645095825195313
375 14.951797485351563
376 14.173599243164063
377 12.090095520019531
378 16.209503173828125
379 16.729103088378906
380 14.812294006347656
381 15.67340087890625
382 13.805305480957031
383 13.000602722167969
384 15.019599914550781
385 13.686393737792969
386 11.990699768066406
387 12.111305236816406
388 10.16180419921875
389 10.156196594238281
390 9.094200134277344
391 12.473800659179688
392 9.454597473144531
393 9.743896484375
394 8.535301208496094
395 9.599700927734375
396 11.496604919433594
397 9.707695007324219
398 9.295600891113281
399 10.232505798339844
400 10.176902770996094
401 9.44940185546875
402 11.917503356933594
403 13.116401672363281
404 9.353401184082031
405 11.536201477050781
406 11.992393493652344
407 12.771797180175781
408 13.200996398925781
409 13.619903564453125
410 14.530899047851563
411 13.937103271484375
412 11.37750244140625
413 13.93060302734375
414 14.802398681640625
415 11.749404907226563
416 11.513397216796875
417 11.47979736328125
418 11.384101867675781
419 13.302803039550781
420 12.963699340820313
421 12.607597351074219
422 15.598098754882813
423 14.706794738769531
424 17.19550323486328
425 16.554100036621094
426 15.248306274414063
427 15.372299194335938
428 12.542694091796875
429 14.988006591796875
430 18.774002075195313
431 13.197105407714844
432 14.975997924804688
433 16.600006103515625
434 14.622604370117188
435 14.499801635742188
436 14.719093322753906
437 13.554298400878906
438 12.479499816894531
439 12.779197692871094
440 15.608596801757813
441 13.946601867675781
442 10.908599853515625
443 11.727104187011719
444 12.653602600097656
445 12.283195495605469
446 13.343498229980469
447 12.206100463867188
448 12.408607482910156
449 10.450294494628906
450 12.133399963378906
451 14.94049072265625
452 12.193397521972656
453 13.705398559570313
454 15.999397277832031
455 12.049201965332031
456 11.999298095703125
457 12.843505859375
458 12.555503845214844
459 12.475204467773438
460 13.074790954589844
461 11.169502258300781
462 12.799110412597656
463 9.564201354980469
464 8.728996276855469
465 10.203598022460938
466 8.756103515625
467 11.176101684570313
468 14.209602355957031
469 15.0823974609375
470 13.942100524902344
471 12.030899047851563
472 12.33709716796875
473 10.982505798339844
474 13.730499267578125
475 12.196701049804688
476 15.271995544433594
477 15.096397399902344
478 13.835502624511719
479 10.912002563476563
480 12.169593811035156
481 12.447700500488281
482 10.309799194335938
483 12.099998474121094
484 13.996696472167969
485 12.862800598144531
486 14.038894653320313
487 16.369796752929688
488 17.472503662109375
489 15.729202270507813
490 14.740196228027344
491 15.273895263671875
492 16.8905029296875
493 15.132804870605469
494 11.419204711914063
495 10.18389892578125
496 12.215797424316406
497 9.666496276855469
498 13.198600769042969
499 12.234001159667969
500 12.858001708984375
