0 39.24560546875
1 39.24560546875
2 39.99469757080078
3 39.921112060546875
4 35.772804260253906
5 32.34020233154297
6 33.638511657714844
7 34.38860321044922
8 37.01060485839844
9 37.743202209472656
10 35.435302734375
11 35.35130310058594
12 37.308998107910156
13 34.194000244140625
14 33.65819549560547
15 32.72179412841797
16 28.02820587158203
17 26.323707580566406
18 27.49781036376953
19 29.43470001220703
20 29.061203002929688
21 27.986900329589844
22 24.871902465820313
23 25.799301147460938
24 26.554092407226563
25 25.680206298828125
26 25.494606018066406
27 27.462608337402344
28 27.509010314941406
29 29.54419708251953
30 28.46100616455078
31 26.134300231933594
32 26.870704650878906
33 26.781105041503906
34 27.052200317382813
35 26.48059844970703
36 27.148902893066406
37 26.673004150390625
38 27.08849334716797
39 25.917098999023438
40 24.47149658203125
41 28.151702880859375
42 25.29010009765625
43 24.13690185546875
44 24.71959686279297
45 25.436798095703125
46 25.136009216308594
47 26.11920166015625
48 25.53680419921875
49 26.736907958984375
50 25.519203186035156
51 23.24469757080078
52 24.16790771484375
53 23.7593994140625
54 25.24590301513672
55 26.843406677246094
56 26.350799560546875
57 25.62360382080078
58 26.601303100585938
59 24.71209716796875
60 24.74720001220703
61 25.828208923339844
62 26.462608337402344
63 27.94001007080078
64 26.36260223388672
65 27.033897399902344
66 26.28900146484375
67 28.788497924804688
68 25.850204467773438
69 25.479904174804688
70 27.746597290039063
71 26.32079315185547
72 24.407196044921875
73 25.65160369873047
74 25.394798278808594
75 25.63379669189453
76 24.4635009765625
77 24.068397521972656
78 24.44499969482422
79 24.200592041015625
80 25.86309814453125
81 25.51720428466797
82 25.185501098632813
83 25.117904663085938
84 26.197799682617188
85 26.182205200195313
86 26.078598022460938
87 25.543899536132813
88 25.286605834960938
89 26.554901123046875
90 25.13959503173828
91 25.91309356689453
92 23.549598693847656
93 25.824996948242188
94 26.144500732421875
95 24.222206115722656
96 25.09320831298828
97 26.693199157714844
98 24.517593383789063
99 25.70880889892578
100 25.173904418945313
101 25.548599243164063
102 26.362701416015625
103 26.297500610351563
104 28.327713012695313
105 26.131103515625
106 26.47010040283203
107 30.80719757080078
108 29.877304077148438
109 28.879600524902344
110 25.577598571777344
111 29.194503784179688
112 28.60150146484375
113 27.84850311279297
114 27.134597778320313
115 26.658203125
116 26.216705322265625
117 24.00859832763672
118 23.95110321044922
119 22.575103759765625
120 23.23180389404297
121 22.407203674316406
122 23.60590362548828
123 25.07219696044922
124 25.412704467773438
125 24.38690185546875
126 27.71880340576172
127 24.748001098632813
128 26.17919921875
129 25.450103759765625
130 24.76189422607422
131 25.148895263671875
132 26.686500549316406
133 26.4320068359375
134 27.81250762939453
135 27.065902709960938
136 25.989097595214844
137 25.237396240234375
138 24.69049072265625
139 27.499298095703125
140 27.117401123046875
141 27.730804443359375
142 25.987098693847656
143 28.58690643310547
144 27.892799377441406
145 28.033302307128906
146 26.48650360107422
147 27.82140350341797
148 25.07160186767578
149 25.59709930419922
150 26.50659942626953
151 29.14130401611328
152 26.068992614746094
153 25.999298095703125
154 23.09459686279297
155 24.45470428466797
156 24.941505432128906
157 24.403404235839844
158 24.476295471191406
159 23.570899963378906
160 25.86590576171875
161 25.346603393554688
162 24.464309692382813
163 21.704299926757813
164 25.34539794921875
165 24.488502502441406
166 26.75811004638672
167 24.89080047607422
168 27.11510467529297
169 24.063095092773438
170 27.82080078125
171 27.05280303955078
172 26.483299255371094
173 28.583602905273438
174 23.037704467773438
175 24.163299560546875
176 24.064300537109375
177 24.678199768066406
178 25.901100158691406
179 25.739097595214844
180 22.2666015625
181 24.32939910888672
182 25.16919708251953
183 24.383697509765625
184 21.367202758789063
185 23.765792846679688
186 24.85930633544922
187 24.498695373535156
188 25.26190185546875
189 22.18780517578125
190 22.326400756835938
191 21.52989959716797
192 23.403404235839844
193 21.508499145507813
194 23.50029754638672
195 24.536605834960938
196 24.9071044921875
197 24.003204345703125
198 21.518203735351563
199 24.960006713867188
200 25.240402221679688
201 25.37530517578125
202 26.277999877929688
203 27.46710205078125
204 27.104705810546875
205 25.397598266601563
206 23.843101501464844
207 23.387298583984375
208 26.315704345703125
209 27.765304565429688
210 27.575103759765625
211 26.565101623535156
212 27.455101013183594
213 26.625999450683594
214 28.127403259277344
215 26.51580047607422
216 24.772598266601563
217 26.30699920654297
218 27.740997314453125
219 26.635597229003906
220 25.905494689941406
221 24.903404235839844
222 26.304298400878906
223 26.065902709960938
224 26.862503051757813
225 24.152603149414063
226 25.735496520996094
227 25.340797424316406
228 26.073104858398438
229 26.512001037597656
230 28.120697021484375
231 25.40489959716797
232 25.141098022460938
233 24.652206420898438
234 26.40070343017578
235 22.831993103027344
236 25.87799835205078
237 24.42559814453125
238 25.885597229003906
239 25.04480743408203
240 27.05999755859375
241 26.455894470214844
242 28.16399383544922
243 28.019798278808594
244 30.189002990722656
245 28.316696166992188
246 26.941001892089844
247 26.508506774902344
248 27.442001342773438
249 27.9248046875
250 25.984703063964844
251 26.191307067871094
252 28.772605895996094
253 25.57849884033203
254 23.807693481445313
255 25.88249969482422
256 27.088401794433594
257 27.36090850830078
258 24.257102966308594
259 26.245101928710938
260 25.368202209472656
261 26.877304077148438
262 25.82360076904297
263 25.258506774902344
264 26.417694091796875
265 25.583099365234375
266 25.584800720214844
267 25.769203186035156
268 24.641403198242188
269 28.237396240234375
270 26.782699584960938
271 24.851791381835938
272 25.95330047607422
273 27.38410186767578
274 25.541595458984375
275 24.676002502441406
276 25.281105041503906
277 26.69190216064453
278 25.69610595703125
279 25.394004821777344
280 25.44080352783203
281 25.708694458007813
282 26.63030242919922
283 25.322608947753906
284 26.013595581054688
285 26.73370361328125
286 25.91480255126953
287 25.25550079345703
288 25.098297119140625
289 26.613502502441406
290 26.274703979492188
291 25.49950408935547
292 24.827102661132813
293 25.597396850585938
294 23.038902282714844
295 22.980392456054688
296 24.40789794921875
297 23.661605834960938
298 24.602508544921875
299 24.593894958496094
300 23.404296875
301 25.545303344726563
302 25.77509307861328
303 26.903099060058594
304 26.9967041015625
305 25.689697265625
306 28.072296142578125
307 26.56670379638672
308 27.705398559570313
309 27.265396118164063
310 25.166000366210938
311 25.230003356933594
312 28.827606201171875
313 29.12889862060547
314 26.759605407714844
315 27.42919921875
316 26.82270050048828
317 25.59009552001953
318 25.638504028320313
319 25.500999450683594
320 26.87060546875
321 27.436904907226563
322 26.641502380371094
323 24.370101928710938
324 25.088096618652344
325 24.553207397460938
326 23.74720001220703
327 23.13928985595703
328 25.53240203857422
329 25.86510467529297
330 26.90709686279297
331 25.57019805908203
332 27.407501220703125
333 27.668106079101563
334 27.6907958984375
335 26.563697814941406
336 24.970306396484375
337 24.46630096435547
338 26.998001098632813
339 26.644798278808594
340 26.04290008544922
341 26.75330352783203
342 25.075698852539063
343 24.228797912597656
344 23.595802307128906
345 24.89600372314453
346 24.23149871826172
347 24.142799377441406
348 23.5115966796875
349 24.587196350097656
350 24.555809020996094
351 24.274993896484375
352 24.82550048828125
353 24.416404724121094
354 24.987205505371094
355 27.131103515625
356 27.3822021484375
357 26.0885009765625
358 26.1156005859375
359 23.259796142578125
360 27.370201110839844
361 26.052200317382813
362 25.759902954101563
363 25.979095458984375
364 27.355804443359375
365 26.71990203857422
366 27.432693481445313
367 26.9281005859375
368 25.369300842285156
369 25.820297241210938
370 27.650009155273438
371 28.6842041015625
372 27.563003540039063
373 27.544601440429688
374 25.91510009765625
375 26.571800231933594
376 25.82360076904297
377 25.440093994140625
378 28.04949951171875
379 26.8291015625
380 27.122299194335938
381 27.68340301513672
382 26.165306091308594
383 25.780601501464844
384 27.03960418701172
385 25.086395263671875
386 24.58069610595703
387 24.2113037109375
388 23.131805419921875
389 23.566207885742188
390 23.4342041015625
391 24.673797607421875
392 22.604598999023438
393 24.343902587890625
394 22.25530242919922
395 23.20970916748047
396 24.656600952148438
397 21.987693786621094
398 22.515602111816406
399 23.222503662109375
400 22.926902770996094
401 22.099403381347656
402 24.417503356933594
403 23.81639862060547
404 22.773406982421875
405 24.29620361328125
406 24.422401428222656
407 24.001792907714844
408 25.801002502441406
409 25.819908142089844
410 25.9208984375
411 26.78710174560547
412 23.767501831054688
413 24.820602416992188
414 25.172401428222656
415 23.77941131591797
416 22.24340057373047
417 23.779800415039063
418 23.494102478027344
419 24.852798461914063
420 25.713699340820313
421 24.60759735107422
422 25.81810760498047
423 25.876792907714844
424 28.915504455566406
425 27.684097290039063
426 26.088302612304688
427 26.29229736328125
428 25.002700805664063
429 26.4580078125
430 27.71399688720703
431 24.927101135253906
432 26.865997314453125
433 27.269996643066406
434 25.86260223388672
435 25.899795532226563
436 27.07909393310547
437 25.874305725097656
438 24.349502563476563
439 25.009193420410156
440 27.178604125976563
441 26.02660369873047
442 24.068603515625
443 24.767105102539063
444 25.363609313964844
445 24.803199768066406
446 25.90350341796875
447 23.966102600097656
448 25.18860626220703
449 23.67029571533203
450 24.283401489257813
451 25.340492248535156
452 25.023399353027344
453 25.875396728515625
454 27.049400329589844
455 24.48920440673828
456 24.889305114746094
457 25.813499450683594
458 25.52550506591797
459 24.09520721435547
460 23.374801635742188
461 22.659500122070313
462 24.479110717773438
463 23.104209899902344
464 21.458999633789063
465 23.233604431152344
466 21.676101684570313
467 24.01610565185547
468 26.189598083496094
469 27.102401733398438
470 25.882095336914063
471 24.86089324951172
472 24.567100524902344
473 23.672508239746094
474 25.370498657226563
475 24.196701049804688
476 26.652000427246094
477 25.00640106201172
478 24.295501708984375
479 23.652000427246094
480 23.549598693847656
481 23.857704162597656
482 22.899803161621094
483 24.360000610351563
484 26.096702575683594
485 25.702796936035156
486 25.528900146484375
487 25.98979949951172
488 26.332504272460938
489 28.23919677734375
490 26.77019500732422
491 26.783897399902344
492 27.060501098632813
493 26.86279296875
494 23.8092041015625
495 23.713905334472656
496 25.045799255371094
497 23.566497802734375
498 25.6885986328125
499 25.194000244140625
500 24.808006286621094
