0 26.67560577392578
1 26.67559814453125
2 31.214698791503906
3 28.06110382080078
4 23.05280303955078
5 18.010208129882813
6 20.548507690429688
7 22.008590698242188
8 24.48059844970703
9 24.46320343017578
10 21.815292358398438
11 20.691307067871094
12 23.958999633789063
13 19.384002685546875
14 17.548194885253906
15 17.72179412841797
16 12.348197937011719
17 10.063697814941406
18 12.047798156738281
19 13.854705810546875
20 14.321205139160156
21 13.826896667480469
22 11.471900939941406
23 11.71929931640625
24 12.034103393554688
25 11.450202941894531
26 10.634605407714844
27 13.352607727050781
28 13.558998107910156
29 17.86420440673828
30 15.181007385253906
31 13.514305114746094
32 14.980705261230469
33 14.461097717285156
34 14.56219482421875
35 13.940605163574219
36 13.998908996582031
37 13.14300537109375
38 13.308494567871094
39 12.447097778320313
40 11.441505432128906
41 14.661705017089844
42 12.240097045898438
43 11.766899108886719
44 14.119606018066406
45 14.696800231933594
46 13.375999450683594
47 14.259201049804688
48 12.65679931640625
49 13.996902465820313
50 12.229202270507813
51 11.164695739746094
52 11.107894897460938
53 10.359405517578125
54 12.535903930664063
55 12.563400268554688
56 11.790794372558594
57 11.523597717285156
58 13.411300659179688
59 12.412101745605469
60 13.06719970703125
61 13.178199768066406
62 13.702606201171875
63 15.19000244140625
64 14.712600708007813
65 15.543899536132813
66 13.858993530273438
67 16.978500366210938
68 12.850204467773438
69 12.889900207519531
70 16.796600341796875
71 16.030799865722656
72 14.707191467285156
73 13.061599731445313
74 12.604804992675781
75 12.973800659179688
76 11.203506469726563
77 11.268394470214844
78 11.655006408691406
79 10.080596923828125
80 13.183097839355469
81 13.057205200195313
82 12.415496826171875
83 12.167900085449219
84 13.537803649902344
85 13.07220458984375
86 13.078598022460938
87 12.963897705078125
88 12.436599731445313
89 13.074905395507813
90 12.129600524902344
91 13.193107604980469
92 10.729598999023438
93 11.495002746582031
94 12.134498596191406
95 11.142204284667969
96 11.303199768066406
97 12.543197631835938
98 10.607597351074219
99 13.298805236816406
100 11.233901977539063
101 11.858596801757813
102 12.192703247070313
103 12.287498474121094
104 13.747711181640625
105 11.731101989746094
106 12.250099182128906
107 15.697196960449219
108 15.767295837402344
109 14.699600219726563
110 11.307594299316406
111 15.564498901367188
112 15.681503295898438
113 13.768501281738281
114 15.104598999023438
115 12.828193664550781
116 12.086700439453125
117 10.508598327636719
118 10.231101989746094
119 8.805099487304688
120 10.331794738769531
121 8.767204284667969
122 10.715896606445313
123 12.76220703125
124 13.012702941894531
125 12.066902160644531
126 14.668800354003906
127 11.798004150390625
128 12.989204406738281
129 12.41009521484375
130 11.231903076171875
131 12.718894958496094
132 13.846488952636719
133 12.192001342773438
134 13.822502136230469
135 12.6759033203125
136 11.859092712402344
137 10.407402038574219
138 11.330497741699219
139 12.959297180175781
140 12.477401733398438
141 13.540802001953125
142 11.837104797363281
143 13.696907043457031
144 14.292800903320313
145 13.413299560546875
146 11.236495971679688
147 13.041404724121094
148 10.2615966796875
149 11.437095642089844
150 11.736595153808594
151 14.011299133300781
152 12.488998413085938
153 11.09930419921875
154 8.344596862792969
155 9.294700622558594
156 10.021499633789063
157 9.703399658203125
158 9.376296997070313
159 8.120903015136719
160 10.345901489257813
161 9.886604309082031
162 8.734298706054688
163 6.514305114746094
164 9.385398864746094
165 9.038497924804688
166 11.028106689453125
167 9.100799560546875
168 11.055099487304688
169 8.633094787597656
170 12.340805053710938
171 12.342796325683594
172 11.7532958984375
173 14.083602905273438
174 8.45770263671875
175 9.153305053710938
176 9.404304504394531
177 10.178199768066406
178 10.871101379394531
179 10.4591064453125
180 6.916603088378906
181 9.139404296875
182 9.399200439453125
183 9.073699951171875
184 7.467193603515625
185 10.175796508789063
186 9.679298400878906
187 10.288703918457031
188 10.001899719238281
189 7.157806396484375
190 7.426399230957031
191 7.069892883300781
192 8.143402099609375
193 5.158500671386719
194 7.4503021240234375
195 8.536605834960938
196 9.46710205078125
197 8.173202514648438
198 5.5382080078125
199 9.390007019042969
200 9.490394592285156
201 9.725296020507813
202 10.998001098632813
203 11.167098999023438
204 12.114700317382813
205 10.087593078613281
206 8.263107299804688
207 7.5572967529296875
208 10.065704345703125
209 12.945297241210938
210 11.895095825195313
211 11.035102844238281
212 12.28509521484375
213 10.546005249023438
214 12.257400512695313
215 11.165802001953125
216 8.932601928710938
217 11.007003784179688
218 12.441001892089844
219 11.135604858398438
220 10.595497131347656
221 9.493400573730469
222 11.024299621582031
223 10.765899658203125
224 11.302505493164063
225 8.932601928710938
226 10.555496215820313
227 11.180801391601563
228 11.423103332519531
229 11.422004699707031
230 12.510696411132813
231 9.974899291992188
232 9.791099548339844
233 9.032203674316406
234 10.53070068359375
235 7.372001647949219
236 9.987998962402344
237 9.395599365234375
238 10.505599975585938
239 10.444801330566406
240 12.790000915527344
241 12.015899658203125
242 13.454002380371094
243 13.819793701171875
244 16.188995361328125
245 13.756698608398438
246 12.490997314453125
247 12.708503723144531
248 12.531997680664063
249 12.764801025390625
250 11.784698486328125
251 12.051307678222656
252 13.892601013183594
253 10.068496704101563
254 8.257698059082031
255 10.272499084472656
256 12.3583984375
257 12.330902099609375
258 9.127098083496094
259 11.16510009765625
260 10.008193969726563
261 11.1072998046875
262 10.613594055175781
263 9.498497009277344
264 10.967704772949219
265 10.533103942871094
266 10.874794006347656
267 12.259201049804688
268 9.941398620605469
269 14.727394104003906
270 13.712699890136719
271 11.071792602539063
272 11.503303527832031
273 13.234107971191406
274 12.281600952148438
275 12.905998229980469
276 12.44110107421875
277 12.551902770996094
278 12.6260986328125
279 11.314002990722656
280 11.57080078125
281 11.908699035644531
282 13.730308532714844
283 11.582603454589844
284 13.313591003417969
285 14.673698425292969
286 14.754798889160156
287 12.815498352050781
288 12.948310852050781
289 13.253501892089844
290 13.224700927734375
291 12.329498291015625
292 11.337104797363281
293 12.907394409179688
294 9.268898010253906
295 10.360397338867188
296 9.707901000976563
297 9.771598815917969
298 10.302505493164063
299 11.213897705078125
300 9.284294128417969
301 11.795295715332031
302 12.075096130371094
303 13.023109436035156
304 12.906700134277344
305 11.779701232910156
306 13.812301635742188
307 12.216705322265625
308 14.395408630371094
309 13.355400085449219
310 10.195999145507813
311 10.270004272460938
312 16.09760284423828
313 15.688896179199219
314 13.509605407714844
315 13.779197692871094
316 13.662696838378906
317 13.080101013183594
318 11.198501586914063
319 11.131004333496094
320 13.020606994628906
321 13.456901550292969
322 12.131500244140625
323 10.780105590820313
324 10.778099060058594
325 9.833198547363281
326 9.657196044921875
327 8.439292907714844
328 12.322395324707031
329 11.865104675292969
330 13.577102661132813
331 11.440200805664063
332 14.387496948242188
333 13.728103637695313
334 14.060798645019531
335 12.673698425292969
336 10.850303649902344
337 10.926300048828125
338 12.697998046875
339 12.864799499511719
340 12.132904052734375
341 13.923301696777344
342 13.605697631835938
343 11.07879638671875
344 10.615798950195313
345 12.765998840332031
346 10.681495666503906
347 10.18280029296875
348 8.881599426269531
349 11.087203979492188
350 9.715805053710938
351 9.134994506835938
352 11.035499572753906
353 10.37640380859375
354 11.227195739746094
355 13.7611083984375
356 13.792198181152344
357 12.448493957519531
358 11.415603637695313
359 8.289794921875
360 13.690200805664063
361 12.122200012207031
362 11.579902648925781
363 10.879096984863281
364 13.735801696777344
365 11.629905700683594
366 13.872703552246094
367 12.6781005859375
368 10.919303894042969
369 11.920295715332031
370 13.090003967285156
371 15.404205322265625
372 13.222999572753906
373 13.194595336914063
374 11.265098571777344
375 11.941802978515625
376 11.643600463867188
377 12.270095825195313
378 15.379501342773438
379 13.289100646972656
380 13.262298583984375
381 14.92340087890625
382 12.605300903320313
383 14.340599060058594
384 14.27960205078125
385 10.566398620605469
386 10.420700073242188
387 9.371299743652344
388 7.8618011474609375
389 10.026199340820313
390 9.99420166015625
391 11.213798522949219
392 9.944602966308594
393 11.463897705078125
394 8.8052978515625
395 9.359703063964844
396 11.32659912109375
397 7.2776947021484375
398 8.145591735839844
399 7.772499084472656
400 7.8668975830078125
401 7.639404296875
402 9.887504577636719
403 9.346397399902344
404 8.443405151367188
405 9.756202697753906
406 9.862396240234375
407 10.731803894042969
408 12.981010437011719
409 12.959907531738281
410 12.4208984375
411 12.987098693847656
412 11.617500305175781
413 10.890602111816406
414 11.992401123046875
415 10.719406127929688
416 7.863395690917969
417 10.089797973632813
418 10.194107055664063
419 10.512802124023438
420 11.463699340820313
421 11.137596130371094
422 12.578102111816406
423 11.686798095703125
424 16.235496520996094
425 14.554100036621094
426 13.518302917480469
427 13.782302856445313
428 11.072700500488281
429 12.477996826171875
430 13.833992004394531
431 10.897102355957031
432 12.535995483398438
433 14.170005798339844
434 13.052597045898438
435 13.009803771972656
436 12.989097595214844
437 12.264305114746094
438 11.279502868652344
439 11.939193725585938
440 13.478591918945313
441 12.586601257324219
442 10.208602905273438
443 11.137100219726563
444 13.233604431152344
445 12.063201904296875
446 12.473503112792969
447 10.036102294921875
448 11.328605651855469
449 9.440299987792969
450 10.243400573730469
451 11.050491333007813
452 10.203399658203125
453 12.34539794921875
454 13.769401550292969
455 11.259201049804688
456 11.829299926757813
457 11.52349853515625
458 12.785499572753906
459 10.165206909179688
460 9.804794311523438
461 8.689498901367188
462 11.229103088378906
463 10.224205017089844
464 8.028999328613281
465 9.953598022460938
466 8.406105041503906
467 10.886093139648438
468 14.009597778320313
469 13.02239990234375
470 12.392097473144531
471 11.630897521972656
472 10.787094116210938
473 9.862503051757813
474 11.750495910644531
475 10.886703491210938
476 12.841995239257813
477 11.646400451660156
478 11.935501098632813
479 9.822006225585938
480 9.999595642089844
481 9.637702941894531
482 8.169792175292969
483 10.599998474121094
484 12.256706237792969
485 11.562797546386719
486 11.348899841308594
487 12.639801025390625
488 12.88250732421875
489 14.639205932617188
490 12.8302001953125
491 13.443901062011719
492 14.08050537109375
493 13.612800598144531
494 10.379203796386719
495 9.713897705078125
496 11.905799865722656
497 10.216499328613281
498 11.608604431152344
499 11.554000854492188
500 10.598007202148438
