0 28.10559844970703
1 28.10559844970703
2 32.13469696044922
3 29.711105346679688
4 25.782798767089844
5 21.000205993652344
6 23.34850311279297
7 23.50859832763672
8 26.80060577392578
9 26.313209533691406
10 24.36529541015625
11 23.081298828125
12 25.388992309570313
13 20.993995666503906
14 20.108192443847656
15 19.271804809570313
16 14.518203735351563
17 12.193702697753906
18 14.18780517578125
19 16.394699096679688
20 17.04119110107422
21 16.74689483642578
22 14.751899719238281
23 14.609298706054688
24 15.134101867675781
25 14.660202026367188
26 13.854598999023438
27 16.202598571777344
28 16.10900115966797
29 20.74420928955078
30 18.261001586914063
31 16.874298095703125
32 18.130699157714844
33 17.25110626220703
34 17.462196350097656
35 16.420608520507813
36 16.778907775878906
37 15.89300537109375
38 16.34850311279297
39 15.137100219726563
40 14.29150390625
41 17.571701049804688
42 15.170097351074219
43 15.036903381347656
44 17.339599609375
45 18.27680206298828
46 16.20600128173828
47 16.85919952392578
48 15.746803283691406
49 16.246902465820313
50 15.389198303222656
51 14.00469970703125
52 14.227897644042969
53 13.539405822753906
54 15.695899963378906
55 15.443397521972656
56 14.610801696777344
57 14.733604431152344
58 16.291305541992188
59 15.862098693847656
60 16.157203674316406
61 16.358200073242188
62 16.842605590820313
63 18.209999084472656
64 17.85260009765625
65 18.963897705078125
66 17.08899688720703
67 19.738494873046875
68 15.960205078125
69 16.119895935058594
70 19.3865966796875
71 18.600807189941406
72 17.467193603515625
73 16.08160400390625
74 15.954795837402344
75 16.173805236816406
76 14.233505249023438
77 14.41839599609375
78 14.885009765625
79 13.140602111816406
80 16.11309814453125
81 16.227203369140625
82 15.765495300292969
83 14.407905578613281
84 16.097801208496094
85 15.732208251953125
86 16.458595275878906
87 16.513900756835938
88 15.666610717773438
89 16.34490203857422
90 15.099601745605469
91 16.163101196289063
92 13.799606323242188
93 14.425003051757813
94 14.884506225585938
95 13.972198486328125
96 14.013198852539063
97 15.073204040527344
98 13.687599182128906
99 16.738800048828125
100 14.393905639648438
101 15.338600158691406
102 15.502700805664063
103 15.917503356933594
104 16.997703552246094
105 14.501106262207031
106 15.090103149414063
107 18.4971923828125
108 18.317298889160156
109 17.339599609375
110 14.517601013183594
111 18.394500732421875
112 18.391502380371094
113 16.63849639892578
114 18.09459686279297
115 16.068199157714844
116 14.786705017089844
117 13.718597412109375
118 13.631095886230469
119 12.485099792480469
120 14.051795959472656
121 12.207199096679688
122 13.975898742675781
123 16.08220672607422
124 16.102706909179688
125 15.306907653808594
126 18.078811645507813
127 15.298004150390625
128 15.919197082519531
129 15.620094299316406
130 14.301902770996094
131 16.088905334472656
132 16.89649200439453
133 15.0419921875
134 16.25250244140625
135 15.195899963378906
136 14.689102172851563
137 13.677398681640625
138 14.530494689941406
139 15.83929443359375
140 15.627403259277344
141 16.350799560546875
142 14.777099609375
143 16.486907958984375
144 16.902801513671875
145 15.513298034667969
146 14.256492614746094
147 16.091400146484375
148 13.211601257324219
149 14.557106018066406
150 14.906600952148438
151 16.53130340576172
152 15.218994140625
153 13.889297485351563
154 11.454605102539063
155 12.4447021484375
156 13.411506652832031
157 12.993400573730469
158 12.346298217773438
159 10.780899047851563
160 13.035896301269531
161 12.336601257324219
162 11.244300842285156
163 8.84429931640625
164 11.59539794921875
165 10.998497009277344
166 13.448104858398438
167 12.170799255371094
168 14.065101623535156
169 11.043098449707031
170 15.280799865722656
171 15.36279296875
172 14.993301391601563
173 17.103599548339844
174 11.807701110839844
175 12.273300170898438
176 12.744300842285156
177 13.418197631835938
178 13.761100769042969
179 13.509101867675781
180 9.776603698730469
181 12.139396667480469
182 12.329200744628906
183 12.393707275390625
184 10.7572021484375
185 13.3157958984375
186 12.749298095703125
187 13.438697814941406
188 13.191902160644531
189 10.037796020507813
190 10.466400146484375
191 9.939895629882813
192 10.80340576171875
193 7.888496398925781
194 10.280303955078125
195 11.186599731445313
196 12.237098693847656
197 10.873199462890625
198 8.108200073242188
199 11.700004577636719
200 12.520401000976563
201 12.8052978515625
202 13.75799560546875
203 13.067100524902344
204 14.424697875976563
205 12.907600402832031
206 11.18310546875
207 10.3572998046875
208 12.40570068359375
209 15.335304260253906
210 13.895095825195313
211 13.525100708007813
212 14.635093688964844
213 12.986000061035156
214 14.757400512695313
215 13.535804748535156
216 11.10260009765625
217 13.037002563476563
218 14.751007080078125
219 13.42559814453125
220 13.155502319335938
221 11.913406372070313
222 13.504295349121094
223 12.9259033203125
224 13.75250244140625
225 11.512603759765625
226 12.605499267578125
227 13.410804748535156
228 13.173103332519531
229 13.512001037597656
230 14.220695495605469
231 12.324897766113281
232 12.351097106933594
233 11.342201232910156
234 13.020698547363281
235 9.972000122070313
236 12.597999572753906
237 11.505599975585938
238 12.785598754882813
239 13.364799499511719
240 15.129997253417969
241 14.6759033203125
242 15.564002990722656
243 15.599800109863281
244 17.8489990234375
245 16.016708374023438
246 15.101005554199219
247 15.148506164550781
248 14.9320068359375
249 14.714805603027344
250 13.294700622558594
251 13.741310119628906
252 15.922599792480469
253 12.128501892089844
254 10.447700500488281
255 12.352500915527344
256 14.3583984375
257 14.230903625488281
258 11.397102355957031
259 12.79510498046875
260 12.068199157714844
261 13.67730712890625
262 12.553596496582031
263 11.518501281738281
264 13.137702941894531
265 13.043098449707031
266 13.35479736328125
267 14.859199523925781
268 12.431396484375
269 16.83740234375
270 16.172698974609375
271 13.511795043945313
272 13.723297119140625
273 15.554100036621094
274 14.851600646972656
275 14.846000671386719
276 15.041099548339844
277 14.861900329589844
278 15.356101989746094
279 13.603996276855469
280 13.960792541503906
281 14.238693237304688
282 15.720306396484375
283 14.012596130371094
284 15.37359619140625
285 16.773696899414063
286 16.24480438232422
287 14.525497436523438
288 15.268302917480469
289 15.923507690429688
290 15.784698486328125
291 14.759498596191406
292 13.827102661132813
293 15.167404174804688
294 12.118904113769531
295 13.010398864746094
296 12.53790283203125
297 12.471603393554688
298 12.962501525878906
299 13.303901672363281
300 11.684295654296875
301 13.785301208496094
302 13.905097961425781
303 15.173103332519531
304 14.896705627441406
305 14.199699401855469
306 16.182296752929688
307 14.496696472167969
308 16.4053955078125
309 15.335395812988281
310 12.785995483398438
311 12.639999389648438
312 18.03760528564453
313 17.598899841308594
314 15.399612426757813
315 15.889198303222656
316 15.412704467773438
317 14.860099792480469
318 13.378494262695313
319 13.611007690429688
320 15.100608825683594
321 15.486907958984375
322 14.971504211425781
323 13.210098266601563
324 13.278099060058594
325 12.763198852539063
326 11.997200012207031
327 11.199295043945313
328 14.632392883300781
329 14.455101013183594
330 16.177093505859375
331 13.840202331542969
332 16.55750274658203
333 15.688095092773438
334 16.610801696777344
335 15.173698425292969
336 13.480308532714844
337 13.186302185058594
338 15.267997741699219
339 15.23480224609375
340 14.522903442382813
341 16.37329864501953
342 15.815696716308594
343 13.268798828125
344 13.075798034667969
345 14.675994873046875
346 13.431495666503906
347 12.432807922363281
348 11.161598205566406
349 13.06719970703125
350 11.515800476074219
351 10.894996643066406
352 13.0155029296875
353 12.656402587890625
354 13.337196350097656
355 15.681106567382813
356 15.922195434570313
357 14.478500366210938
358 13.205596923828125
359 10.869796752929688
360 15.610206604003906
361 13.592201232910156
362 13.999900817871094
363 12.839096069335938
364 15.485801696777344
365 14.049903869628906
366 15.6427001953125
367 14.408103942871094
368 13.039299011230469
369 14.380302429199219
370 15.129997253417969
371 17.04419708251953
372 15.092994689941406
373 15.484596252441406
374 13.515106201171875
375 14.001800537109375
376 13.75360107421875
377 14.950096130371094
378 17.709503173828125
379 15.279106140136719
380 15.912300109863281
381 17.023399353027344
382 14.785301208496094
383 16.73059844970703
384 16.27960205078125
385 12.886398315429688
386 12.800697326660156
387 11.591300964355469
388 10.551803588867188
389 12.53619384765625
390 12.974205017089844
391 13.493797302246094
392 12.674598693847656
393 14.493896484375
394 11.565299987792969
395 11.849700927734375
396 14.246604919433594
397 9.847694396972656
398 11.285598754882813
399 10.852500915527344
400 10.676902770996094
401 10.589401245117188
402 12.487503051757813
403 11.206398010253906
404 11.17340087890625
405 12.41619873046875
406 12.302398681640625
407 12.691802978515625
408 15.631004333496094
409 15.059906005859375
410 14.330894470214844
411 15.71710205078125
412 13.907501220703125
413 12.770599365234375
414 13.14239501953125
415 12.329399108886719
416 9.643402099609375
417 12.339797973632813
418 12.244102478027344
419 12.752799987792969
420 13.583694458007813
421 13.757591247558594
422 14.608100891113281
423 13.696800231933594
424 18.295501708984375
425 16.234107971191406
426 15.398300170898438
427 15.452301025390625
428 13.58270263671875
429 14.487998962402344
430 15.553993225097656
431 13.297103881835938
432 14.706001281738281
433 15.540008544921875
434 15.002593994140625
435 14.999801635742188
436 15.299102783203125
437 14.954307556152344
438 13.539497375488281
439 14.269203186035156
440 15.918601989746094
441 14.726600646972656
442 12.838600158691406
443 13.877098083496094
444 15.683601379394531
445 14.443199157714844
446 14.933502197265625
447 12.326103210449219
448 13.888603210449219
449 12.4302978515625
450 12.583404541015625
451 13.220497131347656
452 12.223403930664063
453 14.555397033691406
454 15.929397583007813
455 13.579200744628906
456 14.46929931640625
457 14.373504638671875
458 15.175506591796875
459 12.755203247070313
460 12.404800415039063
461 11.239501953125
462 13.529106140136719
463 13.134201049804688
464 10.578994750976563
465 12.223594665527344
466 10.976104736328125
467 13.386093139648438
468 16.569602966308594
469 15.27239990234375
470 14.852096557617188
471 14.270896911621094
472 13.107093811035156
473 11.812507629394531
474 14.280502319335938
475 13.406700134277344
476 15.001998901367188
477 13.166404724121094
478 14.285507202148438
479 12.37200927734375
480 12.239601135253906
481 12.177711486816406
482 10.789794921875
483 12.819999694824219
484 15.026695251464844
485 14.262794494628906
486 13.898895263671875
487 14.379798889160156
488 14.452507019042969
489 17.149200439453125
490 15.190193176269531
491 15.503898620605469
492 16.13050079345703
493 16.032791137695313
494 12.999198913574219
495 12.1239013671875
496 14.69580078125
497 12.926498413085938
498 14.098609924316406
499 13.853996276855469
500 12.597999572753906
