0 17.715606689453125
1 17.715599060058594
2 16.87470245361328
3 17.81110382080078
4 20.2427978515625
5 18.65020751953125
6 18.328506469726563
7 14.928604125976563
8 18.850601196289063
9 19.933204650878906
10 17.44530487060547
11 19.061309814453125
12 17.83899688720703
13 16.22400665283203
14 21.21819305419922
15 19.011802673339844
16 22.08820343017578
17 17.583702087402344
18 14.68780517578125
19 17.43470001220703
20 13.261199951171875
21 16.70690155029297
22 18.791900634765625
23 15.949295043945313
24 16.534095764160156
25 17.13019561767578
26 14.704605102539063
27 14.592597961425781
28 12.239006042480469
29 15.294204711914063
30 11.201004028320313
31 12.114295959472656
32 11.950706481933594
33 10.991104125976563
34 9.76220703125
35 8.630599975585938
36 11.308906555175781
37 11.033004760742188
38 12.418495178222656
39 10.627098083496094
40 9.10150146484375
41 12.591705322265625
42 10.670097351074219
43 11.226905822753906
44 11.389595031738281
45 11.946800231933594
46 10.126007080078125
47 9.969192504882813
48 13.216796875
49 13.156898498535156
50 12.789199829101563
51 10.414695739746094
52 9.457901000976563
53 10.069404602050781
54 13.085906982421875
55 13.123397827148438
56 12.330795288085938
57 13.953598022460938
58 11.001304626464844
59 14.332099914550781
60 11.517196655273438
61 13.508201599121094
62 12.892608642578125
63 11.420005798339844
64 9.692604064941406
65 12.913902282714844
66 11.749000549316406
67 12.318496704101563
68 12.370201110839844
69 12.589897155761719
70 10.736602783203125
71 7.160797119140625
72 6.7671966552734375
73 9.661598205566406
74 10.374801635742188
75 10.823799133300781
76 11.953498840332031
77 12.91839599609375
78 14.514999389648438
79 12.700599670410156
80 11.893096923828125
81 13.977203369140625
82 12.425498962402344
83 9.467903137207031
84 12.957794189453125
85 12.592208862304688
86 13.778594970703125
87 14.873893737792969
88 14.876602172851563
89 12.034904479980469
90 12.359596252441406
91 9.36309814453125
92 9.699600219726563
93 13.035003662109375
94 12.30450439453125
95 11.482200622558594
96 10.383201599121094
97 11.603202819824219
98 12.107597351074219
99 11.138801574707031
100 16.393905639648438
101 19.078598022460938
102 19.03270721435547
103 14.397499084472656
104 17.96770477294922
105 16.06110382080078
106 18.09009552001953
107 20.547195434570313
108 16.027297973632813
109 18.869598388671875
110 16.03759765625
111 14.744491577148438
112 14.471504211425781
113 16.20849609375
114 13.814605712890625
115 16.748199462890625
116 14.656700134277344
117 11.658599853515625
118 12.661094665527344
119 14.375106811523438
120 21.27179718017578
121 15.177200317382813
122 15.455894470214844
123 13.892196655273438
124 15.412704467773438
125 13.776908874511719
126 18.168807983398438
127 17.808006286621094
128 20.389205932617188
129 18.41009521484375
130 13.951904296875
131 15.138900756835938
132 15.0364990234375
133 14.582000732421875
134 14.082504272460938
135 10.815902709960938
136 11.849098205566406
137 12.877395629882813
138 10.370498657226563
139 12.119300842285156
140 14.677398681640625
141 12.530799865722656
142 12.517097473144531
143 14.886894226074219
144 13.752792358398438
145 14.563301086425781
146 14.826499938964844
147 15.831398010253906
148 15.321601867675781
149 17.26709747314453
150 15.846603393554688
151 14.881301879882813
152 15.358993530273438
153 14.96929931640625
154 14.334602355957031
155 16.30469512939453
156 14.291496276855469
157 13.643402099609375
158 12.826301574707031
159 14.420906066894531
160 15.6759033203125
161 13.876602172851563
162 15.954299926757813
163 18.71430206298828
164 17.125404357910156
165 16.38849639892578
166 19.16809844970703
167 17.120803833007813
168 15.645095825195313
169 15.763099670410156
170 20.540802001953125
171 20.62279510498047
172 19.213302612304688
173 15.573600769042969
174 15.657707214355469
175 15.693305969238281
176 13.954299926757813
177 15.408203125
178 15.241104125976563
179 15.929100036621094
180 15.706596374511719
181 16.139404296875
182 16.529205322265625
183 16.293701171875
184 16.43720245361328
185 13.385795593261719
186 16.389305114746094
187 20.388702392578125
188 19.981903076171875
189 18.467796325683594
190 20.456398010253906
191 14.329902648925781
192 12.993400573730469
193 12.178497314453125
194 13.210296630859375
195 15.556602478027344
196 13.687103271484375
197 15.003211975097656
198 19.188201904296875
199 16.18000030517578
200 18.070404052734375
201 15.175300598144531
202 12.3179931640625
203 16.757102966308594
204 16.154708862304688
205 17.427597045898438
206 17.56310272216797
207 15.897300720214844
208 14.645706176757813
209 16.86530303955078
210 15.005104064941406
211 15.41510009765625
212 12.585098266601563
213 15.136009216308594
214 16.757400512695313
215 14.905799865722656
216 10.732597351074219
217 13.647003173828125
218 13.671005249023438
219 11.625602722167969
220 9.875495910644531
221 11.573402404785156
222 14.114303588867188
223 14.015907287597656
224 11.792503356933594
225 10.7926025390625
226 10.835494995117188
227 9.780799865722656
228 11.043098449707031
229 9.762001037597656
230 14.27069091796875
231 12.594902038574219
232 11.2510986328125
233 13.062202453613281
234 12.540702819824219
235 12.271995544433594
236 12.068000793457031
237 11.05560302734375
238 12.205596923828125
239 10.964805603027344
240 11.169998168945313
241 10.885902404785156
242 12.484001159667969
243 9.579803466796875
244 11.499000549316406
245 11.586700439453125
246 10.411003112792969
247 8.0885009765625
248 11.391998291015625
249 15.204803466796875
250 9.604698181152344
251 14.751304626464844
252 15.032600402832031
253 14.808502197265625
254 14.1376953125
255 17.05249786376953
256 11.948394775390625
257 16.560897827148438
258 16.21710968017578
259 16.695098876953125
260 14.298194885253906
261 13.1072998046875
262 12.403594970703125
263 16.45850372314453
264 13.647705078125
265 9.403099060058594
266 10.024795532226563
267 7.0092010498046875
268 7.62139892578125
269 8.557395935058594
270 7.632698059082031
271 7.7917938232421875
272 11.763298034667969
273 10.754104614257813
274 7.551597595214844
275 5.055999755859375
276 6.57110595703125
277 9.311897277832031
278 7.1161041259765625
279 6.3040008544921875
280 6.290794372558594
281 7.358695983886719
282 6.710304260253906
283 7.632606506347656
284 6.24359130859375
285 7.6237030029296875
286 3.1847991943359375
287 2.9054946899414063
288 4.898307800292969
289 7.52349853515625
290 7.5547027587890625
291 5.449501037597656
292 6.247100830078125
293 7.047401428222656
294 8.168899536132813
295 6.8603973388671875
296 11.777900695800781
297 9.471603393554688
298 10.152503967285156
299 7.343894958496094
300 6.994293212890625
301 8.49530029296875
302 5.765098571777344
303 8.443107604980469
304 9.846702575683594
305 7.789703369140625
306 10.122299194335938
307 6.336700439453125
308 8.485397338867188
309 8.235397338867188
310 9.285995483398438
311 11.220001220703125
312 10.007606506347656
313 10.7489013671875
314 8.489601135253906
315 7.889198303222656
316 6.302703857421875
317 7.110099792480469
318 7.778495788574219
319 9.861000061035156
320 9.330604553222656
321 10.746902465820313
322 11.011497497558594
323 7.5200958251953125
324 9.048103332519531
325 11.753196716308594
326 8.69720458984375
327 9.919296264648438
328 6.502403259277344
329 9.835105895996094
330 8.947097778320313
331 9.550201416015625
332 8.047500610351563
333 9.468093872070313
334 10.9407958984375
335 11.383705139160156
336 9.150306701660156
337 7.326301574707031
338 10.13800048828125
339 9.754806518554688
340 10.422904968261719
341 7.2532958984375
342 6.2156982421875
343 5.478797912597656
344 5.515800476074219
345 4.025993347167969
346 6.571502685546875
347 6.392799377441406
348 6.8115997314453125
349 6.597198486328125
350 9.025802612304688
351 8.334999084472656
352 6.085502624511719
353 5.81640625
354 6.867195129394531
355 7.411102294921875
356 7.462196350097656
357 8.258499145507813
358 8.6156005859375
359 6.819801330566406
360 7.760200500488281
361 8.442207336425781
362 8.269905090332031
363 9.849098205566406
364 9.855804443359375
365 12.159904479980469
366 9.692695617675781
367 7.838096618652344
368 8.499298095703125
369 7.520294189453125
370 9.620002746582031
371 7.7841949462890625
372 8.472999572753906
373 10.424598693847656
374 11.005096435546875
375 8.041793823242188
376 8.833595275878906
377 8.890098571777344
378 9.129501342773438
379 7.88909912109375
380 9.4822998046875
381 7.643402099609375
382 7.985298156738281
383 7.810600280761719
384 8.449600219726563
385 8.726394653320313
386 9.170700073242188
387 9.221305847167969
388 9.961799621582031
389 9.336196899414063
390 9.664207458496094
391 10.743804931640625
392 8.77459716796875
393 10.613899230957031
394 8.895301818847656
395 8.50970458984375
396 11.436607360839844
397 10.237693786621094
398 11.995597839355469
399 12.712501525878906
400 13.516899108886719
401 10.749404907226563
402 10.5675048828125
403 8.736396789550781
404 8.983406066894531
405 7.676200866699219
406 9.762397766113281
407 6.691802978515625
408 6.8910064697265625
409 7.58990478515625
410 8.720901489257813
411 9.887100219726563
412 7.5175018310546875
413 9.62060546875
414 8.412399291992188
415 6.5294036865234375
416 5.7534027099609375
417 7.769798278808594
418 6.8341064453125
419 8.402801513671875
420 8.643699645996094
421 7.007598876953125
422 6.9481048583984375
423 7.5968017578125
424 8.245506286621094
425 7.604103088378906
426 4.908302307128906
427 6.8423004150390625
428 8.602699279785156
429 9.618003845214844
430 9.253997802734375
431 8.937103271484375
432 10.175994873046875
433 7.529998779296875
434 7.472602844238281
435 7.85980224609375
436 11.549102783203125
437 10.614303588867188
438 5.9694976806640625
439 7.919197082519531
440 10.758598327636719
441 7.7866058349609375
442 8.148605346679688
443 8.617103576660156
444 6.8036041259765625
445 7.723197937011719
446 8.733497619628906
447 7.786102294921875
448 7.908599853515625
449 8.970298767089844
450 8.933403015136719
451 8.140495300292969
452 11.563400268554688
453 11.475395202636719
454 9.19940185546875
455 8.11920166015625
456 8.859298706054688
457 10.313507080078125
458 9.165504455566406
459 6.9752044677734375
460 4.9647979736328125
461 5.709503173828125
462 6.479103088378906
463 7.144203186035156
464 6.8289947509765625
465 7.4835968017578125
466 6.9860992431640625
467 8.366096496582031
468 9.14959716796875
469 11.052398681640625
470 11.512100219726563
471 9.5509033203125
472 11.667098999023438
473 10.9425048828125
474 9.020500183105469
475 9.306709289550781
476 10.131996154785156
477 8.166397094726563
478 8.065505981445313
479 7.802001953125
480 8.949600219726563
481 8.167701721191406
482 8.629798889160156
483 7.1699981689453125
484 8.976699829101563
485 11.042800903320313
486 10.128898620605469
487 8.049797058105469
488 7.802497863769531
489 11.049201965332031
490 12.020195007324219
491 9.383895874023438
492 11.240501403808594
493 10.392799377441406
494 5.889198303222656
495 7.843902587890625
496 10.015792846679688
497 8.266502380371094
498 9.078605651855469
499 7.903999328613281
500 7.4380035400390625
