0 29.225601196289063
1 29.22559356689453
2 28.50469970703125
3 26.351104736328125
4 24.162803649902344
5 20.860206604003906
6 22.918502807617188
7 25.478591918945313
8 25.880599975585938
9 28.363204956054688
10 23.445297241210938
11 27.59130096435547
12 27.829002380371094
13 29.154006958007813
14 27.51819610595703
15 27.561798095703125
16 26.328201293945313
17 24.36370086669922
18 23.337806701660156
19 23.51470184326172
20 19.701202392578125
21 20.1968994140625
22 19.551902770996094
23 17.33929443359375
24 19.01409912109375
25 17.720199584960938
26 17.244598388671875
27 18.142601013183594
28 17.149002075195313
29 18.48419952392578
30 18.000999450683594
31 15.134307861328125
32 15.170707702636719
33 15.741104125976563
34 15.192207336425781
35 16.290603637695313
36 16.598907470703125
37 15.693000793457031
38 17.08849334716797
39 15.8970947265625
40 13.6715087890625
41 16.971702575683594
42 14.890098571777344
43 13.366905212402344
44 13.079597473144531
45 12.676803588867188
46 13.746009826660156
47 14.409194946289063
48 15.66680908203125
49 17.12689971923828
50 16.42919921875
51 12.714698791503906
52 15.007904052734375
53 13.219406127929688
54 16.23590087890625
55 18.283409118652344
56 18.270797729492188
57 17.983604431152344
58 16.15130615234375
59 15.46209716796875
60 12.847198486328125
61 15.448196411132813
62 15.532600402832031
63 16.31999969482422
64 12.91259765625
65 14.93389892578125
66 15.648994445800781
67 16.52849578857422
68 16.810203552246094
69 15.059890747070313
70 15.356597900390625
71 12.88079833984375
72 11.407196044921875
73 13.95159912109375
74 15.144805908203125
75 14.7738037109375
76 14.413497924804688
77 15.978401184082031
78 16.145004272460938
79 15.590606689453125
80 15.813095092773438
81 16.7471923828125
82 15.025505065917969
83 14.937896728515625
84 15.997795104980469
85 15.522209167480469
86 17.708595275878906
87 16.12389373779297
88 16.786605834960938
89 16.934906005859375
90 14.7095947265625
91 13.8031005859375
92 13.899604797363281
93 18.025001525878906
94 18.014503479003906
95 14.022201538085938
96 15.283195495605469
97 17.243202209472656
98 14.697601318359375
99 14.008804321289063
100 17.023895263671875
101 19.86859893798828
102 20.51270294189453
103 17.107505798339844
104 21.387710571289063
105 19.081092834472656
106 21.090103149414063
107 25.157196044921875
108 20.287307739257813
109 21.189598083496094
110 19.237594604492188
111 19.9844970703125
112 18.281509399414063
113 18.378494262695313
114 15.554603576660156
115 17.118194580078125
116 16.75670623779297
117 14.798599243164063
118 13.261100769042969
119 13.03509521484375
120 14.711799621582031
121 14.267204284667969
122 15.055892944335938
123 15.242202758789063
124 15.052696228027344
125 13.6968994140625
126 17.168800354003906
127 14.978004455566406
128 19.049209594726563
129 15.880096435546875
130 14.661903381347656
131 14.058906555175781
132 16.97650146484375
133 17.211997985839844
134 19.62250518798828
135 19.465904235839844
136 18.49909210205078
137 17.987396240234375
138 15.050498962402344
139 19.76929473876953
140 19.08740234375
141 18.88079833984375
142 18.817100524902344
143 20.63690948486328
144 21.05280303955078
145 21.933303833007813
146 20.09650421142578
147 19.651397705078125
148 18.51160430908203
149 20.09709930419922
150 20.686599731445313
151 23.231300354003906
152 20.238990783691406
153 19.129302978515625
154 17.324600219726563
155 20.424705505371094
156 18.23149871826172
157 17.9833984375
158 17.8363037109375
159 21.79090118408203
160 22.28589630126953
161 20.366607666015625
162 20.804306030273438
163 23.454299926757813
164 24.765403747558594
165 25.058502197265625
166 24.098098754882813
167 21.800796508789063
168 21.865097045898438
169 21.213104248046875
170 24.230804443359375
171 22.652793884277344
172 19.723297119140625
173 20.32360076904297
174 16.94770050048828
175 17.863304138183594
176 16.124298095703125
177 18.068199157714844
178 19.331100463867188
179 19.129104614257813
180 18.046600341796875
181 20.37940216064453
182 18.99920654296875
183 18.953697204589844
184 17.337203979492188
185 17.37579345703125
186 20.259300231933594
187 19.518692016601563
188 19.02190399169922
189 20.297805786132813
190 19.796401977539063
191 17.2698974609375
192 19.18340301513672
193 18.498497009277344
194 18.460296630859375
195 20.416603088378906
196 19.59709930419922
197 19.433204650878906
198 21.018203735351563
199 22.26000213623047
200 21.490402221679688
201 19.335304260253906
202 18.117996215820313
203 22.02710723876953
204 21.984710693359375
205 20.6676025390625
206 19.92310333251953
207 20.137298583984375
208 22.575698852539063
209 23.67530059814453
210 23.005096435546875
211 22.875099182128906
212 20.865097045898438
213 23.106002807617188
214 23.667404174804688
215 22.495803833007813
216 17.91259765625
217 21.947006225585938
218 21.250999450683594
219 20.965606689453125
220 18.185501098632813
221 20.453407287597656
222 21.424301147460938
223 22.60590362548828
224 22.952499389648438
225 18.992599487304688
226 20.485504150390625
227 18.740798950195313
228 20.67310333251953
229 21.202003479003906
230 23.680694580078125
231 19.614898681640625
232 17.401100158691406
233 23.302200317382813
234 21.760704040527344
235 19.972000122070313
236 21.527999877929688
237 19.845596313476563
238 20.68560028076172
239 17.154800415039063
240 20.099998474121094
241 19.05590057373047
242 23.274002075195313
243 19.949798583984375
244 22.3489990234375
245 20.7366943359375
246 19.111007690429688
247 15.998504638671875
248 21.24199676513672
249 22.774803161621094
250 19.464698791503906
251 21.201309204101563
252 24.15259552001953
253 21.918495178222656
254 20.497703552246094
255 23.222503662109375
256 22.04839324951172
257 23.43090057373047
258 21.627098083496094
259 22.385101318359375
260 20.568206787109375
261 20.207305908203125
262 20.953598022460938
263 22.52849578857422
264 21.377700805664063
265 16.513099670410156
266 17.85479736328125
267 13.289199829101563
268 15.841400146484375
269 17.39739990234375
270 15.662696838378906
271 15.03179931640625
272 18.863296508789063
273 18.96410369873047
274 15.3916015625
275 14.035995483398438
276 13.361099243164063
277 17.81189727783203
278 13.546104431152344
279 15.324005126953125
280 15.63079833984375
281 15.598701477050781
282 16.080299377441406
283 15.652603149414063
284 15.083595275878906
285 14.913703918457031
286 13.364799499511719
287 13.195503234863281
288 13.3883056640625
289 16.623504638671875
290 17.304702758789063
291 15.219497680664063
292 14.027099609375
293 13.367401123046875
294 13.068901062011719
295 11.750396728515625
296 16.057899475097656
297 14.161598205566406
298 14.732505798339844
299 15.083900451660156
300 14.114303588867188
301 16.635292053222656
302 15.055099487304688
303 16.85309600830078
304 17.886703491210938
305 16.05970001220703
306 18.55230712890625
307 16.466705322265625
308 17.285400390625
309 18.46539306640625
310 16.055999755859375
311 19.230003356933594
312 18.097610473632813
313 20.408897399902344
314 17.559600830078125
315 17.699203491210938
316 17.742698669433594
317 17.10009765625
318 16.07849884033203
319 17.121002197265625
320 16.62059783935547
321 18.676895141601563
322 18.141494750976563
323 14.260101318359375
324 15.128105163574219
325 16.71320343017578
326 15.277198791503906
327 15.079292297363281
328 14.342399597167969
329 16.92510223388672
330 17.26709747314453
331 16.300193786621094
332 17.237503051757813
333 18.268096923828125
334 18.4407958984375
335 18.333702087402344
336 16.150306701660156
337 15.346305847167969
338 17.70800018310547
339 17.314804077148438
340 17.85289764404297
341 15.793296813964844
342 13.295700073242188
343 13.048789978027344
344 14.735801696777344
345 14.036003112792969
346 14.791496276855469
347 15.402801513671875
348 15.921600341796875
349 15.157196044921875
350 16.845802307128906
351 17.68500518798828
352 15.435501098632813
353 15.086402893066406
354 16.06719970703125
355 17.351104736328125
356 17.81219482421875
357 16.728500366210938
358 18.50560760498047
359 15.509796142578125
360 17.64020538330078
361 20.472206115722656
362 17.26990509033203
363 18.059097290039063
364 17.685806274414063
365 18.88990020751953
366 19.422698974609375
367 18.258094787597656
368 17.149307250976563
369 15.710304260253906
370 18.389999389648438
371 19.074195861816406
372 19.652999877929688
373 19.3446044921875
374 19.67510223388672
375 17.97179412841797
376 16.843605041503906
377 15.140098571777344
378 16.80950164794922
379 17.909095764160156
380 17.322303771972656
381 15.653396606445313
382 15.735298156738281
383 13.660598754882813
384 16.839599609375
385 16.856399536132813
386 17.330703735351563
387 18.20130157470703
388 16.42180633544922
389 15.506195068359375
390 14.394203186035156
391 17.733802795410156
392 13.324600219726563
393 15.553901672363281
394 14.405303955078125
395 15.189704895019531
396 18.236610412597656
397 17.347694396972656
398 17.075599670410156
399 19.832504272460938
400 19.426902770996094
401 16.839401245117188
402 17.777503967285156
403 18.026390075683594
404 13.803398132324219
405 15.246200561523438
406 16.802398681640625
407 15.091796875
408 15.041000366210938
409 16.319900512695313
410 18.570899963378906
411 17.127098083496094
412 15.987503051757813
413 18.540611267089844
414 18.482398986816406
415 14.959403991699219
416 16.47339630126953
417 15.689804077148438
418 15.104110717773438
419 16.222801208496094
420 16.993698120117188
421 14.647590637207031
422 17.388099670410156
423 17.376800537109375
424 17.565505981445313
425 16.994102478027344
426 13.978302001953125
427 15.912307739257813
428 17.15270233154297
429 18.917999267578125
430 19.373992919921875
431 15.547096252441406
432 18.65599822998047
433 18.06999969482422
434 16.002601623535156
435 15.579803466796875
436 18.679100036621094
437 15.374305725097656
438 13.359504699707031
439 14.619194030761719
440 18.458595275878906
441 15.546600341796875
442 14.338607788085938
443 15.567108154296875
444 13.543601989746094
445 14.243202209472656
446 16.183502197265625
447 15.286102294921875
448 16.51860809326172
449 15.770294189453125
450 16.603408813476563
451 17.270492553710938
452 18.563400268554688
453 17.365402221679688
454 18.679405212402344
455 14.809211730957031
456 15.489295959472656
457 17.47350311279297
458 15.855506896972656
459 14.605201721191406
460 14.35479736328125
461 13.91949462890625
462 14.969108581542969
463 13.334205627441406
464 12.738998413085938
465 14.463600158691406
466 12.69610595703125
467 14.416099548339844
468 15.759597778320313
469 17.732398986816406
470 17.132095336914063
471 14.98089599609375
472 17.447097778320313
473 15.682502746582031
474 15.710494995117188
475 15.036705017089844
476 17.281997680664063
477 15.946403503417969
478 14.735504150390625
479 14.622001647949219
480 14.429595947265625
481 14.627708435058594
482 14.35980224609375
483 14.239997863769531
484 16.31670379638672
485 17.642799377441406
486 16.788902282714844
487 17.11980438232422
488 18.112503051757813
489 18.68920135498047
490 17.920204162597656
491 17.43389892578125
492 18.510498046875
493 17.702804565429688
494 14.049201965332031
495 14.843902587890625
496 14.87579345703125
497 13.606498718261719
498 15.358604431152344
499 15.674003601074219
500 15.798004150390625
