0 36.29560089111328
1 36.29560089111328
2 36.70470428466797
3 36.25110626220703
4 32.04280090332031
5 28.82019805908203
6 30.27850341796875
7 30.958602905273438
8 33.48060607910156
9 34.1531982421875
10 31.945297241210938
11 32.14130401611328
12 33.888999938964844
13 31.4739990234375
14 30.358200073242188
15 29.801795959472656
16 25.758201599121094
17 23.60369873046875
18 24.647804260253906
19 26.314697265625
20 25.751197814941406
21 24.716896057128906
22 22.351898193359375
23 22.76929473876953
24 23.534095764160156
25 22.680198669433594
26 22.114608764648438
27 24.30260467529297
28 23.949005126953125
29 26.104202270507813
30 24.791000366210938
31 22.59429931640625
32 23.240707397460938
33 23.271102905273438
34 23.33220672607422
35 22.850601196289063
36 23.548904418945313
37 22.96300506591797
38 23.748497009277344
39 22.257095336914063
40 21.021507263183594
41 24.411712646484375
42 21.85009765625
43 20.706893920898438
44 21.339599609375
45 22.02680206298828
46 21.53600311279297
47 22.459197998046875
48 22.436805725097656
49 23.406906127929688
50 22.229202270507813
51 20.084701538085938
52 21.077903747558594
53 20.099395751953125
54 22.395904541015625
55 23.453407287597656
56 23.080795288085938
57 22.8236083984375
58 23.061309814453125
59 21.72210693359375
60 21.157203674316406
61 22.298194885253906
62 22.882606506347656
63 24.230003356933594
64 22.59259796142578
65 23.443893432617188
66 22.66900634765625
67 25.118499755859375
68 22.39019775390625
69 22.159896850585938
70 24.096595764160156
71 22.62079620361328
72 20.93719482421875
73 22.0115966796875
74 22.004798889160156
75 22.293800354003906
76 21.043502807617188
77 21.3583984375
78 21.345008850097656
79 20.760597229003906
80 22.273101806640625
81 22.227203369140625
82 21.95549774169922
83 21.4779052734375
84 22.587799072265625
85 22.45220947265625
86 22.708595275878906
87 22.25389862060547
88 21.996597290039063
89 23.08489990234375
90 21.77960205078125
91 22.223106384277344
92 20.15959930419922
93 22.37500762939453
94 22.894500732421875
95 20.83220672607422
96 21.46319580078125
97 23.173202514648438
98 21.10759735107422
99 21.95880889892578
100 22.103904724121094
101 22.708595275878906
102 23.802711486816406
103 23.027503967285156
104 25.08770751953125
105 23.18109893798828
106 24.130096435546875
107 27.907196044921875
108 26.377296447753906
109 25.77959442138672
110 22.697601318359375
111 25.79450225830078
112 25.091506958007813
113 24.28850555419922
114 23.614601135253906
115 23.458206176757813
116 22.576698303222656
117 20.68860626220703
118 20.49109649658203
119 19.095108032226563
120 20.171791076660156
121 19.177207946777344
122 20.2958984375
123 21.782203674316406
124 22.1427001953125
125 20.88690185546875
126 24.198806762695313
127 21.477996826171875
128 23.449203491210938
129 22.130096435546875
130 21.211898803710938
131 21.81890106201172
132 23.5364990234375
133 23.061996459960938
134 24.412506103515625
135 23.935897827148438
136 22.80908966064453
137 21.977401733398438
138 21.25049591064453
139 24.169296264648438
140 23.807403564453125
141 24.430801391601563
142 22.877105712890625
143 25.39690399169922
144 25.202804565429688
145 25.13330078125
146 23.396499633789063
147 24.421401977539063
148 21.7716064453125
149 23.227096557617188
150 23.606597900390625
151 25.931304931640625
152 23.47899627685547
153 22.859298706054688
154 20.26459503173828
155 21.904701232910156
156 21.641502380371094
157 21.43340301513672
158 21.50629425048828
159 21.390899658203125
160 23.375900268554688
161 22.786598205566406
162 21.60430145263672
163 19.794296264648438
164 23.055397033691406
165 22.65850067138672
166 24.35810089111328
167 22.44080352783203
168 23.995094299316406
169 22.003097534179688
170 25.280799865722656
171 24.662796020507813
172 23.353294372558594
173 25.38360595703125
174 20.14769744873047
175 20.93329620361328
176 20.65430450439453
177 21.53820037841797
178 22.62110137939453
179 22.58910369873047
180 19.5166015625
181 21.709396362304688
182 22.24919891357422
183 21.36370086669922
184 18.977195739746094
185 21.175796508789063
186 22.279296875
187 22.008697509765625
188 22.63190460205078
189 20.217803955078125
190 19.956398010253906
191 19.08989715576172
192 20.85340118408203
193 18.748497009277344
194 20.62030029296875
195 21.676605224609375
196 21.797103881835938
197 21.173202514648438
198 19.558197021484375
199 22.45000457763672
200 22.640396118164063
201 22.405296325683594
202 22.867996215820313
203 24.39710235595703
204 24.2047119140625
205 22.637596130371094
206 21.213096618652344
207 20.707298278808594
208 23.355697631835938
209 25.04529571533203
210 24.505096435546875
211 23.965103149414063
212 24.41510009765625
213 23.886009216308594
214 25.14740753173828
215 23.81580352783203
216 21.642601013183594
217 23.23699951171875
218 24.740997314453125
219 23.645606994628906
220 22.465499877929688
221 22.05340576171875
222 23.60430145263672
223 23.23590087890625
224 24.0625
225 21.172607421875
226 22.68549346923828
227 22.110801696777344
228 23.0531005859375
229 23.652008056640625
230 25.190696716308594
231 22.28490447998047
232 21.761093139648438
233 22.402198791503906
234 23.380699157714844
235 20.191993713378906
236 23.02800750732422
237 21.68560028076172
238 22.715599060058594
239 21.93480682373047
240 23.95000457763672
241 23.155899047851563
242 25.29399871826172
243 24.759796142578125
244 27.018997192382813
245 24.9967041015625
246 23.740997314453125
247 22.818504333496094
248 24.382003784179688
249 24.99480438232422
250 22.82469940185547
251 23.231300354003906
252 26.062599182128906
253 22.928497314453125
254 21.107704162597656
255 23.542495727539063
256 24.278396606445313
257 24.660903930664063
258 21.817100524902344
259 23.635101318359375
260 22.2882080078125
261 23.717300415039063
262 23.033599853515625
263 22.868507385253906
264 23.287704467773438
265 22.0531005859375
266 22.23480224609375
267 22.019203186035156
268 21.111404418945313
269 24.64740753173828
270 23.02269744873047
271 21.311805725097656
272 22.87329864501953
273 24.164100646972656
274 21.8916015625
275 21.245994567871094
276 21.491104125976563
277 23.091896057128906
278 22.036109924316406
279 21.98400115966797
280 21.76080322265625
281 22.15869903564453
282 22.89031219482422
283 21.80260467529297
284 22.343597412109375
285 22.9237060546875
286 22.314804077148438
287 21.465499877929688
288 21.278297424316406
289 23.02350616455078
290 22.994705200195313
291 21.969497680664063
292 21.177108764648438
293 21.77739715576172
294 19.458908081054688
295 19.47039794921875
296 21.15789794921875
297 20.411598205566406
298 20.982505798339844
299 21.07390594482422
300 20.124298095703125
301 22.3052978515625
302 22.15509796142578
303 23.473106384277344
304 23.596702575683594
305 22.18970489501953
306 24.572303771972656
307 23.10669708251953
308 24.175399780273438
309 23.995399475097656
310 21.805999755859375
311 22.300010681152344
312 25.207603454589844
313 25.67889404296875
314 23.329605102539063
315 24.109207153320313
316 23.33270263671875
317 22.770103454589844
318 22.298507690429688
319 22.66100311279297
320 23.590606689453125
321 24.12689971923828
322 23.22150421142578
323 20.84009552001953
324 21.538101196289063
325 21.253196716308594
326 20.24720001220703
327 19.749298095703125
328 21.78240203857422
329 22.67510223388672
330 23.427101135253906
331 22.110198974609375
332 23.86750030517578
333 24.048095703125
334 24.240798950195313
335 23.28369903564453
336 21.460304260253906
337 20.88629913330078
338 23.427993774414063
339 23.134803771972656
340 22.772903442382813
341 22.993301391601563
342 21.315704345703125
343 20.50879669189453
344 20.02581024169922
345 21.115997314453125
346 20.621498107910156
347 20.582801818847656
348 20.301597595214844
349 21.01720428466797
350 21.415802001953125
351 21.044998168945313
352 21.27550506591797
353 20.846405029296875
354 21.537200927734375
355 23.50110626220703
356 23.95220184326172
357 22.698501586914063
358 22.885604858398438
359 19.889793395996094
360 24.08020782470703
361 22.842208862304688
362 22.669906616210938
363 22.76910400390625
364 23.915809631347656
365 23.33989715576172
366 24.002700805664063
367 23.888099670410156
368 21.779296875
369 22.220298767089844
370 24.139999389648438
371 25.094200134277344
372 24.123008728027344
373 24.15460205078125
374 22.875099182128906
375 23.131790161132813
376 22.413604736328125
377 21.90009307861328
378 24.459495544433594
379 23.37909698486328
380 23.722305297851563
381 23.9833984375
382 22.50530242919922
383 22.080604553222656
384 23.429603576660156
385 21.916397094726563
386 21.140701293945313
387 21.02130126953125
388 19.54180145263672
389 20.16619873046875
390 20.224205017089844
391 21.803802490234375
392 19.444595336914063
393 20.903892517089844
394 19.12530517578125
395 19.82970428466797
396 21.496597290039063
397 19.2677001953125
398 19.585594177246094
399 20.06250762939453
400 20.436904907226563
401 19.309410095214844
402 21.25750732421875
403 20.836395263671875
404 19.37340545654297
405 20.836196899414063
406 21.07239532470703
407 20.65180206298828
408 22.181007385253906
409 22.439903259277344
410 22.5408935546875
411 23.14710235595703
412 20.49750518798828
413 21.710601806640625
414 22.232398986816406
415 20.37940216064453
416 19.203399658203125
417 20.71979522705078
418 20.284103393554688
419 21.31279754638672
420 22.273704528808594
421 21.22760009765625
422 22.528106689453125
423 22.466796875
424 25.225502014160156
425 24.044105529785156
426 22.278305053710938
427 22.60230255126953
428 21.492706298828125
429 23.237998962402344
430 24.563995361328125
431 21.607093811035156
432 23.5260009765625
433 23.89000701904297
434 22.402603149414063
435 22.2998046875
436 23.75910186767578
437 22.684303283691406
438 20.639495849609375
439 21.539199829101563
440 23.678604125976563
441 22.476608276367188
442 20.398605346679688
443 21.317100524902344
444 21.693603515625
445 21.28319549560547
446 22.353500366210938
447 20.896095275878906
448 21.75859832763672
449 20.48029327392578
450 21.253395080566406
451 22.030502319335938
452 21.91339874267578
453 22.79540252685547
454 23.679405212402344
455 20.91919708251953
456 21.58930206298828
457 22.58350372314453
458 22.00550079345703
459 20.665199279785156
460 20.064796447753906
461 19.42950439453125
462 20.9591064453125
463 19.644203186035156
464 18.14899444580078
465 19.653602600097656
466 18.226104736328125
467 20.586097717285156
468 22.77959442138672
469 23.84239959716797
470 22.53209686279297
471 21.260902404785156
472 21.357101440429688
473 20.4425048828125
474 21.83050537109375
475 20.87670135498047
476 23.152000427246094
477 21.526397705078125
478 21.0155029296875
479 20.382003784179688
480 20.02960205078125
481 20.497703552246094
482 19.539794921875
483 20.519996643066406
484 22.636703491210938
485 22.36280059814453
486 22.018898010253906
487 22.439796447753906
488 22.962501525878906
489 24.549209594726563
490 23.540199279785156
491 23.233901977539063
492 23.780502319335938
493 23.37279510498047
494 20.569198608398438
495 20.223899841308594
496 21.795799255371094
497 20.08649444580078
498 22.108604431152344
499 21.714004516601563
500 21.558006286621094
