0 23.885604858398438
1 23.885604858398438
2 23.74469757080078
3 20.95111083984375
4 19.11280059814453
5 15.760200500488281
6 17.678504943847656
7 19.578598022460938
8 20.36060333251953
9 22.09320831298828
10 18.395294189453125
11 21.64129638671875
12 21.79900360107422
13 22.274002075195313
14 20.608192443847656
15 21.15180206298828
16 19.298202514648438
17 17.373695373535156
18 16.88780975341797
19 17.354698181152344
20 14.341201782226563
21 14.146896362304688
22 13.831901550292969
23 11.4093017578125
24 13.004104614257813
25 11.900199890136719
26 10.964599609375
27 11.452606201171875
28 11.138999938964844
29 12.964202880859375
30 12.511001586914063
31 10.0343017578125
32 9.690704345703125
33 10.131103515625
34 10.092201232910156
35 10.130599975585938
36 10.87890625
37 9.243003845214844
38 11.14849853515625
39 10.157096862792969
40 8.451499938964844
41 11.151702880859375
42 9.010093688964844
43 8.51690673828125
44 8.999603271484375
45 9.306800842285156
46 8.695999145507813
47 8.949195861816406
48 10.226799011230469
49 10.816902160644531
50 11.379196166992188
51 7.744697570800781
52 9.4678955078125
53 8.419403076171875
54 10.86590576171875
55 11.973396301269531
56 12.480796813964844
57 11.75360107421875
58 10.77130126953125
59 11.332099914550781
60 8.847198486328125
61 10.868202209472656
62 10.762603759765625
63 11.100006103515625
64 8.122596740722656
65 10.243896484375
66 10.72900390625
67 11.788497924804688
68 11.230201721191406
69 10.219894409179688
70 10.546600341796875
71 8.030799865722656
72 7.547203063964844
73 8.561599731445313
74 10.184799194335938
75 9.933799743652344
76 8.823501586914063
77 11.058395385742188
78 11.014999389648438
79 10.110603332519531
80 11.0531005859375
81 11.797203063964844
82 9.555496215820313
83 9.337898254394531
84 10.507797241210938
85 10.51220703125
86 11.9385986328125
87 11.583900451660156
88 11.846603393554688
89 11.884902954101563
90 10.2196044921875
91 9.233100891113281
92 8.839599609375
93 11.93499755859375
94 11.194503784179688
95 9.222206115722656
96 10.173202514648438
97 11.433197021484375
98 10.027603149414063
99 9.608802795410156
100 11.263900756835938
101 14.768600463867188
102 14.922706604003906
103 11.847496032714844
104 15.747703552246094
105 13.5010986328125
106 14.990104675292969
107 18.427200317382813
108 14.327301025390625
109 14.889602661132813
110 13.437599182128906
111 14.894500732421875
112 12.931495666503906
113 13.858497619628906
114 11.294601440429688
115 12.448196411132813
116 10.986701965332031
117 9.388595581054688
118 8.541099548339844
119 8.72509765625
120 10.691795349121094
121 9.847198486328125
122 9.965896606445313
123 9.872207641601563
124 9.882698059082031
125 9.356903076171875
126 12.258804321289063
127 10.678001403808594
128 14.229202270507813
129 11.780097961425781
130 9.351898193359375
131 9.908897399902344
132 11.476493835449219
133 12.082000732421875
134 12.902503967285156
135 12.925895690917969
136 12.089096069335938
137 12.117401123046875
138 9.920494079589844
139 13.1593017578125
140 13.787399291992188
141 12.270797729492188
142 12.227104187011719
143 14.326896667480469
144 14.582794189453125
145 15.343299865722656
146 14.646499633789063
147 13.721397399902344
148 12.691596984863281
149 13.617103576660156
150 14.116592407226563
151 16.47130584716797
152 14.78900146484375
153 13.269302368164063
154 11.764602661132813
155 14.534698486328125
156 12.161506652832031
157 12.17340087890625
158 11.356300354003906
159 15.400901794433594
160 15.625900268554688
161 14.5166015625
162 14.984298706054688
163 17.944305419921875
164 17.64539337158203
165 17.928497314453125
166 17.31810760498047
167 15.870803833007813
168 14.985099792480469
169 14.393096923828125
170 17.350807189941406
171 16.102798461914063
172 13.743301391601563
173 15.00360107421875
174 11.497703552246094
175 12.57330322265625
176 10.834304809570313
177 12.658195495605469
178 13.351104736328125
179 13.289100646972656
180 12.346603393554688
181 13.719398498535156
182 12.959197998046875
183 13.063697814941406
184 11.867195129394531
185 12.50579833984375
186 14.46929931640625
187 14.768699645996094
188 13.571907043457031
189 13.817802429199219
190 13.906402587890625
191 11.929893493652344
192 12.573402404785156
193 11.938499450683594
194 13.030303955078125
195 14.896598815917969
196 13.597099304199219
197 13.783203125
198 15.438201904296875
199 16.020004272460938
200 14.750404357910156
201 13.36529541015625
202 11.377998352050781
203 14.887092590332031
204 15.974708557128906
205 14.557601928710938
206 13.963104248046875
207 13.707305908203125
208 15.645698547363281
209 16.655303955078125
210 16.135101318359375
211 16.28509521484375
212 15.285102844238281
213 16.806007385253906
214 17.057403564453125
215 16.55579376220703
216 12.742599487304688
217 15.487007141113281
218 14.791000366210938
219 14.67559814453125
220 12.395492553710938
221 13.80340576171875
222 15.084304809570313
223 15.055900573730469
224 15.772506713867188
225 12.502601623535156
226 13.505500793457031
227 11.840797424316406
228 13.223106384277344
229 14.342002868652344
230 17.140701293945313
231 12.494895935058594
232 11.2510986328125
233 16.19219970703125
234 15.190696716308594
235 13.101997375488281
236 15.237998962402344
237 12.225601196289063
238 13.405601501464844
239 10.524803161621094
240 12.80999755859375
241 12.805900573730469
242 16.23400115966797
243 13.489799499511719
244 15.388999938964844
245 14.316703796386719
246 12.630996704101563
247 10.748497009277344
248 14.382003784179688
249 15.624801635742188
250 13.144699096679688
251 14.651298522949219
252 17.36260223388672
253 14.378501892089844
254 13.317703247070313
255 16.292503356933594
256 14.758392333984375
257 16.630905151367188
258 14.677101135253906
259 15.235107421875
260 14.198204040527344
261 13.467300415039063
262 13.843605041503906
263 15.648506164550781
264 13.617698669433594
265 10.473098754882813
266 12.094795227050781
267 8.159194946289063
268 9.351402282714844
269 11.137397766113281
270 9.692703247070313
271 9.291793823242188
272 11.743293762207031
273 12.504104614257813
274 9.501602172851563
275 8.765998840332031
276 8.5010986328125
277 10.601898193359375
278 8.706108093261719
279 9.113998413085938
280 9.300796508789063
281 9.798698425292969
282 9.810302734375
283 9.842597961425781
284 10.243598937988281
285 9.193702697753906
286 8.394798278808594
287 7.915496826171875
288 8.248306274414063
289 10.363502502441406
290 11.104705810546875
291 9.339500427246094
292 8.247100830078125
293 8.02740478515625
294 7.758903503417969
295 6.730400085449219
296 10.327903747558594
297 8.901603698730469
298 8.902503967285156
299 9.113899230957031
300 7.2642974853515625
301 10.205299377441406
302 9.525093078613281
303 10.973098754882813
304 12.05670166015625
305 10.089698791503906
306 12.722305297851563
307 10.526702880859375
308 11.545402526855469
309 12.115394592285156
310 9.986000061035156
311 12.790000915527344
312 12.257606506347656
313 14.018898010253906
314 11.339599609375
315 11.359199523925781
316 11.502708435058594
317 11.390098571777344
318 10.438499450683594
319 11.581001281738281
320 10.830604553222656
321 12.296905517578125
322 12.35150146484375
323 9.190093994140625
324 9.578102111816406
325 10.773200988769531
326 9.277198791503906
327 8.919296264648438
328 9.492393493652344
329 11.675102233886719
330 11.847099304199219
331 10.120201110839844
332 11.527496337890625
333 12.478096008300781
334 12.270797729492188
335 12.093696594238281
336 11.150306701660156
337 9.496299743652344
338 11.927993774414063
339 11.624801635742188
340 11.762901306152344
341 10.523300170898438
342 8.955703735351563
343 7.5988006591796875
344 8.075798034667969
345 8.285995483398438
346 9.101493835449219
347 9.702804565429688
348 9.401603698730469
349 9.587203979492188
350 10.205802917480469
351 11.094993591308594
352 9.82550048828125
353 9.886405944824219
354 9.627197265625
355 11.051101684570313
356 11.152198791503906
357 11.038497924804688
358 12.735603332519531
359 9.909797668457031
360 12.160202026367188
361 13.512199401855469
362 11.489898681640625
363 12.129096984863281
364 11.725807189941406
365 13.08990478515625
366 13.022697448730469
367 11.578094482421875
368 10.239295959472656
369 9.570297241210938
370 12.489997863769531
371 12.314193725585938
372 13.142997741699219
373 13.344596862792969
374 13.115104675292969
375 10.851799011230469
376 10.243598937988281
377 8.900093078613281
378 10.889495849609375
379 11.919105529785156
380 11.532302856445313
381 10.193397521972656
382 9.655303955078125
383 8.850601196289063
384 11.369598388671875
385 10.836395263671875
386 10.600700378417969
387 11.921302795410156
388 9.641799926757813
389 10.16619873046875
390 9.30419921875
391 12.103797912597656
392 8.764602661132813
393 9.953895568847656
394 9.135299682617188
395 9.649703979492188
396 11.906600952148438
397 10.897705078125
398 10.435600280761719
399 11.492507934570313
400 12.796905517578125
401 10.329399108886719
402 11.687507629394531
403 11.506401062011719
404 7.743400573730469
405 9.516204833984375
406 10.662406921386719
407 9.811798095703125
408 9.84100341796875
409 10.419906616210938
410 12.220901489257813
411 12.017097473144531
412 9.547500610351563
413 12.080604553222656
414 11.792396545410156
415 8.459403991699219
416 9.333396911621094
417 9.089797973632813
418 8.924102783203125
419 9.512802124023438
420 10.543701171875
421 8.78759765625
422 11.178108215332031
423 11.016799926757813
424 11.785499572753906
425 11.064102172851563
426 7.81829833984375
427 8.892303466796875
428 11.502700805664063
429 12.547996520996094
430 13.494003295898438
431 9.497100830078125
432 11.885993957519531
433 11.279998779296875
434 9.532600402832031
435 10.079803466796875
436 12.38909912109375
437 10.864303588867188
438 7.089500427246094
439 8.48919677734375
440 12.388595581054688
441 9.546600341796875
442 8.698600769042969
443 9.777107238769531
444 9.463607788085938
445 9.46319580078125
446 10.4635009765625
447 9.846099853515625
448 10.948600769042969
449 9.190299987792969
450 10.403404235839844
451 10.780494689941406
452 12.273399353027344
453 11.985397338867188
454 12.669403076171875
455 8.499198913574219
456 9.019302368164063
457 10.983505249023438
458 10.585502624511719
459 8.235198974609375
460 7.754798889160156
461 8.079498291015625
462 9.449104309082031
463 8.6842041015625
464 7.118995666503906
465 8.193595886230469
466 7.386100769042969
467 8.066093444824219
468 9.379600524902344
469 12.042404174804688
470 11.21209716796875
471 10.030899047851563
472 11.757095336914063
473 10.032501220703125
474 10.240493774414063
475 9.61669921875
476 12.031997680664063
477 9.846397399902344
478 9.045501708984375
479 8.092002868652344
480 8.549598693847656
481 8.927703857421875
482 8.249801635742188
483 8.669998168945313
484 10.656700134277344
485 11.542800903320313
486 10.318901062011719
487 10.939796447753906
488 11.542503356933594
489 12.769203186035156
490 12.290199279785156
491 11.633895874023438
492 12.620498657226563
493 11.452796936035156
494 8.789199829101563
495 9.613899230957031
496 9.94580078125
497 7.7064971923828125
498 10.278602600097656
499 10.374000549316406
500 10.038002014160156
