0 30.085601806640625
1 30.085601806640625
2 32.534698486328125
3 30.2611083984375
4 25.13280487060547
5 21.130203247070313
6 22.988502502441406
7 24.648590087890625
8 27.11060333251953
9 27.59320068359375
10 24.685302734375
11 24.58130645751953
12 27.02899932861328
13 23.613998413085938
14 21.84819793701172
15 22.22180938720703
16 17.268203735351563
17 15.163703918457031
18 16.73780059814453
19 17.774696350097656
20 17.701194763183594
21 17.176895141601563
22 14.691902160644531
23 15.169296264648438
24 15.594100952148438
25 14.860206604003906
26 14.044601440429688
27 16.2926025390625
28 16.91900634765625
29 20.204200744628906
30 17.41100311279297
31 15.5343017578125
32 16.66070556640625
33 16.601097106933594
34 16.962203979492188
35 16.160606384277344
36 16.80890655517578
37 15.923004150390625
38 16.298500061035156
39 15.167098999023438
40 14.271507263183594
41 17.56170654296875
42 14.880096435546875
43 14.076904296875
44 15.599601745605469
45 15.746795654296875
46 15.156005859375
47 16.10919189453125
48 14.996803283691406
49 16.536895751953125
50 14.899200439453125
51 13.314697265625
52 14.057899475097656
53 12.819404602050781
54 14.865898132324219
55 15.773399353027344
56 15.240798950195313
57 15.013603210449219
58 15.691299438476563
59 14.862106323242188
60 14.967193603515625
61 15.488197326660156
62 16.012603759765625
63 17.480003356933594
64 16.35259246826172
65 17.243896484375
66 15.949005126953125
67 18.818496704101563
68 15.39019775390625
69 15.119903564453125
70 18.19660186767578
71 16.76080322265625
72 15.237197875976563
73 15.321601867675781
74 15.124794006347656
75 15.2738037109375
76 13.853500366210938
77 13.878395080566406
78 14.0050048828125
79 13.140602111816406
80 15.263099670410156
81 14.977203369140625
82 14.705497741699219
83 14.197906494140625
84 15.437797546386719
85 15.352203369140625
86 15.978599548339844
87 15.363906860351563
88 14.856605529785156
89 15.77490234375
90 14.569595336914063
91 15.413093566894531
92 13.249603271484375
93 14.615005493164063
94 15.29449462890625
95 13.832199096679688
96 14.203201293945313
97 15.603195190429688
98 13.567604064941406
99 15.418807983398438
100 14.463905334472656
101 15.098602294921875
102 15.612709045410156
103 15.727500915527344
104 17.227706909179688
105 14.911094665527344
106 16.270103454589844
107 19.55719757080078
108 18.817298889160156
109 17.929595947265625
110 14.827590942382813
111 18.2344970703125
112 17.931495666503906
113 16.878501892089844
114 16.924606323242188
115 15.58819580078125
116 14.886695861816406
117 13.028594970703125
118 13.361106872558594
119 11.745101928710938
120 12.901802062988281
121 11.997200012207031
122 13.195899963378906
123 14.82220458984375
124 15.21270751953125
125 14.156906127929688
126 16.94879913330078
127 14.527999877929688
128 15.779197692871094
129 14.890098571777344
130 14.19189453125
131 14.878898620605469
132 16.29650115966797
133 15.541999816894531
134 16.9425048828125
135 16.18590545654297
136 14.899101257324219
137 13.77740478515625
138 14.250495910644531
139 16.21929931640625
140 16.007400512695313
141 16.770797729492188
142 15.007095336914063
143 17.286903381347656
144 17.632797241210938
145 16.863304138183594
146 15.546493530273438
147 16.30139923095703
148 13.931602478027344
149 15.057106018066406
150 15.396598815917969
151 17.861305236816406
152 15.548995971679688
153 14.6492919921875
154 12.174606323242188
155 13.704704284667969
156 13.6614990234375
157 13.593399047851563
158 13.246299743652344
159 12.870903015136719
160 14.865898132324219
161 14.116607666015625
162 13.394302368164063
163 11.954307556152344
164 14.425399780273438
165 14.118507385253906
166 16.008102416992188
167 13.710800170898438
168 15.665092468261719
169 13.23309326171875
170 16.89080047607422
171 16.69280242919922
172 15.243293762207031
173 17.62360382080078
174 11.787704467773438
175 12.82330322265625
176 12.644302368164063
177 13.298194885253906
178 14.571098327636719
179 14.26910400390625
180 11.096603393554688
181 13.579399108886719
182 13.639198303222656
183 13.193702697753906
184 10.987197875976563
185 13.455795288085938
186 13.519294738769531
187 14.108695983886719
188 14.111900329589844
189 11.647804260253906
190 11.576400756835938
191 10.749893188476563
192 12.593406677246094
193 10.138496398925781
194 12.140296936035156
195 13.286605834960938
196 13.567108154296875
197 12.823204040527344
198 10.728202819824219
199 14.010002136230469
200 14.270401000976563
201 13.635299682617188
202 14.847999572753906
203 16.047096252441406
204 15.844703674316406
205 14.337600708007813
206 12.733100891113281
207 12.267295837402344
208 14.825698852539063
209 16.8052978515625
210 16.245101928710938
211 15.72509765625
212 16.425094604492188
213 15.34600830078125
214 17.327407836914063
215 15.785804748535156
216 13.302597045898438
217 15.73699951171875
218 16.571006774902344
219 15.655601501464844
220 14.925498962402344
221 13.913406372070313
222 15.454299926757813
223 15.385902404785156
224 15.982498168945313
225 12.902603149414063
226 14.695503234863281
227 14.57080078125
228 15.543098449707031
229 15.991996765136719
230 17.130699157714844
231 13.884895324707031
232 13.56109619140625
233 13.8822021484375
234 15.210700988769531
235 11.9219970703125
236 14.398002624511719
237 13.715599060058594
238 14.715599060058594
239 14.274803161621094
240 16.35999298095703
241 15.465896606445313
242 17.96399688720703
243 17.249801635742188
244 19.619003295898438
245 17.966705322265625
246 16.33100128173828
247 15.5885009765625
248 16.251998901367188
249 17.0447998046875
250 15.184700012207031
251 15.781303405761719
252 18.2926025390625
253 14.488502502441406
254 12.967697143554688
255 14.962501525878906
256 16.3583984375
257 16.790908813476563
258 13.587104797363281
259 15.3651123046875
260 14.428199768066406
261 15.767303466796875
262 15.25360107421875
263 14.628501892089844
264 15.08770751953125
265 14.393104553222656
266 14.4248046875
267 15.24920654296875
268 13.381401062011719
269 17.427406311035156
270 16.162696838378906
271 13.941795349121094
272 14.543304443359375
273 16.51410675048828
274 14.95159912109375
275 15.106002807617188
276 15.141105651855469
277 15.741897583007813
278 15.146102905273438
279 14.894004821777344
280 14.600799560546875
281 15.068695068359375
282 15.470298767089844
283 14.60260009765625
284 15.783599853515625
285 16.533706665039063
286 16.714797973632813
287 15.345497131347656
288 14.778305053710938
289 15.943504333496094
290 16.044700622558594
291 14.999504089355469
292 13.737098693847656
293 14.947402954101563
294 12.318901062011719
295 12.320396423339844
296 13.557899475097656
297 13.191604614257813
298 13.182502746582031
299 13.993904113769531
300 12.664299011230469
301 15.075302124023438
302 15.175102233886719
303 16.12310028076172
304 16.086700439453125
305 15.139701843261719
306 17.2322998046875
307 15.816696166992188
308 17.305404663085938
309 16.605392456054688
310 14.225997924804688
311 14.150001525878906
312 18.577598571777344
313 18.93889617919922
314 16.799606323242188
315 16.709197998046875
316 16.932708740234375
317 15.870094299316406
318 14.788497924804688
319 14.851005554199219
320 16.140602111816406
321 16.716896057128906
322 15.741500854492188
323 13.520103454589844
324 13.758102416992188
325 13.423194885253906
326 12.747200012207031
327 11.709297180175781
328 14.922401428222656
329 15.195106506347656
330 16.39710235595703
331 14.530197143554688
332 16.847503662109375
333 17.018096923828125
334 16.830795288085938
335 15.793701171875
336 13.6903076171875
337 13.826301574707031
338 16.01799774169922
339 15.684806823730469
340 15.66290283203125
341 15.923301696777344
342 15.175697326660156
343 13.288795471191406
344 13.38580322265625
345 14.58599853515625
346 13.72149658203125
347 13.212806701660156
348 12.291603088378906
349 14.18719482421875
350 13.475807189941406
351 13.134994506835938
352 14.185501098632813
353 13.716400146484375
354 14.147193908691406
355 16.601104736328125
356 16.652198791503906
357 15.568504333496094
358 15.315605163574219
359 12.069801330566406
360 16.850204467773438
361 15.82220458984375
362 14.939903259277344
363 14.869094848632813
364 16.805801391601563
365 15.58990478515625
366 17.182701110839844
367 16.598098754882813
368 14.479301452636719
369 14.710296630859375
370 16.6300048828125
371 18.254196166992188
372 16.672996520996094
373 16.564605712890625
374 15.095100402832031
375 15.101799011230469
376 15.073600769042969
377 15.060096740722656
378 17.909500122070313
379 16.559104919433594
380 16.35230255126953
381 17.213401794433594
382 15.3052978515625
383 15.93060302734375
384 16.309600830078125
385 14.346397399902344
386 13.580696105957031
387 12.981300354003906
388 11.371803283691406
389 12.786201477050781
390 12.714210510253906
391 13.953804016113281
392 12.114601135253906
393 13.6239013671875
394 11.735298156738281
395 12.019699096679688
396 14.026603698730469
397 11.07769775390625
398 11.625602722167969
399 11.462501525878906
400 12.216896057128906
401 11.579399108886719
402 12.917503356933594
403 12.786392211914063
404 11.603401184082031
405 12.936195373535156
406 13.0823974609375
407 13.581794738769531
408 15.390998840332031
409 15.199905395507813
410 15.180892944335938
411 15.687095642089844
412 13.137496948242188
413 14.2506103515625
414 15.092399597167969
415 13.009407043457031
416 11.083396911621094
417 12.939796447753906
418 12.764106750488281
419 13.662796020507813
420 14.47369384765625
421 13.897590637207031
422 15.428108215332031
423 15.296798706054688
424 18.595497131347656
425 17.314102172851563
426 15.728302001953125
427 15.952308654785156
428 14.172698974609375
429 15.847999572753906
430 17.15399169921875
431 13.557106018066406
432 16.15599822998047
433 16.720001220703125
434 15.342605590820313
435 15.529800415039063
436 16.239097595214844
437 15.234306335449219
438 13.579498291015625
439 14.499198913574219
440 16.018600463867188
441 15.006599426269531
442 13.098602294921875
443 13.967109680175781
444 14.833602905273438
445 14.6531982421875
446 14.903495788574219
447 13.596107482910156
448 14.158599853515625
449 12.540298461914063
450 13.373397827148438
451 14.640495300292969
452 13.783401489257813
453 14.735397338867188
454 16.249404907226563
455 13.729202270507813
456 14.229301452636719
457 15.083503723144531
458 15.005500793457031
459 13.045204162597656
460 12.754798889160156
461 12.229499816894531
462 13.839103698730469
463 12.454200744628906
464 10.988998413085938
465 12.143600463867188
466 10.666099548339844
467 13.136100769042969
468 16.309600830078125
469 16.422401428222656
470 14.982101440429688
471 14.280899047851563
472 13.677093505859375
473 12.732505798339844
474 14.480499267578125
475 13.526702880859375
476 15.652000427246094
477 14.206398010253906
478 14.155502319335938
479 13.012008666992188
480 12.889602661132813
481 12.767707824707031
482 11.759796142578125
483 13.3800048828125
484 15.196701049804688
485 14.982803344726563
486 14.388900756835938
487 15.369804382324219
488 16.222503662109375
489 17.67919921875
490 16.01020050048828
491 16.083900451660156
492 16.310501098632813
493 16.342796325683594
494 12.98919677734375
495 12.603897094726563
496 14.555801391601563
497 12.576499938964844
498 14.878608703613281
499 14.083999633789063
500 14.048004150390625
