0 34.775604248046875
1 34.775596618652344
2 35.474708557128906
3 36.94110870361328
4 35.912803649902344
5 31.690208435058594
6 33.72850799560547
7 31.348594665527344
8 36.61060333251953
9 36.04320526123047
10 34.07530212402344
11 32.331298828125
12 32.35900115966797
13 30.003997802734375
14 31.288192749023438
15 28.521804809570313
16 26.21820831298828
17 23.383705139160156
18 25.027801513671875
19 27.604705810546875
20 27.36119842529297
21 28.32689666748047
22 27.33190155029297
23 25.82929229736328
24 26.724098205566406
25 25.750205993652344
26 24.91460418701172
27 25.492599487304688
28 25.77899932861328
29 30.104209899902344
30 27.41100311279297
31 26.704299926757813
32 27.950706481933594
33 27.721099853515625
34 27.252197265625
35 25.900604248046875
36 26.94890594482422
37 25.353004455566406
38 26.988502502441406
39 24.46710205078125
40 24.001502990722656
41 27.25170135498047
42 25.630104064941406
43 25.87689971923828
44 26.52959442138672
45 27.766807556152344
46 25.626007080078125
47 25.61919403076172
48 26.056800842285156
49 26.126907348632813
50 26.289199829101563
51 23.974700927734375
52 24.47789764404297
53 24.19940948486328
54 26.185897827148438
55 26.093406677246094
56 25.580795288085938
57 26.45360565185547
58 26.481307983398438
59 26.46210479736328
60 25.917198181152344
61 26.758201599121094
62 27.192604064941406
63 27.840003967285156
64 26.59259796142578
65 28.093902587890625
66 26.948997497558594
67 29.058502197265625
68 25.88019561767578
69 26.75989532470703
70 29.08660125732422
71 26.06079864501953
72 26.107200622558594
73 26.041595458984375
74 26.23479461669922
75 26.40380096435547
76 24.813507080078125
77 25.518394470214844
78 26.155006408691406
79 24.320594787597656
80 26.11309814453125
81 27.07720947265625
82 26.355506896972656
83 24.257904052734375
84 26.12779998779297
85 26.352203369140625
86 27.62860107421875
87 27.353897094726563
88 26.786605834960938
89 26.494911193847656
90 25.489601135253906
91 25.853103637695313
92 24.509605407714844
93 25.56499481201172
94 25.594505310058594
95 24.39220428466797
96 24.1531982421875
97 25.10321044921875
98 25.067596435546875
99 26.438804626464844
100 26.56390380859375
101 27.088600158691406
102 27.96269989013672
103 26.75750732421875
104 28.757705688476563
105 26.271102905273438
106 27.41009521484375
107 30.32720184326172
108 29.16730499267578
109 29.119598388671875
110 26.497604370117188
111 29.394500732421875
112 28.941505432128906
113 28.178504943847656
114 27.814598083496094
115 27.118194580078125
116 26.106704711914063
117 24.11859893798828
118 24.901100158691406
119 24.47509765625
120 26.2117919921875
121 23.917205810546875
122 25.68590545654297
123 27.172195434570313
124 27.1527099609375
125 26.116912841796875
126 29.38880157470703
127 26.917999267578125
128 28.259201049804688
129 27.490097045898438
130 26.041900634765625
131 27.17890167236328
132 27.79650115966797
133 26.17200469970703
134 26.63250732421875
135 25.535903930664063
136 26.179100036621094
137 24.76740264892578
138 24.38050079345703
139 26.70929718017578
140 26.867401123046875
141 27.240806579589844
142 26.08710479736328
143 28.06690216064453
144 27.722801208496094
145 26.96331024169922
146 26.326492309570313
147 27.781410217285156
148 25.001602172851563
149 26.64710235595703
150 26.366600036621094
151 27.77130889892578
152 27.018997192382813
153 25.78929901123047
154 23.554603576660156
155 24.63469696044922
156 25.511505126953125
157 24.513397216796875
158 24.116294860839844
159 22.630905151367188
160 25.36590576171875
161 24.186599731445313
162 23.54430389404297
163 21.084304809570313
164 23.135398864746094
165 22.52849578857422
166 25.348098754882813
167 24.620803833007813
168 25.91510009765625
169 23.533103942871094
170 26.9508056640625
171 27.342803955078125
172 27.153297424316406
173 29.023597717285156
174 24.057708740234375
175 24.82329559326172
176 24.454299926757813
177 25.858200073242188
178 25.63109588623047
179 25.629104614257813
180 22.2666015625
181 24.399398803710938
182 24.639205932617188
183 24.72370147705078
184 23.43719482421875
185 25.015792846679688
186 24.949302673339844
187 25.588699340820313
188 25.791908264160156
189 22.007797241210938
190 22.906402587890625
191 22.809898376464844
192 22.1134033203125
193 19.978492736816406
194 22.360305786132813
195 23.09661102294922
196 23.577102661132813
197 22.96320343017578
198 20.628204345703125
199 23.710006713867188
200 25.04039764404297
201 25.035301208496094
202 25.18799591064453
203 24.78710174560547
204 25.38470458984375
205 25.04759979248047
206 23.963104248046875
207 22.7373046875
208 24.03570556640625
209 26.105300903320313
210 24.79510498046875
211 22.875099182128906
212 24.47509765625
213 24.006011962890625
214 25.4674072265625
215 25.225807189941406
216 22.60260009765625
217 23.376998901367188
218 25.741004943847656
219 23.665603637695313
220 23.885498046875
221 22.92340087890625
222 25.384300231933594
223 24.265899658203125
224 24.1824951171875
225 22.452606201171875
226 22.345504760742188
227 23.150802612304688
228 22.36309814453125
229 23.902000427246094
230 24.330703735351563
231 23.484901428222656
232 23.56109619140625
233 22.32219696044922
234 24.560707092285156
235 20.42200469970703
236 23.878005981445313
237 21.62560272216797
238 23.87560272216797
239 23.55480194091797
240 25.599998474121094
241 24.905899047851563
242 25.013999938964844
243 24.699798583984375
244 26.8489990234375
245 25.66669464111328
246 25.20099639892578
247 24.65850830078125
248 25.23200225830078
249 24.604812622070313
250 22.4447021484375
251 24.081298828125
252 25.952598571777344
253 22.928497314453125
254 21.167694091796875
255 23.362503051757813
256 23.1083984375
257 23.930908203125
258 21.91710662841797
259 24.30510711669922
260 23.268203735351563
261 24.137306213378906
262 23.68359375
263 22.318504333496094
264 23.45770263671875
265 23.42310333251953
266 23.714797973632813
267 23.909210205078125
268 22.361404418945313
269 25.437400817871094
270 24.942703247070313
271 23.65179443359375
272 24.56330108642578
273 25.544105529785156
274 23.70159912109375
275 23.105995178222656
276 23.531097412109375
277 24.491897583007813
278 24.01610565185547
279 22.863998413085938
280 23.840805053710938
281 22.60870361328125
282 23.910301208496094
283 23.05260467529297
284 23.8135986328125
285 24.313705444335938
286 23.154800415039063
287 22.70549774169922
288 23.12830352783203
289 25.363502502441406
290 24.914703369140625
291 24.009498596191406
292 22.6470947265625
293 24.33740234375
294 22.4989013671875
295 23.190406799316406
296 23.447898864746094
297 22.731597900390625
298 23.282501220703125
299 22.493896484375
300 21.514297485351563
301 23.81529998779297
302 22.85509490966797
303 24.343101501464844
304 24.93670654296875
305 23.3197021484375
306 26.082305908203125
307 23.786705017089844
308 25.635406494140625
309 24.91539764404297
310 23.71599578857422
311 22.919998168945313
312 26.397605895996094
313 26.288902282714844
314 24.20960235595703
315 24.669204711914063
316 23.53270721435547
317 22.79010009765625
318 22.858505249023438
319 24.4010009765625
320 24.99060821533203
321 24.6968994140625
322 24.531494140625
323 23.10010528564453
324 23.438095092773438
325 23.543197631835938
326 22.367202758789063
327 22.119300842285156
328 23.732398986816406
329 24.755104064941406
330 24.6470947265625
331 24.32019805908203
332 26.087501525878906
333 25.768096923828125
334 26.94080352783203
335 25.283706665039063
336 24.170310974121094
337 22.27629852294922
338 24.8179931640625
339 25.034812927246094
340 23.942901611328125
341 25.833297729492188
342 24.39569854736328
343 22.538795471191406
344 22.305801391601563
345 22.725997924804688
346 22.891494750976563
347 22.36280059814453
348 21.861595153808594
349 22.43720245361328
350 23.085800170898438
351 22.13500213623047
352 22.32550048828125
353 22.596405029296875
354 23.547203063964844
355 25.25110626220703
356 25.362197875976563
357 24.178504943847656
358 23.1256103515625
359 21.699790954589844
360 24.7001953125
361 22.44219970703125
362 22.879898071289063
363 23.429100036621094
364 25.595802307128906
365 24.759902954101563
366 24.602691650390625
367 23.068092346191406
368 23.84930419921875
369 25.010292053222656
370 24.900001525878906
371 24.854202270507813
372 24.472999572753906
373 24.664596557617188
374 23.275100708007813
375 22.891799926757813
376 23.583602905273438
377 24.73009490966797
378 27.199501037597656
379 23.64910125732422
380 25.452301025390625
381 25.9833984375
382 23.665306091308594
383 25.940597534179688
384 26.02960205078125
385 23.62640380859375
386 23.490707397460938
387 22.121307373046875
388 22.001808166503906
389 22.16619873046875
390 23.44420623779297
391 23.233810424804688
392 22.814598083496094
393 24.57390594482422
394 23.025299072265625
395 22.5697021484375
396 24.45660400390625
397 21.44769287109375
398 22.765594482421875
399 22.01250457763672
400 22.75689697265625
401 22.359405517578125
402 23.587501525878906
403 21.9364013671875
404 22.353408813476563
405 22.706199645996094
406 22.40239715576172
407 22.41180419921875
408 24.850997924804688
409 24.929901123046875
410 24.320899963378906
411 25.46710205078125
412 23.537506103515625
413 22.660606384277344
414 22.242401123046875
415 21.62940216064453
416 19.85340118408203
417 21.9197998046875
418 22.34410858154297
419 22.602798461914063
420 24.343704223632813
421 22.91759490966797
422 23.758102416992188
423 23.426795959472656
424 27.0155029296875
425 24.614097595214844
426 22.87830352783203
427 22.892311096191406
428 22.812698364257813
429 23.038009643554688
430 23.993995666503906
431 23.447097778320313
432 24.625999450683594
433 24.76000213623047
434 22.812599182128906
435 24.459808349609375
436 26.37909698486328
437 25.46430206298828
438 23.03949737548828
439 24.599197387695313
440 25.798599243164063
441 23.3966064453125
442 23.12860107421875
443 23.327110290527344
444 24.793601989746094
445 23.363197326660156
446 23.84349822998047
447 22.75609588623047
448 23.75860595703125
449 22.99029541015625
450 22.663406372070313
451 22.32049560546875
452 23.60340118408203
453 25.565399169921875
454 24.589401245117188
455 23.229209899902344
456 24.129302978515625
457 24.563499450683594
458 24.155502319335938
459 22.52519989013672
460 21.09479522705078
461 21.3695068359375
462 22.919105529785156
463 23.024208068847656
464 20.90899658203125
465 21.68360137939453
466 20.896102905273438
467 23.426101684570313
468 26.309600830078125
469 24.872398376464844
470 24.302093505859375
471 24.31090545654297
472 23.987091064453125
473 22.75251007080078
474 23.970497131347656
475 23.216705322265625
476 23.42200469970703
477 21.24639892578125
478 22.435501098632813
479 22.25200653076172
480 21.20960235595703
481 22.047706604003906
482 20.90979766845703
483 21.92999267578125
484 24.696693420410156
485 23.43280029296875
486 22.888900756835938
487 21.699790954589844
488 21.842506408691406
489 25.98920440673828
490 23.980201721191406
491 24.763900756835938
492 25.63050079345703
493 25.382797241210938
494 22.279205322265625
495 22.993896484375
496 25.015792846679688
497 23.366500854492188
498 24.048606872558594
499 23.613998413085938
500 23.00800323486328
