0 23.585601806640625
1 23.585594177246094
2 22.474700927734375
3 23.101104736328125
4 24.12279510498047
5 19.410202026367188
6 21.748504638671875
7 20.338592529296875
8 23.590606689453125
9 23.71320343017578
10 21.785301208496094
11 23.851303100585938
12 22.058998107910156
13 23.274002075195313
14 25.078201293945313
15 22.641807556152344
16 22.168197631835938
17 19.693702697753906
18 18.74781036376953
19 19.76470184326172
20 16.86119842529297
21 17.986900329589844
22 19.421897888183594
23 16.419296264648438
24 18.114097595214844
25 17.440200805664063
26 16.3446044921875
27 15.91259765625
28 15.659004211425781
29 17.974205017089844
30 15.481002807617188
31 15.494293212890625
32 15.260704040527344
33 14.631103515625
34 14.122200012207031
35 13.590606689453125
36 14.778907775878906
37 14.14300537109375
38 15.418495178222656
39 13.567100524902344
40 12.301506042480469
41 15.001701354980469
42 13.800094604492188
43 13.336898803710938
44 14.519607543945313
45 14.3468017578125
46 13.305999755859375
47 13.699195861816406
48 14.456802368164063
49 14.566902160644531
50 15.499198913574219
51 12.464698791503906
52 13.527900695800781
53 13.059402465820313
54 15.885902404785156
55 15.923408508300781
56 15.470794677734375
57 16.593605041503906
58 15.09130859375
59 16.312103271484375
60 14.287193298339844
61 16.10820770263672
62 15.122604370117188
63 14.870002746582031
64 13.422599792480469
65 16.18389892578125
66 15.788993835449219
67 16.02849578857422
68 15.27020263671875
69 14.869895935058594
70 14.846595764160156
71 11.01080322265625
72 11.467193603515625
73 13.931602478027344
74 14.304801940917969
75 14.003799438476563
76 14.553497314453125
77 15.66839599609375
78 16.324996948242188
79 15.040603637695313
80 15.263099670410156
81 16.467193603515625
82 15.035499572753906
83 13.117904663085938
84 14.167800903320313
85 14.982208251953125
86 16.4385986328125
87 16.80390167236328
88 16.096603393554688
89 15.234901428222656
90 14.049598693847656
91 12.533096313476563
92 12.309600830078125
93 15.4949951171875
94 15.194503784179688
95 13.82220458984375
96 13.263198852539063
97 14.923202514648438
98 13.437599182128906
99 13.308799743652344
100 17.51390838623047
101 18.898597717285156
102 19.8927001953125
103 16.88750457763672
104 19.877708435058594
105 18.131103515625
106 19.29010772705078
107 22.807205200195313
108 18.97730255126953
109 19.859596252441406
110 17.757598876953125
111 18.214492797851563
112 17.491500854492188
113 18.438499450683594
114 15.614593505859375
115 17.258201599121094
116 15.376701354980469
117 14.298606872558594
118 14.341102600097656
119 14.865097045898438
120 16.451797485351563
121 15.357192993164063
122 15.805900573730469
123 16.18219757080078
124 15.462699890136719
125 14.506904602050781
126 18.33880615234375
127 16.678009033203125
128 18.92920684814453
129 16.610092163085938
130 15.211898803710938
131 16.418907165527344
132 16.85649871826172
133 15.912002563476563
134 16.38249969482422
135 16.025901794433594
136 15.299095153808594
137 15.637397766113281
138 13.32049560546875
139 16.479293823242188
140 17.597396850585938
141 16.340805053710938
142 16.247100830078125
143 17.44690704345703
144 17.0028076171875
145 18.06330108642578
146 18.076499938964844
147 18.021400451660156
148 17.57160186767578
149 18.95709991455078
150 18.066604614257813
151 19.251304626464844
152 18.238998413085938
153 17.379302978515625
154 16.064598083496094
155 17.954696655273438
156 16.55150604248047
157 15.943397521972656
158 15.866294860839844
159 17.43090057373047
160 18.975906372070313
161 16.76660919189453
162 18.5343017578125
163 20.174301147460938
164 19.555404663085938
165 19.308502197265625
166 20.60810089111328
167 19.32080078125
168 18.985092163085938
169 18.49309539794922
170 21.19080352783203
171 20.98279571533203
172 18.743301391601563
173 19.033599853515625
174 16.45770263671875
175 16.653305053710938
176 15.154296875
177 16.96820068359375
178 16.82110595703125
179 17.229095458984375
180 15.926597595214844
181 17.249404907226563
182 17.689193725585938
183 17.55370330810547
184 17.057205200195313
185 16.0657958984375
186 17.699295043945313
187 18.928695678710938
188 18.501907348632813
189 16.707801818847656
190 17.63640594482422
191 15.469902038574219
192 15.30340576171875
193 14.938499450683594
194 15.720298767089844
195 17.866600036621094
196 16.167098999023438
197 17.193206787109375
198 18.428199768066406
199 17.840003967285156
200 19.370399475097656
201 16.855300903320313
202 15.718002319335938
203 18.03710174560547
204 17.75469970703125
205 17.84759521484375
206 17.763107299804688
207 16.17729949951172
208 17.195701599121094
209 18.99530792236328
210 17.92510223388672
211 18.34510040283203
212 16.96509552001953
213 18.22600555419922
214 18.877403259277344
215 17.535804748535156
216 13.922599792480469
217 17.217002868652344
218 16.680999755859375
219 15.92559814453125
220 14.07550048828125
221 14.883407592773438
222 16.654296875
223 16.24590301513672
224 17.32250213623047
225 14.152595520019531
226 15.205497741699219
227 13.200798034667969
228 14.513099670410156
229 15.571998596191406
230 17.5906982421875
231 15.854904174804688
232 13.981094360351563
233 18.01219940185547
234 17.34070587158203
235 15.141998291015625
236 16.427993774414063
237 14.435592651367188
238 16.41559600830078
239 14.254798889160156
240 15.480003356933594
241 15.085899353027344
242 17.03399658203125
243 14.47979736328125
244 16.499000549316406
245 15.846702575683594
246 15.060997009277344
247 13.148506164550781
248 16.23199462890625
249 17.884796142578125
250 13.534698486328125
251 15.901298522949219
252 18.36260223388672
253 16.508506774902344
254 16.347702026367188
255 17.762496948242188
256 15.488395690917969
257 18.010902404785156
258 16.667098999023438
259 17.765106201171875
260 16.558204650878906
261 16.36730194091797
262 15.223594665527344
263 17.428497314453125
264 16.347702026367188
265 13.213104248046875
266 14.874801635742188
267 11.859199523925781
268 11.541397094726563
269 13.427398681640625
270 12.3927001953125
271 12.121795654296875
272 14.993293762207031
273 14.204109191894531
274 12.821601867675781
275 10.83599853515625
276 11.281097412109375
277 13.94189453125
278 11.626106262207031
279 12.024002075195313
280 11.810798645019531
281 12.348701477050781
282 11.820304870605469
283 12.022605895996094
284 11.353599548339844
285 11.673698425292969
286 9.894798278808594
287 9.565498352050781
288 10.688301086425781
289 13.343505859375
290 13.07470703125
291 11.879501342773438
292 10.59710693359375
293 11.27740478515625
294 11.348899841308594
295 10.450393676757813
296 14.057899475097656
297 12.121604919433594
298 12.662498474121094
299 10.953895568847656
300 10.164299011230469
301 12.425300598144531
302 11.365097045898438
303 13.043106079101563
304 14.476707458496094
305 13.149696350097656
306 15.332298278808594
307 11.646705627441406
308 13.715400695800781
309 13.855400085449219
310 13.315994262695313
311 14.540000915527344
312 14.977607727050781
313 15.168899536132813
314 13.40960693359375
315 13.499198913574219
316 12.83270263671875
317 12.400100708007813
318 12.268501281738281
319 14.311004638671875
320 14.140609741210938
321 14.246902465820313
322 15.031501770019531
323 12.650100708007813
324 13.188102722167969
325 14.803199768066406
326 13.167198181152344
327 13.709297180175781
328 12.222396850585938
329 14.805099487304688
330 14.317100524902344
331 13.900199890136719
332 13.857498168945313
333 14.668106079101563
334 15.63079833984375
335 15.313697814941406
336 14.240303039550781
337 12.686302185058594
338 14.867996215820313
339 14.984809875488281
340 15.682899475097656
341 13.493301391601563
342 12.055694580078125
343 10.878799438476563
344 11.785804748535156
345 10.096000671386719
346 12.231498718261719
347 12.242805480957031
348 12.231597900390625
349 10.827201843261719
350 13.295799255371094
351 12.834999084472656
352 11.385498046875
353 11.416404724121094
354 11.937202453613281
355 13.551101684570313
356 13.582206726074219
357 13.188499450683594
358 14.285598754882813
359 11.819801330566406
360 13.840202331542969
361 14.01220703125
362 13.869903564453125
363 13.979095458984375
364 14.63580322265625
365 15.879905700683594
366 13.862701416015625
367 12.998100280761719
368 13.21929931640625
369 12.770294189453125
370 14.250007629394531
371 13.974197387695313
372 14.403007507324219
373 15.334602355957031
374 14.735099792480469
375 13.421798706054688
376 13.153602600097656
377 13.230094909667969
378 14.239501953125
379 12.979103088378906
380 14.452308654785156
381 13.633399963378906
382 12.835304260253906
383 13.110603332519531
384 14.119606018066406
385 13.736396789550781
386 13.91070556640625
387 13.561302185058594
388 13.401809692382813
389 13.556198120117188
390 13.814201354980469
391 14.7738037109375
392 12.474601745605469
393 14.203903198242188
394 12.845298767089844
395 12.439697265625
396 15.356605529785156
397 13.357696533203125
398 14.805595397949219
399 15.1925048828125
400 16.176895141601563
401 14.269401550292969
402 14.347511291503906
403 13.556396484375
404 12.213401794433594
405 12.516197204589844
406 13.782394409179688
407 11.951805114746094
408 12.711006164550781
409 12.329902648925781
410 14.120903015136719
411 14.787101745605469
412 12.407501220703125
413 14.100608825683594
414 13.012397766113281
415 11.649406433105469
416 10.54339599609375
417 12.209800720214844
418 11.554100036621094
419 12.942794799804688
420 13.773696899414063
421 12.207595825195313
422 12.918106079101563
423 12.806800842285156
424 14.555503845214844
425 13.394096374511719
426 10.548301696777344
427 11.712303161621094
428 13.70269775390625
429 14.147994995117188
430 15.183998107910156
431 13.497100830078125
432 15.075996398925781
433 13.209999084472656
434 12.202598571777344
435 12.719802856445313
436 16.159095764160156
437 14.834304809570313
438 10.569496154785156
439 12.42919921875
440 15.1885986328125
441 12.686599731445313
442 12.108596801757813
443 12.637107849121094
444 12.613601684570313
445 12.713203430175781
446 13.543502807617188
447 12.446098327636719
448 13.418601989746094
449 13.310295104980469
450 13.663398742675781
451 12.82049560546875
452 15.153404235839844
453 15.035400390625
454 14.2593994140625
455 12.239204406738281
456 13.83929443359375
457 15.043502807617188
458 13.915504455566406
459 12.125198364257813
460 10.524795532226563
461 11.119499206542969
462 12.049102783203125
463 12.084197998046875
464 10.90899658203125
465 11.283599853515625
466 10.756103515625
467 12.496101379394531
468 14.249595642089844
469 15.382400512695313
470 14.59210205078125
471 12.930900573730469
472 13.747093200683594
473 13.602508544921875
474 12.840499877929688
475 12.526702880859375
476 13.401992797851563
477 11.74639892578125
478 12.445503234863281
479 12.022003173828125
480 11.609596252441406
481 11.597702026367188
482 12.6697998046875
483 11.259994506835938
484 13.096702575683594
485 14.18280029296875
486 13.128898620605469
487 11.709800720214844
488 11.832504272460938
489 14.909194946289063
490 14.550201416015625
491 13.593894958496094
492 13.95050048828125
493 13.922798156738281
494 11.089202880859375
495 13.1239013671875
496 13.50579833984375
497 12.806503295898438
498 13.848602294921875
499 12.704002380371094
500 12.208000183105469
