0 29.3656005859375
1 29.36559295654297
2 35.654701232910156
3 31.831100463867188
4 22.81279754638672
5 18.91020965576172
6 20.968505859375
7 23.848594665527344
8 24.900596618652344
9 25.35320281982422
10 23.915298461914063
11 22.59130096435547
12 27.138999938964844
13 21.4739990234375
14 18.248191833496094
15 19.381797790527344
16 12.728202819824219
17 10.23370361328125
18 12.737800598144531
19 13.854705810546875
20 15.54119873046875
21 13.156890869140625
22 9.421905517578125
23 11.889297485351563
24 11.734100341796875
25 10.420196533203125
26 10.684600830078125
27 13.312599182128906
28 14.319007873535156
29 18.074203491210938
30 16.85100555419922
31 13.234298706054688
32 14.980705261230469
33 14.901107788085938
34 15.102195739746094
35 14.520599365234375
36 13.898902893066406
37 12.773002624511719
38 13.358497619628906
39 12.727096557617188
40 12.331504821777344
41 15.291702270507813
42 11.610099792480469
43 10.476898193359375
44 12.459602355957031
45 14.03680419921875
46 14.365997314453125
47 14.229194641113281
48 11.616806030273438
49 16.606903076171875
50 11.529197692871094
51 10.714698791503906
52 10.417900085449219
53 9.299407958984375
54 11.625900268554688
55 12.133399963378906
56 11.730796813964844
57 11.103599548339844
58 12.831306457519531
59 10.992103576660156
60 12.207199096679688
61 11.428199768066406
62 13.112602233886719
63 15.150001525878906
64 13.892601013183594
65 14.173896789550781
66 13.249000549316406
67 16.26849365234375
68 12.230201721191406
69 11.989898681640625
70 17.036598205566406
71 19.280799865722656
72 14.927200317382813
73 12.861602783203125
74 11.054801940917969
75 12.323799133300781
76 10.743507385253906
77 9.688400268554688
78 9.595008850097656
79 10.190597534179688
80 13.373100280761719
81 13.947196960449219
82 13.355506896972656
83 14.147903442382813
84 15.80780029296875
85 14.152206420898438
86 11.788597106933594
87 11.263900756835938
88 11.70660400390625
89 12.954902648925781
90 11.2196044921875
91 12.773101806640625
92 9.609603881835938
93 11.135002136230469
94 12.364501953125
95 11.07220458984375
96 10.47320556640625
97 12.893203735351563
98 9.767601013183594
99 12.578804016113281
100 9.863906860351563
101 9.838600158691406
102 10.512702941894531
103 10.707496643066406
104 12.097702026367188
105 10.641098022460938
106 11.070098876953125
107 14.957199096679688
108 15.717300415039063
109 14.439598083496094
110 10.027595520019531
111 15.834495544433594
112 17.681503295898438
113 13.748504638671875
114 15.3446044921875
115 12.58819580078125
116 12.206703186035156
117 9.4385986328125
118 9.471099853515625
119 7.445098876953125
120 8.731796264648438
121 8.0072021484375
122 8.865898132324219
123 11.792205810546875
124 11.692703247070313
125 10.976905822753906
126 13.6488037109375
127 10.417999267578125
128 11.42919921875
129 10.560096740722656
130 9.51190185546875
131 11.488899230957031
132 12.156494140625
133 11.942001342773438
134 13.882499694824219
135 13.23590087890625
136 11.569099426269531
137 9.317398071289063
138 10.310501098632813
139 13.079299926757813
140 12.717399597167969
141 13.770797729492188
142 11.887100219726563
143 13.826896667480469
144 14.422798156738281
145 13.553298950195313
146 10.456497192382813
147 12.211402893066406
148 8.411598205566406
149 11.047103881835938
150 11.6365966796875
151 15.031303405761719
152 11.188995361328125
153 10.33929443359375
154 6.9846038818359375
155 7.4947052001953125
156 8.79150390625
157 9.703399658203125
158 9.476295471191406
159 7.710899353027344
160 10.255897521972656
161 10.866600036621094
162 7.574302673339844
163 5.984306335449219
164 9.405403137207031
165 9.328498840332031
166 9.988105773925781
167 7.980804443359375
168 10.655097961425781
169 7.713096618652344
170 11.990798950195313
171 11.372795104980469
172 10.433296203613281
173 14.233596801757813
174 6.687705993652344
175 7.923301696777344
176 7.9243011474609375
177 8.388198852539063
178 10.851104736328125
179 10.4591064453125
180 6.296600341796875
181 8.519401550292969
182 8.739204406738281
183 7.6636962890625
184 5.2971954345703125
185 9.405792236328125
186 8.859298706054688
187 8.338699340820313
188 8.851905822753906
189 6.797798156738281
190 5.976402282714844
191 5.649894714355469
192 8.183403015136719
193 5.118499755859375
194 7.780303955078125
195 7.746604919433594
196 9.277099609375
197 7.293205261230469
198 4.948204040527344
199 9.099998474121094
200 8.440399169921875
201 10.3052978515625
202 11.057998657226563
203 11.557098388671875
204 12.614700317382813
205 10.327598571777344
206 7.74310302734375
207 7.1573028564453125
208 10.145698547363281
209 12.645301818847656
210 12.385093688964844
211 11.385101318359375
212 12.935096740722656
213 11.626007080078125
214 13.037406921386719
215 10.755805969238281
216 10.382598876953125
217 12.7969970703125
218 13.731002807617188
219 11.815605163574219
220 11.815498352050781
221 10.003402709960938
222 11.47430419921875
223 12.155899047851563
224 12.352500915527344
225 9.592605590820313
226 11.695503234863281
227 13.530799865722656
228 13.263099670410156
229 12.202003479003906
230 13.800697326660156
231 10.604904174804688
232 11.411102294921875
233 10.162200927734375
234 11.760704040527344
235 8.781997680664063
236 11.577995300292969
237 10.945602416992188
238 12.195594787597656
239 11.304801940917969
240 13.239997863769531
241 12.475898742675781
242 14.763999938964844
243 15.749794006347656
244 18.21900177001953
245 15.11669921875
246 12.500999450683594
247 14.878501892089844
248 12.86199951171875
249 13.554801940917969
250 14.114700317382813
251 12.861305236816406
252 15.712600708007813
253 11.068496704101563
254 9.347702026367188
255 10.672500610351563
256 13.818397521972656
257 13.220901489257813
258 9.877105712890625
259 11.735107421875
260 10.208206176757813
261 11.997299194335938
262 12.0635986328125
263 11.118499755859375
264 11.797706604003906
265 11.0531005859375
266 11.394798278808594
267 13.219207763671875
268 12.12139892578125
269 16.03740692138672
270 14.922698974609375
271 12.041793823242188
272 12.07330322265625
273 14.624107360839844
274 13.3916015625
275 14.365997314453125
276 13.94110107421875
277 13.311904907226563
278 14.426101684570313
279 13.53399658203125
280 13.32080078125
281 14.468696594238281
282 15.920303344726563
283 12.612602233886719
284 15.213600158691406
285 16.763702392578125
286 17.194808959960938
287 15.32550048828125
288 14.278297424316406
289 14.803504943847656
290 14.364700317382813
291 13.519500732421875
292 12.307106018066406
293 13.83740234375
294 10.048896789550781
295 11.270401000976563
296 9.847900390625
297 10.601600646972656
298 11.392501831054688
299 12.913902282714844
300 10.624298095703125
301 13.325302124023438
302 14.175102233886719
303 15.903106689453125
304 15.846694946289063
305 13.089698791503906
306 15.29229736328125
307 14.7467041015625
308 15.395401000976563
309 14.805389404296875
310 10.805999755859375
311 10.540008544921875
312 17.147605895996094
313 17.43890380859375
314 15.379600524902344
315 15.419197082519531
316 16.802703857421875
317 14.54010009765625
318 12.448501586914063
319 13.581008911132813
320 14.540611267089844
321 15.786903381347656
322 12.631500244140625
323 10.860099792480469
324 10.838104248046875
325 9.243202209472656
326 10.407203674316406
327 8.529296875
328 14.252395629882813
329 11.775100708007813
330 14.547096252441406
331 11.400199890136719
332 16.17749786376953
333 14.728096008300781
334 14.590797424316406
335 13.363700866699219
336 11.560302734375
337 11.27630615234375
338 14.188003540039063
339 12.824806213378906
340 13.762908935546875
341 14.913299560546875
342 16.47570037841797
343 14.058799743652344
344 12.035804748535156
345 14.496002197265625
346 12.371498107910156
347 11.352798461914063
348 10.241600036621094
349 14.367202758789063
350 11.25579833984375
351 10.384994506835938
352 12.985504150390625
353 12.026405334472656
354 12.627197265625
355 15.581108093261719
356 15.432197570800781
357 12.948501586914063
358 13.285606384277344
359 9.349800109863281
360 15.120193481445313
361 13.742202758789063
362 12.359901428222656
363 12.549095153808594
364 16.00580596923828
365 14.079902648925781
366 16.242698669433594
367 16.138092041015625
368 11.689300537109375
369 13.560302734375
370 14.790008544921875
371 17.384201049804688
372 15.092994689941406
373 13.744598388671875
374 12.285102844238281
375 13.241798400878906
376 13.103599548339844
377 12.91009521484375
378 17.739501953125
379 14.8291015625
380 14.2322998046875
381 16.30339813232422
382 15.185295104980469
383 17.010597229003906
384 16.299606323242188
385 13.586395263671875
386 11.030693054199219
387 10.421302795410156
388 8.391799926757813
389 10.946197509765625
390 11.074203491210938
391 13.783798217773438
392 10.864601135253906
393 12.173896789550781
394 8.725296020507813
395 10.779701232910156
396 12.506599426269531
397 8.737693786621094
398 8.305595397949219
399 8.342506408691406
400 8.306900024414063
401 9.149398803710938
402 11.987503051757813
403 12.156394958496094
404 10.723403930664063
405 12.926200866699219
406 11.552398681640625
407 13.681800842285156
408 14.831001281738281
409 15.229896545410156
410 14.49090576171875
411 14.227096557617188
412 12.887504577636719
413 12.890602111816406
414 14.342399597167969
415 13.149406433105469
416 10.463394165039063
417 11.569801330566406
418 11.224105834960938
419 12.102798461914063
420 12.583694458007813
421 13.757591247558594
422 15.488105773925781
423 14.916801452636719
424 19.21550750732422
425 17.924102783203125
426 16.298301696777344
427 16.842300415039063
428 13.102699279785156
429 15.348007202148438
430 16.90399932861328
431 13.417106628417969
432 15.905998229980469
433 17.770004272460938
434 15.922599792480469
435 15.619796752929688
436 15.249099731445313
437 13.234298706054688
438 13.349502563476563
439 14.149200439453125
440 15.928604125976563
441 15.646598815917969
442 12.038604736328125
443 14.147102355957031
444 15.683601379394531
445 14.143196105957031
446 14.573493957519531
447 12.906105041503906
448 12.638603210449219
449 10.090293884277344
450 12.003402709960938
451 13.590499877929688
452 11.283401489257813
453 13.765396118164063
454 16.369407653808594
455 14.259208679199219
456 13.009292602539063
457 13.093505859375
458 15.82550048828125
459 11.885200500488281
460 13.404800415039063
461 11.42950439453125
462 13.629112243652344
463 12.044204711914063
464 9.458999633789063
465 11.633598327636719
466 9.56610107421875
467 13.216102600097656
468 15.869598388671875
469 15.642402648925781
470 15.572105407714844
471 14.2908935546875
472 12.767097473144531
473 10.042503356933594
474 13.730499267578125
475 13.30670166015625
476 16.47199249267578
477 15.296394348144531
478 14.5155029296875
479 11.812004089355469
480 12.369606018066406
481 12.077705383300781
482 9.709800720214844
483 12.55999755859375
484 13.61669921875
485 12.412796020507813
486 13.858901977539063
487 16.199806213378906
488 16.712501525878906
489 17.219200134277344
490 14.510200500488281
491 16.243896484375
492 17.120498657226563
493 14.992805480957031
494 11.959197998046875
495 10.333900451660156
496 14.605804443359375
497 11.056495666503906
498 13.758598327636719
499 13.784004211425781
500 13.068000793457031
