0 12.375602722167969
1 12.375595092773438
2 11.464698791503906
3 12.681106567382813
4 11.982795715332031
5 9.700202941894531
6 7.808502197265625
7 8.448593139648438
8 11.060600280761719
9 13.283203125
10 11.005294799804688
11 12.801300048828125
12 11.328994750976563
13 12.124000549316406
14 14.678199768066406
15 12.421798706054688
16 16.388198852539063
17 12.113700866699219
18 9.527801513671875
19 10.874702453613281
20 7.311195373535156
21 9.556900024414063
22 10.971900939941406
23 7.9792938232421875
24 8.414100646972656
25 8.920204162597656
26 6.084602355957031
27 5.60260009765625
28 4.579002380371094
29 7.4342041015625
30 4.371002197265625
31 4.504302978515625
32 4.290702819824219
33 3.3011016845703125
34 2.1222000122070313
35 1.8106002807617188
36 3.7489089965820313
37 3.2030029296875
38 4.118499755859375
39 2.9470977783203125
40 1.4915008544921875
41 4.171699523925781
42 2.9500961303710938
43 3.3668975830078125
44 3.439605712890625
45 3.626800537109375
46 2.2660064697265625
47 3.3491973876953125
48 5.316802978515625
49 5.506904602050781
50 5.459197998046875
51 2.8946990966796875
52 2.3678970336914063
53 2.9094085693359375
54 5.575897216796875
55 4.813407897949219
56 5.1707916259765625
57 5.853599548339844
58 3.5013046264648438
59 6.912101745605469
60 4.097198486328125
61 5.708198547363281
62 5.0626068115234375
63 4.0800018310546875
64 2.41259765625
65 5.083900451660156
66 4.258995056152344
67 4.548500061035156
68 3.860198974609375
69 4.4098968505859375
70 3.6365966796875
71 0.01079559326171875
72 -0.9828033447265625
73 1.2916030883789063
74 2.9247970581054688
75 3.4637985229492188
76 3.8535003662109375
77 5.448394775390625
78 7.025001525878906
79 4.5406036376953125
80 4.773101806640625
81 7.277198791503906
82 5.755500793457031
83 3.447906494140625
84 4.4477996826171875
85 6.082206726074219
86 7.928596496582031
87 7.3538970947265625
88 8.216606140136719
89 6.114898681640625
90 6.369598388671875
91 3.6030960083007813
92 3.4695968627929688
93 7.864997863769531
94 4.704505920410156
95 3.662200927734375
96 3.7231979370117188
97 5.003196716308594
98 4.28759765625
99 3.8888092041015625
100 8.413902282714844
101 11.24859619140625
102 11.21270751953125
103 9.487503051757813
104 11.887702941894531
105 9.161094665527344
106 12.380096435546875
107 11.927200317382813
108 8.6072998046875
109 13.589599609375
110 13.22760009765625
111 8.55450439453125
112 7.9114990234375
113 9.848503112792969
114 6.8845977783203125
115 7.46820068359375
116 5.1967010498046875
117 6.088600158691406
118 5.631103515625
119 7.075096130371094
120 12.111793518066406
121 7.627197265625
122 6.0458984375
123 4.602203369140625
124 6.262702941894531
125 4.9969024658203125
126 9.658805847167969
127 8.517997741699219
128 11.92919921875
129 9.590095520019531
130 6.4618988037109375
131 9.668907165527344
132 10.946495056152344
133 8.052001953125
134 6.3025054931640625
135 5.895896911621094
136 5.759101867675781
137 5.51739501953125
138 3.3304977416992188
139 7.629295349121094
140 7.657402038574219
141 6.770805358886719
142 7.017097473144531
143 7.076904296875
144 6.212799072265625
145 7.9033050537109375
146 8.216499328613281
147 7.0614013671875
148 8.711601257324219
149 9.447097778320313
150 8.986595153808594
151 8.971305847167969
152 8.069000244140625
153 7.059295654296875
154 6.124603271484375
155 9.074699401855469
156 5.85150146484375
157 5.3433990478515625
158 5.456298828125
159 7.520904541015625
160 12.555900573730469
161 8.416603088378906
162 10.324302673339844
163 14.394294738769531
164 13.635391235351563
165 10.688499450683594
166 11.988105773925781
167 8.890800476074219
168 7.655097961425781
169 7.3031005859375
170 12.870803833007813
171 11.812797546386719
172 11.103302001953125
173 6.683601379394531
174 7.807701110839844
175 7.2133026123046875
176 5.3643035888671875
177 8.428199768066406
178 6.651100158691406
179 8.069099426269531
180 7.056602478027344
181 7.7393951416015625
182 8.959197998046875
183 8.033699035644531
184 8.467201232910156
185 4.8157958984375
186 8.299301147460938
187 14.188697814941406
188 14.181907653808594
189 17.507797241210938
190 14.50640869140625
191 7.6898956298828125
192 9.193405151367188
193 4.298492431640625
194 4.710296630859375
195 8.416603088378906
196 6.267097473144531
197 6.213203430175781
198 11.428199768066406
199 9.639999389648438
200 10.350395202636719
201 6.655296325683594
202 3.8180007934570313
203 8.127098083496094
204 8.774703979492188
205 10.367599487304688
206 9.253105163574219
207 8.287300109863281
208 8.345703125
209 9.445297241210938
210 6.855094909667969
211 7.16510009765625
212 4.41510009765625
213 6.836006164550781
214 7.6974029541015625
215 7.2758026123046875
216 4.222602844238281
217 7.696998596191406
218 4.871002197265625
219 3.8456039428710938
220 3.2854995727539063
221 5.5334014892578125
222 9.954299926757813
223 8.835899353027344
224 7.382499694824219
225 5.7126007080078125
226 4.985504150390625
227 4.6808013916015625
228 7.423103332519531
229 6.0720062255859375
230 8.950698852539063
231 7.02490234375
232 4.321098327636719
233 12.792198181152344
234 8.490699768066406
235 7.9720001220703125
236 8.107994079589844
237 8.435600280761719
238 7.235595703125
239 4.744804382324219
240 5.099998474121094
241 5.465904235839844
242 9.003997802734375
243 5.129798889160156
244 7.198997497558594
245 7.376701354980469
246 5.5410003662109375
247 3.6085052490234375
248 7.402000427246094
249 11.794807434082031
250 6.104698181152344
251 9.281303405761719
252 11.122604370117188
253 13.39849853515625
254 8.907699584960938
255 10.792503356933594
256 7.588401794433594
257 10.810897827148438
258 8.757102966308594
259 11.565101623535156
260 7.1381988525390625
261 5.447303771972656
262 7.863594055175781
263 10.908500671386719
264 6.32769775390625
265 1.43310546875
266 1.884796142578125
267 -2.4008026123046875
268 -1.3086013793945313
269 -0.6426010131835938
270 -0.8973007202148438
271 -1.4282073974609375
272 2.3032989501953125
273 1.3441085815429688
274 -1.9384002685546875
275 -4.0240020751953125
276 -1.4188995361328125
277 0.7819061279296875
278 -0.8938980102539063
279 -0.64599609375
280 -0.7891998291015625
281 -0.991302490234375
282 -1.2096939086914063
283 -1.8773956298828125
284 -3.7764053344726563
285 -1.5862960815429688
286 -5.415199279785156
287 -5.114501953125
288 -4.3217010498046875
289 -1.8064956665039063
290 -0.9852981567382813
291 -3.000499725341797
292 -3.3329010009765625
293 -1.9925994873046875
294 -0.6511001586914063
295 -2.5796051025390625
296 2.8979034423828125
297 0.3115997314453125
298 1.0825042724609375
299 -1.506103515625
300 -0.8656997680664063
301 0.465301513671875
302 -2.4549026489257813
303 -0.30689239501953125
304 0.8867034912109375
305 -1.4803009033203125
306 1.2423019409179688
307 -1.94329833984375
308 0.23540496826171875
309 0.18540191650390625
310 0.4160003662109375
311 2.7900009155273438
312 1.0676040649414063
313 2.7288970947265625
314 -0.41039276123046875
315 -0.7707977294921875
316 -1.7472991943359375
317 -1.5298995971679688
318 -1.0915069580078125
319 1.0510025024414063
320 0.22060394287109375
321 1.3169021606445313
322 1.7314987182617188
323 -1.239898681640625
324 -0.39189910888671875
325 3.2531967163085938
326 -0.03279876708984375
327 0.6792984008789063
328 -3.0475997924804688
329 0.6451034545898438
330 0.03710174560546875
331 -0.26979827880859375
332 -1.1825027465820313
333 0.5580978393554688
334 1.3908004760742188
335 1.3337020874023438
336 0.04030609130859375
337 -1.60369873046875
338 0.6879959106445313
339 0.39479827880859375
340 1.16290283203125
341 -1.7967071533203125
342 -2.84429931640625
343 -3.2712020874023438
344 -3.4242019653320313
345 -3.9039993286132813
346 -2.218505859375
347 -1.907196044921875
348 -0.8483963012695313
349 -1.522796630859375
350 0.5058059692382813
351 0.345001220703125
352 -2.3944969177246094
353 -2.4335975646972656
354 -1.9628067016601563
355 -1.0988922119140625
356 -1.9077987670898438
357 -1.5815010070800781
358 -0.18439483642578125
359 -1.27020263671875
360 -0.6497955322265625
361 0.69219970703125
362 -0.9001007080078125
363 0.8290939331054688
364 0.32579803466796875
365 3.1899032592773438
366 1.0626983642578125
367 -1.4618988037109375
368 -1.0406951904296875
369 -1.3297042846679688
370 0.7099990844726563
371 -0.8058013916015625
372 0.45299530029296875
373 1.8145980834960938
374 1.97509765625
375 -0.8682022094726563
376 -0.6063995361328125
377 -0.5699081420898438
378 -0.14049530029296875
379 -0.950897216796875
380 -0.2176971435546875
381 -1.4166030883789063
382 -1.3546981811523438
383 -1.979400634765625
384 -0.5604019165039063
385 0.07639312744140625
386 0.40069580078125
387 2.4413070678710938
388 0.7918014526367188
389 -0.2537994384765625
390 0.23419952392578125
391 2.4438018798828125
392 -0.4053955078125
393 1.6038970947265625
394 -0.10469818115234375
395 -0.8202972412109375
396 2.8466033935546875
397 1.8976974487304688
398 3.5255966186523438
399 4.462501525878906
400 5.296897888183594
401 2.3694000244140625
402 2.6375045776367188
403 0.466400146484375
404 0.19339752197265625
405 -1.3337936401367188
406 1.4724044799804688
407 -1.8382034301757813
408 -2.4690017700195313
409 -1.2900924682617188
410 0.6509017944335938
411 1.0371017456054688
412 -1.4325027465820313
413 0.8806076049804688
414 0.03240203857421875
415 -1.9805984497070313
416 -2.5866012573242188
417 -1.5702056884765625
418 -2.3958969116210938
419 -0.26720428466796875
420 0.6536941528320313
421 -2.3224029541015625
422 -1.2918930053710938
423 -1.4032058715820313
424 -0.6845016479492188
425 -1.2158966064453125
426 -4.30169677734375
427 -1.8676986694335938
428 0.8227005004882813
429 3.0380020141601563
430 1.0839920043945313
431 -0.10289764404296875
432 1.2259979248046875
433 -1.7699966430664063
434 -2.4173965454101563
435 -0.920196533203125
436 2.3090972900390625
437 2.0542984008789063
438 -1.8204994201660156
439 -0.420806884765625
440 2.0085983276367188
441 -0.6933975219726563
442 -0.9614028930664063
443 -0.14289093017578125
444 -2.2363967895507813
445 -1.9267997741699219
446 -1.0565032958984375
447 -1.2238998413085938
448 -0.711395263671875
449 0.25029754638671875
450 0.07340240478515625
451 0.95050048828125
452 3.1534042358398438
453 2.9153976440429688
454 1.6494064331054688
455 -1.1507949829101563
456 -0.08069610595703125
457 1.2335052490234375
458 -0.06449127197265625
459 -2.134796142578125
460 -3.4052047729492188
461 -2.9204978942871094
462 -2.4208984375
463 -2.1357994079589844
464 -2.2310028076171875
465 -2.2764015197753906
466 -1.0638961791992188
467 -1.343902587890625
468 -0.2404022216796875
469 2.5023956298828125
470 2.2520980834960938
471 0.640899658203125
472 3.777099609375
473 3.3525009155273438
474 0.600494384765625
475 0.29669952392578125
476 1.6719970703125
477 -0.30359649658203125
478 -0.9045028686523438
479 -1.287994384765625
480 -0.22039794921875
481 -0.00229644775390625
482 -0.3802032470703125
483 -2.3300018310546875
484 0.13669586181640625
485 1.902801513671875
486 1.8488998413085938
487 0.6697998046875
488 1.5225067138671875
489 3.839202880859375
490 4.110198974609375
491 1.43389892578125
492 3.32049560546875
493 2.522796630859375
494 -1.4507980346679688
495 -0.3760986328125
496 1.25579833984375
497 -0.83349609375
498 0.02860260009765625
499 0.4940032958984375
500 -1.3719940185546875
