0 29.11560821533203
1 29.1156005859375
2 27.234703063964844
3 25.531112670898438
4 24.352798461914063
5 21.500205993652344
6 23.698501586914063
7 25.538604736328125
8 25.480606079101563
9 28.16320037841797
10 23.405303955078125
11 28.27130126953125
12 27.748992919921875
13 30.444000244140625
14 28.678199768066406
15 29.131805419921875
16 28.33820343017578
17 26.49370574951172
18 24.587806701660156
19 24.63470458984375
20 20.571205139160156
21 20.676902770996094
22 20.851905822753906
23 17.869300842285156
24 20.0740966796875
25 18.360198974609375
26 17.824607849121094
27 18.35260772705078
28 17.638999938964844
29 18.36419677734375
30 18.08100128173828
31 15.114303588867188
32 15.170707702636719
33 15.451103210449219
34 14.872200012207031
35 15.950607299804688
36 16.708908081054688
37 15.902999877929688
38 17.188499450683594
39 16.02709197998047
40 13.301506042480469
41 16.831703186035156
42 14.770095825195313
43 13.506904602050781
44 12.449600219726563
45 12.306800842285156
46 13.296005249023438
47 13.969192504882813
48 15.606803894042969
49 16.966903686523438
50 16.969200134277344
51 12.184700012207031
52 15.127899169921875
53 13.249404907226563
54 16.845901489257813
55 17.703399658203125
56 19.080795288085938
57 18.193603515625
58 16.041297912597656
59 15.312103271484375
60 12.507194519042969
61 14.958198547363281
62 15.552604675292969
63 15.520004272460938
64 11.872596740722656
65 14.123893737792969
66 15.698997497558594
67 16.02849578857422
68 17.370201110839844
69 15.349899291992188
70 14.906600952148438
71 12.030799865722656
72 11.057197570800781
73 13.771598815917969
74 15.504798889160156
75 14.633804321289063
76 14.773506164550781
77 16.628395080566406
78 16.595001220703125
79 16.030601501464844
80 16.42310333251953
81 17.047203063964844
82 15.125503540039063
83 15.367904663085938
84 16.067794799804688
85 15.842201232910156
86 17.838600158691406
87 16.533897399902344
88 17.58660125732422
89 17.28490447998047
90 14.769599914550781
91 13.663101196289063
92 14.359603881835938
93 18.324996948242188
94 18.344497680664063
95 14.852203369140625
96 16.4031982421875
97 17.96319580078125
98 15.527603149414063
99 14.158798217773438
100 17.463905334472656
101 21.048606872558594
102 21.352699279785156
103 17.23749542236328
104 22.627700805664063
105 20.341102600097656
106 22.260101318359375
107 26.477203369140625
108 21.007301330566406
109 21.819595336914063
110 19.85759735107422
111 20.514503479003906
112 18.331497192382813
113 18.96849822998047
114 14.854606628417969
115 17.948196411132813
116 17.73670196533203
117 14.638603210449219
118 13.551101684570313
119 13.955093383789063
120 15.141799926757813
121 14.867202758789063
122 15.195892333984375
123 15.352195739746094
124 14.992706298828125
125 13.796905517578125
126 17.888809204101563
127 15.51800537109375
128 19.649200439453125
129 16.200096130371094
130 14.801902770996094
131 14.188896179199219
132 17.35649871826172
133 17.66199493408203
134 20.792503356933594
135 20.335899353027344
136 19.6990966796875
137 18.88739776611328
138 15.330497741699219
139 20.609298706054688
140 19.78740692138672
141 19.64080810546875
142 19.727096557617188
143 21.33690643310547
144 21.822799682617188
145 22.603309631347656
146 21.656494140625
147 20.141395568847656
148 20.07160186767578
149 21.327102661132813
150 21.686599731445313
151 23.881309509277344
152 21.808998107910156
153 20.519302368164063
154 18.434600830078125
155 21.804702758789063
156 18.98150634765625
157 18.66339874267578
158 19.126296997070313
159 23.86090850830078
160 24.36589813232422
161 21.95660400390625
162 23.0343017578125
163 26.684303283691406
164 26.695396423339844
165 27.098495483398438
166 26.23810577392578
167 23.76080322265625
168 23.53510284423828
169 23.18309783935547
170 26.13079833984375
171 24.632797241210938
172 20.57329559326172
173 21.69359588623047
174 18.407699584960938
175 18.723304748535156
176 17.41429901123047
177 18.948204040527344
178 20.791099548339844
179 20.25910186767578
180 19.31659698486328
181 21.299400329589844
182 20.35919952392578
183 20.683700561523438
184 19.367202758789063
185 19.355796813964844
186 22.269302368164063
187 21.068702697753906
188 20.311904907226563
189 22.087799072265625
190 21.62640380859375
191 19.08989715576172
192 20.66339874267578
193 20.76850128173828
194 20.360305786132813
195 22.536598205566406
196 21.137100219726563
197 21.063209533691406
198 23.60820770263672
199 24.410003662109375
200 23.410400390625
201 20.73529815673828
202 18.847991943359375
203 23.437103271484375
204 23.784698486328125
205 22.29759979248047
206 21.62310028076172
207 21.687294006347656
208 23.985702514648438
209 25.06529998779297
210 24.435104370117188
211 24.565101623535156
212 22.04509735107422
213 25.356002807617188
214 25.597396850585938
215 23.715805053710938
216 19.5426025390625
217 23.277000427246094
218 22.72100067138672
219 22.535606384277344
220 19.745498657226563
221 22.533409118652344
222 22.944305419921875
223 23.80590057373047
224 24.542503356933594
225 20.242599487304688
226 21.845497131347656
227 19.920799255371094
228 21.73310089111328
229 22.37200164794922
230 25.33069610595703
231 20.9049072265625
232 18.57110595703125
233 25.252197265625
234 23.610702514648438
235 21.522003173828125
236 22.498001098632813
237 21.205596923828125
238 21.55559539794922
239 18.264801025390625
240 20.5
241 19.74590301513672
242 24.79399871826172
243 19.949798583984375
244 22.698997497558594
245 21.596702575683594
246 19.730995178222656
247 16.378509521484375
248 21.751998901367188
249 23.954803466796875
250 20.304702758789063
251 22.261306762695313
252 25.61260223388672
253 23.198501586914063
254 21.89769744873047
255 24.962501525878906
256 23.508392333984375
257 25.040908813476563
258 23.317108154296875
259 23.825103759765625
260 21.958206176757813
261 21.277305603027344
262 21.80359649658203
263 24.53850555419922
264 22.77770233154297
265 17.06310272216797
266 18.944793701171875
267 13.589202880859375
268 16.601402282714844
269 17.557395935058594
270 15.3927001953125
271 15.701789855957031
272 19.43329620361328
273 19.804100036621094
274 15.441604614257813
275 13.5260009765625
276 13.291099548339844
277 18.041908264160156
278 14.066108703613281
279 15.523994445800781
280 16.01080322265625
281 15.868690490722656
282 16.100303649902344
283 16.022605895996094
284 14.743598937988281
285 14.053703308105469
286 12.884803771972656
287 13.305496215820313
288 13.248306274414063
289 16.27350616455078
290 17.044708251953125
291 14.969497680664063
292 13.617095947265625
293 12.9674072265625
294 13.068901062011719
295 12.180397033691406
296 17.14789581298828
297 15.151596069335938
298 15.4425048828125
299 15.493896484375
300 14.484298706054688
301 16.855300903320313
302 15.515098571777344
303 17.713104248046875
304 18.596702575683594
305 16.43970489501953
306 19.472305297851563
307 16.766700744628906
308 17.395401000976563
309 18.84539794921875
310 16.425994873046875
311 20.510009765625
312 18.467605590820313
313 20.80889892578125
314 18.179611206054688
315 18.019203186035156
316 17.70270538330078
317 18.140098571777344
318 16.8284912109375
319 18.181007385253906
320 17.090606689453125
321 19.156898498535156
322 19.09149932861328
323 15.120101928710938
324 16.078094482421875
325 17.803207397460938
326 15.88720703125
327 16.029296875
328 14.652397155761719
329 17.67510223388672
330 17.96709442138672
331 16.750198364257813
332 17.207496643066406
333 18.978103637695313
334 19.050796508789063
335 19.073699951171875
336 15.000297546386719
337 15.246299743652344
338 17.3280029296875
339 17.884803771972656
340 18.492904663085938
341 13.953292846679688
342 11.40570068359375
343 11.548797607421875
344 12.845802307128906
345 11.846000671386719
346 13.301498413085938
347 14.312797546386719
348 14.691596984863281
349 15.787208557128906
350 17.81580352783203
351 19.204994201660156
352 15.935501098632813
353 15.816398620605469
354 16.127197265625
355 17.33110809326172
356 18.26219940185547
357 17.26850128173828
358 19.665603637695313
359 16.039794921875
360 18.310195922851563
361 21.69219970703125
362 17.789901733398438
363 18.469100952148438
364 17.99579620361328
365 20.13990020751953
366 20.20269775390625
367 18.338096618652344
368 17.439300537109375
369 16.12029266357422
370 19.530006408691406
371 19.04419708251953
372 20.7030029296875
373 20.09459686279297
374 20.66510009765625
375 18.52179718017578
376 17.153602600097656
377 15.430099487304688
378 16.589500427246094
379 18.37909698486328
380 17.762298583984375
381 15.453399658203125
382 16.25530242919922
383 13.030601501464844
384 17.09960174560547
385 17.766395568847656
386 18.66069793701172
387 19.691307067871094
388 17.131805419921875
389 16.266197204589844
390 14.704200744628906
391 18.753799438476563
392 13.734596252441406
393 15.973899841308594
394 15.855293273925781
395 16.179702758789063
396 17.306602478027344
397 16.487701416015625
398 15.585601806640625
399 18.332504272460938
400 21.036895751953125
401 17.739402770996094
402 18.49750518798828
403 19.096397399902344
404 13.323402404785156
405 15.716209411621094
406 16.992393493652344
407 14.181800842285156
408 13.530998229980469
409 15.779899597167969
410 17.830902099609375
411 16.39710235595703
412 14.597503662109375
413 19.970603942871094
414 18.862396240234375
415 15.289405822753906
416 17.003395080566406
417 16.21979522705078
418 15.584098815917969
419 16.512802124023438
420 17.65369415283203
421 15.157600402832031
422 17.838096618652344
423 17.746795654296875
424 17.89550018310547
425 17.294105529785156
426 13.478302001953125
427 15.952308654785156
428 18.362693786621094
429 19.118003845214844
430 19.73400115966797
431 16.32709503173828
432 19.46600341796875
433 18.460006713867188
434 16.402603149414063
435 15.389801025390625
436 19.229095458984375
437 16.2843017578125
438 13.209495544433594
439 14.449195861816406
440 18.848602294921875
441 15.676605224609375
442 14.458595275878906
443 16.03710174560547
444 13.733604431152344
445 14.453201293945313
446 17.063499450683594
447 16.31609344482422
448 17.25859832763672
449 16.280303955078125
450 17.343399047851563
451 17.95050048828125
452 19.17340087890625
453 18.60540008544922
454 19.219398498535156
455 14.409202575683594
456 15.539299011230469
457 17.9735107421875
458 16.64550018310547
459 15.355201721191406
460 14.454795837402344
461 14.329498291015625
462 15.329109191894531
463 13.984199523925781
464 13.458999633789063
465 14.513603210449219
466 13.426101684570313
467 14.576103210449219
468 15.9595947265625
469 18.52239990234375
470 17.84209442138672
471 15.520896911621094
472 18.527099609375
473 16.88249969482422
474 16.000503540039063
475 15.43670654296875
476 17.931991577148438
477 16.36640167236328
478 15.105499267578125
479 14.431999206542969
480 14.799598693847656
481 15.33770751953125
482 15.309806823730469
483 14.490005493164063
484 16.476699829101563
485 18.272796630859375
486 17.518905639648438
487 17.569801330566406
488 18.972503662109375
489 19.229202270507813
490 18.730201721191406
491 18.07390594482422
492 19.240501403808594
493 17.7427978515625
494 14.259201049804688
495 15.173904418945313
496 14.745803833007813
497 13.666496276855469
498 15.658599853515625
499 16.65399932861328
500 16.657997131347656
