0 29.325607299804688
1 29.325599670410156
2 32.99470520019531
3 29.711105346679688
4 23.31279754638672
5 19.20020294189453
6 21.07849884033203
7 23.608604431152344
8 25.30059814453125
9 26.41320037841797
10 23.435302734375
11 23.15129852294922
12 26.688995361328125
13 22.444000244140625
14 19.78820037841797
15 21.051795959472656
16 15.318206787109375
17 13.443702697753906
18 14.897804260253906
19 15.794692993164063
20 15.91119384765625
21 14.856895446777344
22 11.561904907226563
23 12.729301452636719
24 13.214096069335938
25 12.380203247070313
26 11.864601135253906
27 14.272605895996094
28 14.798995971679688
29 18.17420196533203
30 16.031005859375
31 13.364295959472656
32 14.66070556640625
33 14.621101379394531
34 15.542205810546875
35 14.900604248046875
36 14.888900756835938
37 13.963005065917969
38 14.228492736816406
39 13.487098693847656
40 12.54150390625
41 15.56170654296875
42 12.480094909667969
43 11.676902770996094
44 12.999603271484375
45 13.986801147460938
46 13.21600341796875
47 14.279197692871094
48 13.176803588867188
49 14.726898193359375
50 12.759201049804688
51 11.174705505371094
52 11.447898864746094
53 10.589401245117188
54 12.605903625488281
55 13.313400268554688
56 13.030799865722656
57 12.643608093261719
58 13.631301879882813
59 12.252105712890625
60 12.687202453613281
61 13.228195190429688
62 13.712600708007813
63 15.849998474121094
64 14.252593994140625
65 14.573898315429688
66 13.649002075195313
67 16.728500366210938
68 13.540199279785156
69 12.569900512695313
70 15.986595153808594
71 15.420799255371094
72 13.43719482421875
73 13.131599426269531
74 12.444801330566406
75 13.143798828125
76 11.113502502441406
77 11.378395080566406
78 11.105003356933594
79 10.650604248046875
80 12.653091430664063
81 12.43719482421875
82 11.935501098632813
83 12.187904357910156
84 13.537803649902344
85 13.01220703125
86 13.528602600097656
87 12.593902587890625
88 12.176597595214844
89 13.424903869628906
90 12.519599914550781
91 13.453102111816406
92 10.709602355957031
93 12.264999389648438
94 13.384498596191406
95 11.712196350097656
96 11.853202819824219
97 14.113197326660156
98 11.127601623535156
99 13.08880615234375
100 11.643905639648438
101 12.1885986328125
102 12.932701110839844
103 12.567497253417969
104 14.597709655761719
105 12.831100463867188
106 13.580108642578125
107 17.36719512939453
108 16.79729461669922
109 15.549598693847656
110 12.337600708007813
111 16.604507446289063
112 15.871505737304688
113 14.518501281738281
114 14.584602355957031
115 13.638198852539063
116 12.716697692871094
117 10.728599548339844
118 10.531097412109375
119 8.615097045898438
120 10.2218017578125
121 9.0072021484375
122 10.415901184082031
123 12.312202453613281
124 12.70269775390625
125 11.706901550292969
126 14.548797607421875
127 11.697998046875
128 13.229202270507813
129 12.130096435546875
130 11.141899108886719
131 12.268905639648438
132 13.466499328613281
133 13.192001342773438
134 14.732498168945313
135 14.085899353027344
136 12.869102478027344
137 11.257400512695313
138 11.880500793457031
139 14.139297485351563
140 13.847404479980469
141 14.720794677734375
142 13.167098999023438
143 15.406898498535156
144 15.822799682617188
145 15.233299255371094
146 12.996498107910156
147 13.831398010253906
148 11.221603393554688
149 12.317100524902344
150 13.07659912109375
151 16.20130157470703
152 12.879005432128906
153 12.539299011230469
154 9.414604187011719
155 10.82470703125
156 11.261505126953125
157 11.203399658203125
158 10.926300048828125
159 10.410903930664063
160 12.505897521972656
161 12.806602478027344
162 10.834304809570313
163 9.634300231933594
164 12.395393371582031
165 12.048500061035156
166 13.388099670410156
167 11.020805358886719
168 13.6051025390625
169 10.873092651367188
170 14.530799865722656
171 14.002799987792969
172 12.603294372558594
173 15.363609313964844
174 9.027702331542969
175 10.20330810546875
176 10.064300537109375
177 10.818191528320313
178 12.281097412109375
179 11.839103698730469
180 8.746604919433594
181 11.039405822753906
182 11.159202575683594
183 10.493698120117188
184 7.877197265625
185 10.935791015625
186 10.929298400878906
187 11.148696899414063
188 11.101905822753906
189 9.647796630859375
190 8.926399230957031
191 8.009895324707031
192 10.313400268554688
193 8.078498840332031
194 10.1802978515625
195 10.666603088378906
196 11.237098693847656
197 10.383201599121094
198 8.128204345703125
199 11.750007629394531
200 11.5404052734375
201 11.915298461914063
202 12.797996520996094
203 13.927101135253906
204 14.164703369140625
205 12.087600708007813
206 10.18310546875
207 10.047294616699219
208 12.875701904296875
209 15.025299072265625
210 14.675102233886719
211 13.825103759765625
212 14.815101623535156
213 13.536003112792969
214 15.477401733398438
215 13.625801086425781
216 11.922599792480469
217 14.387001037597656
218 15.240997314453125
219 13.895599365234375
220 13.305496215820313
221 12.193405151367188
222 13.604301452636719
223 13.655899047851563
224 14.242507934570313
225 11.522598266601563
226 13.045501708984375
227 13.440803527832031
228 14.233100891113281
229 14.162002563476563
230 15.740699768066406
231 11.844902038574219
232 11.791099548339844
233 12.062202453613281
234 13.370697021484375
235 10.091995239257813
236 13.288002014160156
237 12.215599060058594
238 12.765602111816406
239 12.254798889160156
240 14.650001525878906
241 13.815895080566406
242 16.203994750976563
243 16.10980224609375
244 18.499000549316406
245 16.2467041015625
246 14.601005554199219
247 13.858497619628906
248 14.902000427246094
249 15.364799499511719
250 14.524703979492188
251 14.361297607421875
252 16.702598571777344
253 12.848503112792969
254 11.197700500488281
255 13.382499694824219
256 15.258392333984375
257 15.290901184082031
258 11.567100524902344
259 13.655105590820313
260 12.288200378417969
261 13.747299194335938
262 13.763595581054688
263 12.808494567871094
264 13.447700500488281
265 12.413101196289063
266 12.564796447753906
267 13.259201049804688
268 11.751396179199219
269 16.107398986816406
270 14.542701721191406
271 12.251792907714844
272 12.933303833007813
273 15.004104614257813
274 13.311599731445313
275 14.025993347167969
276 13.381103515625
277 14.251899719238281
278 13.846107482910156
279 13.583999633789063
280 13.060806274414063
281 14.008697509765625
282 15.430305480957031
283 12.892601013183594
284 14.703590393066406
285 15.393699645996094
286 15.98480224609375
287 14.535507202148438
288 13.56829833984375
289 14.793495178222656
290 14.804702758789063
291 13.469497680664063
292 12.437103271484375
293 13.697402954101563
294 10.618904113769531
295 11.150398254394531
296 11.477897644042969
297 10.951606750488281
298 11.582504272460938
299 12.913902282714844
300 11.364295959472656
301 13.995292663574219
302 13.825096130371094
303 14.563102722167969
304 14.446701049804688
305 13.359703063964844
306 15.682296752929688
307 14.536705017089844
308 15.895401000976563
309 15.22540283203125
310 12.416000366210938
311 12.75
312 17.267608642578125
313 17.87889862060547
314 15.759597778320313
315 15.8092041015625
316 16.472702026367188
317 14.990104675292969
318 13.20849609375
319 13.380996704101563
320 14.780601501464844
321 15.56689453125
322 13.991500854492188
323 11.690093994140625
324 12.008102416992188
325 11.103195190429688
326 11.267204284667969
327 9.549293518066406
328 13.292396545410156
329 13.195098876953125
330 14.667098999023438
331 12.660194396972656
332 15.667503356933594
333 15.218093872070313
334 14.860801696777344
335 13.953704833984375
336 12.550300598144531
337 11.89630126953125
338 14.537994384765625
339 13.884803771972656
340 13.832901000976563
341 14.803298950195313
342 13.145698547363281
343 11.758796691894531
344 12.165802001953125
345 13.555999755859375
346 12.391494750976563
347 11.652801513671875
348 10.851600646972656
349 12.417198181152344
350 11.585800170898438
351 11.764999389648438
352 13.405502319335938
353 12.606407165527344
354 12.487197875976563
355 15.5010986328125
356 15.332191467285156
357 13.848503112792969
358 14.085601806640625
359 10.439796447753906
360 15.800201416015625
361 14.582199096679688
362 13.58990478515625
363 13.479095458984375
364 15.545806884765625
365 13.869903564453125
366 15.962699890136719
367 15.588104248046875
368 12.96929931640625
369 13.560302734375
370 15.470001220703125
371 17.514198303222656
372 15.483001708984375
373 14.804595947265625
374 13.645095825195313
375 14.091796875
376 13.563606262207031
377 13.490097045898438
378 15.909500122070313
379 15.299102783203125
380 14.632301330566406
381 16.023399353027344
382 13.675300598144531
383 13.940597534179688
384 14.829597473144531
385 12.416397094726563
386 11.510696411132813
387 10.741302490234375
388 9.091804504394531
389 10.356201171875
390 10.144203186035156
391 11.993804931640625
392 9.674598693847656
393 10.963905334472656
394 9.015304565429688
395 9.549705505371094
396 11.466598510742188
397 8.677696228027344
398 8.765602111816406
399 9.052505493164063
400 9.616897583007813
401 8.899406433105469
402 11.247505187988281
403 11.406394958496094
404 9.223396301269531
405 10.916206359863281
406 10.922401428222656
407 11.811805725097656
408 13.291007995605469
409 13.369895935058594
410 13.490898132324219
411 13.517097473144531
412 11.24749755859375
413 12.340606689453125
414 13.322395324707031
415 11.19940185546875
416 9.843399047851563
417 10.939796447753906
418 10.874099731445313
419 11.772796630859375
420 12.253700256347656
421 11.867599487304688
422 14.388107299804688
423 13.676803588867188
424 16.82550048828125
425 15.724098205566406
426 14.06829833984375
427 14.702308654785156
428 12.092697143554688
429 14.337997436523438
430 15.7239990234375
431 12.377105712890625
432 14.08599853515625
433 15.270004272460938
434 13.742599487304688
435 13.639801025390625
436 14.439094543457031
437 13.004302978515625
438 11.779502868652344
439 12.539192199707031
440 14.4385986328125
441 13.606597900390625
442 11.328598022460938
443 11.837104797363281
444 13.063606262207031
445 12.573196411132813
446 13.173500061035156
447 11.556098937988281
448 11.838600158691406
449 10.410301208496094
450 11.05340576171875
451 12.800498962402344
452 11.203399658203125
453 12.905403137207031
454 14.789405822753906
455 11.969200134277344
456 12.109298706054688
457 12.733505249023438
458 12.865509033203125
459 11.345207214355469
460 11.704795837402344
461 10.139503479003906
462 12.119102478027344
463 9.914199829101563
464 8.668998718261719
465 10.003593444824219
466 8.396102905273438
467 10.986099243164063
468 14.269599914550781
469 14.412399291992188
470 13.282096862792969
471 11.950897216796875
472 11.667098999023438
473 10.232505798339844
474 12.930496215820313
475 11.646705627441406
476 14.412002563476563
477 13.066398620605469
478 12.725502014160156
479 10.762001037597656
480 10.849601745605469
481 10.887702941894531
482 9.589797973632813
483 11.449996948242188
484 13.706695556640625
485 13.212799072265625
486 12.888900756835938
487 13.869796752929688
488 15.482498168945313
489 15.86920166015625
490 14.02020263671875
491 14.673896789550781
492 15.300498962402344
493 14.512802124023438
494 11.009201049804688
495 10.283897399902344
496 12.535797119140625
497 10.156501770019531
498 12.738601684570313
499 12.073997497558594
500 12.218002319335938
