0 35.455604553222656
1 35.455596923828125
2 35.594703674316406
3 33.911102294921875
4 28.05280303955078
5 25.360198974609375
6 26.96849822998047
7 29.608596801757813
8 29.770599365234375
9 32.033203125
10 28.8153076171875
11 30.60131072998047
12 32.60899353027344
13 30.704002380371094
14 28.008201599121094
15 28.73180389404297
16 24.668197631835938
17 22.9136962890625
18 23.527801513671875
19 24.20470428466797
20 22.79120635986328
21 21.466896057128906
22 18.681907653808594
23 19.76929473876953
24 20.484100341796875
25 19.360206604003906
26 18.964599609375
27 20.91259765625
28 20.8590087890625
29 22.644203186035156
30 21.21100616455078
31 18.084304809570313
32 18.990699768066406
33 18.82109832763672
34 19.652206420898438
35 19.68060302734375
36 20.528907775878906
37 19.223007202148438
38 20.108497619628906
39 19.257102966308594
40 17.451507568359375
41 20.591697692871094
42 17.870101928710938
43 16.50690460205078
44 16.429603576660156
45 16.946800231933594
46 17.816001892089844
47 18.73919677734375
48 18.726806640625
49 21.00690460205078
50 18.85919952392578
51 16.00469970703125
52 17.587890625
53 15.959403991699219
54 18.80590057373047
55 20.05340576171875
56 20.020797729492188
57 19.3135986328125
58 19.15130615234375
59 17.39209747314453
60 16.50719451904297
61 17.818199157714844
62 18.35260772705078
63 20.530006408691406
64 17.73259735107422
65 18.463897705078125
66 18.52899932861328
67 20.908493041992188
68 19.02020263671875
69 17.739898681640625
70 19.626602172851563
71 18.33080291748047
72 16.707191467285156
73 17.671600341796875
74 18.05480194091797
75 18.08380126953125
76 16.9635009765625
77 17.4783935546875
78 16.95500946044922
79 17.410598754882813
80 18.3031005859375
81 18.177200317382813
82 17.875503540039063
83 17.747901916503906
84 18.81780242919922
85 18.852203369140625
86 18.848602294921875
87 18.083900451660156
88 18.346603393554688
89 19.864906311035156
90 18.369598388671875
91 18.013099670410156
92 16.52960205078125
93 19.145004272460938
94 19.914505004882813
95 17.172203063964844
96 18.253204345703125
97 20.323196411132813
98 17.267601013183594
99 17.678802490234375
100 18.143905639648438
101 19.05860137939453
102 20.122703552246094
103 18.737503051757813
104 21.697708129882813
105 20.421104431152344
106 21.79010772705078
107 25.307205200195313
108 23.127296447753906
109 22.259605407714844
110 19.507598876953125
111 22.274497985839844
112 21.391502380371094
113 20.308502197265625
114 19.144607543945313
115 19.568206787109375
116 19.026702880859375
117 16.75859832763672
118 15.701103210449219
119 14.345100402832031
120 15.521797180175781
121 15.207199096679688
122 16.125900268554688
123 17.44219970703125
124 17.802703857421875
125 16.426902770996094
126 18.95880126953125
127 17.14800262451172
128 19.979202270507813
129 17.84009552001953
130 16.981895446777344
131 16.86890411376953
132 19.2864990234375
133 19.542007446289063
134 21.582504272460938
135 21.215904235839844
136 19.549102783203125
137 18.82740020751953
138 17.480499267578125
139 21.28929901123047
140 20.567398071289063
141 21.4508056640625
142 20.057098388671875
143 22.596900939941406
144 22.68280029296875
145 23.02330780029297
146 20.686500549316406
147 20.791404724121094
148 19.161598205566406
149 20.277099609375
150 20.8865966796875
151 24.041305541992188
152 20.568992614746094
153 19.679298400878906
154 16.97460174560547
155 19.724700927734375
156 18.53150177001953
157 18.283401489257813
158 18.87628936767578
159 19.780906677246094
160 21.475906372070313
161 20.95660400390625
162 19.734298706054688
163 19.10430145263672
164 22.175392150878906
165 22.068504333496094
166 23.18810272216797
167 20.02080535888672
168 21.96509552001953
169 20.103103637695313
170 23.37079620361328
171 22.262802124023438
172 20.06330108642578
173 21.943603515625
174 16.39769744873047
175 17.94330596923828
176 17.104293823242188
177 17.7781982421875
178 19.551101684570313
179 19.419097900390625
180 17.216598510742188
181 19.32939910888672
182 19.449203491210938
183 18.543701171875
184 15.577194213867188
185 17.62580108642578
186 19.919296264648438
187 19.148696899414063
188 19.541908264160156
189 18.69780731201172
190 17.986404418945313
191 16.369895935058594
192 18.883407592773438
193 16.858497619628906
194 18.460296630859375
195 19.63660430908203
196 19.987106323242188
197 18.953201293945313
198 18.47820281982422
199 21.00000762939453
200 20.7803955078125
201 19.905296325683594
202 19.8280029296875
203 22.72710418701172
204 22.50470733642578
205 20.497596740722656
206 19.0631103515625
207 18.847305297851563
208 21.755699157714844
209 23.275299072265625
210 23.495101928710938
211 22.875099182128906
212 22.675094604492188
213 22.606002807617188
214 23.667404174804688
215 22.225799560546875
216 19.952606201171875
217 22.327003479003906
218 23.350997924804688
219 22.75560760498047
220 20.875503540039063
221 20.823402404785156
222 21.694305419921875
223 22.49590301513672
224 23.13250732421875
225 19.692604064941406
226 21.25550079345703
227 20.590805053710938
228 22.343101501464844
229 22.722007751464844
230 24.510696411132813
231 20.40489959716797
232 19.851097106933594
233 21.532203674316406
234 21.690704345703125
235 18.832000732421875
236 21.50800323486328
237 20.835601806640625
238 21.315597534179688
239 19.144805908203125
240 21.66999053955078
241 21.075897216796875
242 24.16400146484375
243 22.829795837402344
244 25.28899383544922
245 23.106704711914063
246 21.421005249023438
247 19.748504638671875
248 22.052001953125
249 23.68480682373047
250 21.734695434570313
251 21.9613037109375
252 25.312599182128906
253 21.97850799560547
254 20.19769287109375
255 22.51250457763672
256 23.398399353027344
257 23.99089813232422
258 20.51709747314453
259 22.3551025390625
260 20.708206176757813
261 21.817306518554688
262 21.76360321044922
263 22.128501892089844
264 21.677696228027344
265 19.62310028076172
266 19.814796447753906
267 18.8092041015625
268 18.611404418945313
269 21.857398986816406
270 19.722702026367188
271 18.08179473876953
272 20.333297729492188
273 21.594100952148438
274 19.20159912109375
275 19.195999145507813
276 19.051101684570313
277 20.51190185546875
278 19.30609893798828
279 20.04400634765625
280 18.9407958984375
281 19.948692321777344
282 20.830307006835938
283 18.872596740722656
284 19.913604736328125
285 19.97370147705078
286 19.934799194335938
287 19.395492553710938
288 18.51830291748047
289 20.423507690429688
290 20.734710693359375
291 19.069496154785156
292 18.477096557617188
293 18.507400512695313
294 16.528900146484375
295 15.900398254394531
296 18.637901306152344
297 17.841598510742188
298 18.19249725341797
299 19.12389373779297
300 18.134292602539063
301 20.635299682617188
302 20.09510040283203
303 21.593101501464844
304 21.766700744628906
305 20.219696044921875
306 22.242294311523438
307 20.826705932617188
308 21.85540008544922
309 21.96540069580078
310 19.365997314453125
311 21.12999725341797
312 22.79759979248047
313 23.858901977539063
314 21.239608764648438
315 21.86920166015625
316 22.042701721191406
317 21.870094299316406
318 20.76849365234375
319 20.46099853515625
320 21.320602416992188
321 22.38690185546875
322 21.761505126953125
323 18.700103759765625
324 18.68810272216797
325 18.59320068359375
326 17.56719970703125
327 16.64929962158203
328 18.172401428222656
329 20.145103454589844
330 20.71710205078125
331 18.95020294189453
332 21.087501525878906
333 21.688095092773438
334 20.960800170898438
335 20.383697509765625
336 18.43030548095703
337 18.316307067871094
338 20.3280029296875
339 20.214805603027344
340 20.612899780273438
341 19.62329864501953
342 17.845703125
343 17.02880096435547
344 17.785804748535156
345 18.555999755859375
346 17.72149658203125
347 18.13280487060547
348 17.731597900390625
349 18.74720001220703
350 18.93579864501953
351 18.844993591308594
352 19.46550750732422
353 18.806411743164063
354 18.897201538085938
355 21.391098022460938
356 21.482200622558594
357 20.228492736816406
358 21.345603942871094
359 17.379798889160156
360 22.210205078125
361 21.8822021484375
362 20.299896240234375
363 21.01909637451172
364 22.14580535888672
365 20.5299072265625
366 22.172698974609375
367 22.578094482421875
368 19.01929473876953
369 19.020294189453125
370 21.94000244140625
371 22.93419647216797
372 22.483001708984375
373 21.544593811035156
374 21.21509552001953
375 21.041793823242188
376 19.94359588623047
377 18.370094299316406
378 21.53949737548828
379 21.419105529785156
380 20.722305297851563
381 21.313400268554688
382 19.5653076171875
383 17.81060028076172
384 20.039596557617188
385 19.836395263671875
386 18.670700073242188
387 19.14130401611328
388 16.701805114746094
389 16.856201171875
390 16.414207458496094
391 19.343795776367188
392 15.594596862792969
393 17.173904418945313
394 15.775306701660156
395 16.87969970703125
396 18.726600646972656
397 17.0177001953125
398 16.145599365234375
399 17.782501220703125
400 18.406898498535156
401 16.989402770996094
402 18.74750518798828
403 19.136390686035156
404 16.003402709960938
405 17.886207580566406
406 18.58240509033203
407 18.28179931640625
408 19.011001586914063
409 19.46990203857422
410 20.340904235839844
411 20.28710174560547
412 17.86750030517578
413 20.030609130859375
414 20.64240264892578
415 17.799400329589844
416 17.41339874267578
417 17.829795837402344
418 17.494102478027344
419 18.722801208496094
420 19.54369354248047
421 18.35759735107422
422 20.74810028076172
423 19.796798706054688
424 22.545509338378906
425 21.684104919433594
426 19.57830047607422
427 20.452301025390625
428 18.96269989013672
429 21.13800048828125
430 22.4739990234375
431 19.007102966308594
432 20.845993041992188
433 21.3800048828125
434 19.862594604492188
435 19.309799194335938
436 20.669097900390625
437 19.374298095703125
438 17.22949981689453
439 18.67919921875
440 20.828598022460938
441 19.176597595214844
442 16.918601989746094
443 18.127098083496094
444 17.943603515625
445 18.233200073242188
446 19.14350128173828
447 18.19610595703125
448 18.82860565185547
449 17.56029510498047
450 18.523399353027344
451 20.050498962402344
452 19.43340301513672
453 20.085403442382813
454 21.249404907226563
455 17.839202880859375
456 18.259300231933594
457 19.483505249023438
458 19.19550323486328
459 18.02519989013672
460 17.704795837402344
461 17.129501342773438
462 18.439109802246094
463 16.454200744628906
464 14.719001770019531
465 16.82360076904297
466 15.056106567382813
467 17.286102294921875
468 19.839599609375
469 21.70240020751953
470 19.5220947265625
471 17.73090362548828
472 18.927101135253906
473 17.51250457763672
474 19.030494689941406
475 17.776710510253906
476 20.691993713378906
477 19.48639678955078
478 18.355499267578125
479 17.352005004882813
480 17.759597778320313
481 18.08769989013672
482 16.519798278808594
483 17.709999084472656
484 19.92670440673828
485 19.872802734375
486 19.548904418945313
487 20.6697998046875
488 21.512496948242188
489 21.779205322265625
490 20.810203552246094
491 20.56389617919922
492 21.58050537109375
493 20.952804565429688
494 17.079193115234375
495 16.793899536132813
496 18.365798950195313
497 16.04650115966797
498 19.19860076904297
499 18.993995666503906
500 19.238006591796875
