0 36.06560516357422
1 36.06559753417969
2 37.74469757080078
3 37.881103515625
4 34.532798767089844
5 30.40019989013672
6 32.608497619628906
7 31.69860076904297
8 35.520599365234375
9 35.97319793701172
10 33.79529571533203
11 32.53131103515625
12 34.28899383544922
13 30.35400390625
14 30.558197021484375
15 29.34180450439453
16 24.308204650878906
17 22.35369873046875
18 24.10779571533203
19 26.644699096679688
20 26.35120391845703
21 26.466896057128906
22 24.5718994140625
23 24.4093017578125
24 25.294097900390625
25 24.190200805664063
26 23.694602966308594
27 25.692604064941406
28 26.058998107910156
29 29.36420440673828
30 27.141006469726563
31 26.044296264648438
32 26.27069854736328
33 26.461097717285156
34 26.472198486328125
35 25.770599365234375
36 25.94890594482422
37 25.08300018310547
38 26.108497619628906
39 24.247100830078125
40 23.761505126953125
41 26.61170196533203
42 24.430091857910156
43 24.046905517578125
44 25.03960418701172
45 25.796798706054688
46 24.806007385253906
47 24.939193725585938
48 24.506805419921875
49 25.556900024414063
50 24.359207153320313
51 23.344703674316406
52 23.447898864746094
53 22.369400024414063
54 24.565902709960938
55 24.99340057373047
56 24.12079620361328
57 24.57360076904297
58 25.381309509277344
59 24.822097778320313
60 24.607200622558594
61 25.318199157714844
62 26.062606811523438
63 27.0
64 26.0426025390625
65 26.823898315429688
66 25.65899658203125
67 28.27850341796875
68 25.170204162597656
69 25.239898681640625
70 27.816604614257813
71 26.400802612304688
72 25.147201538085938
73 25.131607055664063
74 25.0447998046875
75 25.173797607421875
76 23.77350616455078
77 23.828399658203125
78 24.425003051757813
79 23.190597534179688
80 24.693099975585938
81 24.967201232910156
82 24.38550567626953
83 23.567901611328125
84 24.8677978515625
85 25.182205200195313
86 26.12859344482422
87 25.50390625
88 24.44660186767578
89 25.264907836914063
90 24.53960418701172
91 24.713096618652344
92 22.829605102539063
93 24.545005798339844
94 24.154502868652344
95 23.482200622558594
96 24.013198852539063
97 24.743202209472656
98 23.307601928710938
99 25.298805236816406
100 24.093902587890625
101 24.788597106933594
102 25.362701416015625
103 25.5574951171875
104 26.627708435058594
105 24.56109619140625
106 25.2301025390625
107 28.277206420898438
108 28.18730926513672
109 27.379608154296875
110 24.757591247558594
111 27.964500427246094
112 27.79149627685547
113 26.818504333496094
114 26.854598999023438
115 25.41820526123047
116 24.716705322265625
117 23.17859649658203
118 23.43109893798828
119 21.825103759765625
120 22.611793518066406
121 21.917198181152344
122 23.205902099609375
123 24.862197875976563
124 25.352706909179688
125 24.01690673828125
126 27.248809814453125
127 24.93799591064453
128 25.159210205078125
129 25.10010528564453
130 24.19190216064453
131 25.158897399902344
132 26.266502380371094
133 25.472000122070313
134 25.842498779296875
135 25.125900268554688
136 24.309097290039063
137 23.437393188476563
138 23.720504760742188
139 25.46929931640625
140 25.64739990234375
141 25.77080535888672
142 24.65709686279297
143 26.476905822753906
144 26.4927978515625
145 25.983299255371094
146 24.53649139404297
147 26.181396484375
148 23.491600036621094
149 24.497108459472656
150 24.906600952148438
151 26.481300354003906
152 24.938995361328125
153 23.949295043945313
154 21.204605102539063
155 22.69469451904297
156 23.53150177001953
157 23.263397216796875
158 22.38629913330078
159 21.270896911621094
160 23.67589569091797
161 22.70660400390625
162 22.0343017578125
163 18.29430389404297
164 21.745399475097656
165 20.90850067138672
166 23.538101196289063
167 22.660804748535156
168 24.175094604492188
169 21.24310302734375
170 25.160804748535156
171 25.462799072265625
172 24.663299560546875
173 27.353599548339844
174 21.40770721435547
175 22.413307189941406
176 23.004302978515625
177 23.138198852539063
178 23.75110626220703
179 23.499099731445313
180 19.866600036621094
181 22.479400634765625
182 22.62920379638672
183 22.533706665039063
184 20.347198486328125
185 22.87579345703125
186 22.78929901123047
187 23.54869842529297
188 23.281898498535156
189 19.747802734375
190 20.36640167236328
191 20.249900817871094
192 20.98340606689453
193 18.618492126464844
194 20.9302978515625
195 21.38660430908203
196 21.83709716796875
197 21.553207397460938
198 18.41820526123047
199 21.960006713867188
200 22.760398864746094
201 22.74530029296875
202 23.75799560546875
203 23.737098693847656
204 24.294708251953125
205 22.58759307861328
206 21.033103942871094
207 20.637298583984375
208 22.72570037841797
209 24.74530029296875
210 24.065101623535156
211 23.34510040283203
212 24.79510498046875
213 23.08600616455078
214 25.317398071289063
215 23.655799865722656
216 21.48260498046875
217 23.137001037597656
218 24.541000366210938
219 23.12560272216797
220 23.415496826171875
221 22.243408203125
222 24.134300231933594
223 22.93590545654297
224 23.682510375976563
225 21.462608337402344
226 22.745506286621094
227 22.44080352783203
228 23.203094482421875
229 23.602005004882813
230 24.460693359375
231 22.26490020751953
232 22.791107177734375
233 21.042205810546875
234 23.450706481933594
235 20.162002563476563
236 22.978004455566406
237 21.18560028076172
238 23.005599975585938
239 23.35479736328125
240 25.18000030517578
241 24.215896606445313
242 25.494003295898438
243 25.749794006347656
244 27.47899627685547
245 26.17670440673828
246 24.83100128173828
247 25.09850311279297
248 25.281997680664063
249 25.024810791015625
250 22.87470245361328
251 23.361305236816406
252 26.09259796142578
253 22.368499755859375
254 20.627700805664063
255 22.31249237060547
256 23.148399353027344
257 24.080909729003906
258 21.45709991455078
259 23.135101318359375
260 22.918197631835938
261 24.597305297851563
262 23.42359161376953
263 21.90850830078125
264 23.25769805908203
265 22.923095703125
266 23.214797973632813
267 24.589202880859375
268 22.30139923095703
269 25.817398071289063
270 25.032699584960938
271 22.921791076660156
272 23.7633056640625
273 25.194107055664063
274 23.241600036621094
275 23.58599853515625
276 23.93109893798828
277 24.451904296875
278 24.466102600097656
279 23.28399658203125
280 23.76080322265625
281 23.21869659423828
282 24.330307006835938
283 23.272605895996094
284 24.37360382080078
285 24.99370574951172
286 23.684799194335938
287 23.135498046875
288 23.348304748535156
289 25.4635009765625
290 24.304702758789063
291 23.55950164794922
292 22.90709686279297
293 24.2174072265625
294 21.92890167236328
295 22.03040313720703
296 22.627899169921875
297 22.121604919433594
298 22.732505798339844
299 22.25389862060547
300 21.604293823242188
301 23.325302124023438
302 23.135093688964844
303 24.073097229003906
304 24.536705017089844
305 24.0697021484375
306 25.942298889160156
307 23.93669891357422
308 26.015403747558594
309 24.675399780273438
310 22.945999145507813
311 22.670005798339844
312 27.317604064941406
313 26.718894958496094
314 25.069610595703125
315 25.149200439453125
316 24.492698669433594
317 23.200103759765625
318 23.258499145507813
319 23.451004028320313
320 24.790603637695313
321 24.75690460205078
322 24.331504821777344
323 22.4801025390625
324 22.80810546875
325 22.323196411132813
326 21.847206115722656
327 20.809295654296875
328 24.40239715576172
329 24.155105590820313
330 25.1571044921875
331 23.930198669433594
332 25.837493896484375
333 25.79810333251953
334 26.740798950195313
335 25.22370147705078
336 23.26030731201172
337 22.65630340576172
338 25.178001403808594
339 25.154800415039063
340 24.09290313720703
341 25.743301391601563
342 24.15569305419922
343 22.20879364013672
344 22.01580047607422
345 23.005996704101563
346 22.511497497558594
347 22.472801208496094
348 21.231605529785156
349 21.94719696044922
350 22.33580780029297
351 21.044998168945313
352 22.085494995117188
353 22.296409606933594
354 23.25719451904297
355 25.301109313964844
356 25.212203979492188
357 24.298500061035156
358 23.205596923828125
359 20.889801025390625
360 25.040206909179688
361 23.14220428466797
362 23.539901733398438
363 22.969093322753906
364 25.51580810546875
365 24.44989776611328
366 25.33269500732422
367 23.86809539794922
368 23.189300537109375
369 24.11029815673828
370 24.56000518798828
371 26.11420440673828
372 24.362998962402344
373 24.96460723876953
374 23.22509765625
375 23.641799926757813
376 23.663604736328125
377 24.29009246826172
378 26.289505004882813
379 24.409103393554688
380 25.56230926513672
381 26.223403930664063
382 24.385299682617188
383 24.81060028076172
384 25.039596557617188
385 22.906394958496094
386 23.080703735351563
387 21.671302795410156
388 21.011810302734375
389 21.856201171875
390 23.094207763671875
391 23.2738037109375
392 21.444595336914063
393 23.043907165527344
394 21.205299377441406
395 21.75969696044922
396 23.496604919433594
397 19.977699279785156
398 21.065589904785156
399 20.472503662109375
400 21.19690704345703
401 20.369407653808594
402 22.237503051757813
403 21.12639617919922
404 21.18340301513672
405 22.17620849609375
406 22.242401123046875
407 22.02179718017578
408 24.58100128173828
409 24.599899291992188
410 23.830902099609375
411 24.84709930419922
412 22.337501525878906
413 22.74060821533203
414 22.382400512695313
415 21.909400939941406
416 19.333404541015625
417 21.329803466796875
418 21.4541015625
419 22.472801208496094
420 23.48369598388672
421 22.927589416503906
422 23.778106689453125
423 23.52680206298828
424 27.125511169433594
425 25.844100952148438
426 24.32830810546875
427 24.532302856445313
428 23.022705078125
429 24.01800537109375
430 24.954002380371094
431 23.09709930419922
432 24.7760009765625
433 24.73999786376953
434 23.822608947753906
435 24.209800720214844
436 25.50910186767578
437 24.514297485351563
438 22.909500122070313
439 23.899200439453125
440 25.31859588623047
441 24.1365966796875
442 22.068603515625
443 23.04711151123047
444 23.93360137939453
445 23.893203735351563
446 23.763504028320313
447 22.096099853515625
448 23.458602905273438
449 21.900291442871094
450 22.31340789794922
451 23.040496826171875
452 22.66339874267578
453 24.41539764404297
454 24.95940399169922
455 23.169204711914063
456 23.84930419921875
457 24.2135009765625
458 23.655502319335938
459 22.09520721435547
460 21.54479217529297
461 21.029502868652344
462 22.76910400390625
463 22.154205322265625
464 20.09900665283203
465 21.32360076904297
466 20.426101684570313
467 22.80609893798828
468 25.559593200683594
469 25.532394409179688
470 23.892105102539063
471 23.460899353027344
472 22.697097778320313
473 21.922508239746094
474 23.210494995117188
475 22.376708984375
476 24.1719970703125
477 22.226402282714844
478 22.715499877929688
479 21.92200469970703
480 22.07959747314453
481 21.787704467773438
482 20.79979705810547
483 22.449996948242188
484 24.136695861816406
485 23.542800903320313
486 23.268898010253906
487 23.249801635742188
488 23.412506103515625
489 26.409202575683594
490 25.33019256591797
491 24.963890075683594
492 25.2705078125
493 25.56279754638672
494 22.839202880859375
495 21.82390594482422
496 24.215797424316406
497 22.34650421142578
498 24.038597106933594
499 23.253997802734375
500 22.738006591796875
