0 32.6256103515625
1 32.62560272216797
2 34.864707946777344
3 33.45111083984375
4 28.80279541015625
5 24.52020263671875
6 26.688499450683594
7 27.288604736328125
8 30.260604858398438
9 30.393203735351563
10 28.025299072265625
11 27.561302185058594
12 29.53899383544922
13 26.204010009765625
14 25.038192749023438
15 24.84180450439453
16 19.888206481933594
17 17.643699645996094
18 19.30780792236328
19 20.95470428466797
20 21.151199340820313
21 20.656890869140625
22 18.091903686523438
23 18.689300537109375
24 19.064102172851563
25 18.230201721191406
26 17.5946044921875
27 19.72260284423828
28 20.41899871826172
29 23.854209899902344
30 21.02100372314453
31 19.294296264648438
32 20.300697326660156
33 20.141098022460938
34 20.422203063964844
35 19.590599060058594
36 20.24890899658203
37 19.353004455566406
38 19.688499450683594
39 18.3970947265625
40 17.85150146484375
41 21.041702270507813
42 18.520095825195313
43 17.786895751953125
44 19.389602661132813
45 19.456802368164063
46 18.826004028320313
47 19.3092041015625
48 18.896804809570313
49 19.88690185546875
50 18.68920135498047
51 16.924697875976563
52 17.747901916503906
53 16.529403686523438
54 18.525901794433594
55 19.24340057373047
56 18.75079345703125
57 18.513595581054688
58 19.34130859375
59 18.622100830078125
60 18.55719757080078
61 19.21820068359375
62 19.762603759765625
63 21.150001525878906
64 20.132598876953125
65 20.993896484375
66 19.678993225097656
67 22.40850067138672
68 19.060203552246094
69 18.749900817871094
70 21.89659881591797
71 20.460800170898438
72 18.967201232910156
73 18.95159912109375
74 18.824806213378906
75 18.90380096435547
76 17.483497619628906
77 17.498390197753906
78 17.64501190185547
79 16.73059844970703
80 18.883094787597656
81 18.707199096679688
82 18.44550323486328
83 17.817901611328125
84 18.98779296875
85 18.932205200195313
86 19.598594665527344
87 18.983901977539063
88 18.436599731445313
89 19.354896545410156
90 18.249595642089844
91 19.093093872070313
92 16.869606018066406
93 18.344993591308594
94 18.764495849609375
95 17.532203674316406
96 17.47320556640625
97 18.673202514648438
98 17.247604370117188
99 19.07880401611328
100 18.07390594482422
101 18.788597106933594
102 19.1427001953125
103 19.31749725341797
104 20.7677001953125
105 18.451095581054688
106 19.67009735107422
107 22.857208251953125
108 22.407302856445313
109 21.169601440429688
110 18.337600708007813
111 21.814498901367188
112 21.35150146484375
113 20.368499755859375
114 20.604598999023438
115 19.22820281982422
116 18.596702575683594
117 16.658592224121094
118 17.141098022460938
119 15.405097961425781
120 16.511802673339844
121 15.597198486328125
122 16.80590057373047
123 18.592201232910156
124 18.992698669433594
125 17.906906127929688
126 20.628799438476563
127 18.188003540039063
128 19.43920135498047
129 18.66010284423828
130 17.87189483642578
131 18.728904724121094
132 19.84649658203125
133 19.11199951171875
134 20.32250213623047
135 19.4259033203125
136 18.369102478027344
137 17.26740264892578
138 17.920494079589844
139 19.629295349121094
140 19.627395629882813
141 20.2008056640625
142 18.46710205078125
143 20.70690155029297
144 20.892807006835938
145 20.173309326171875
146 18.91650390625
147 19.791397094726563
148 17.111595153808594
149 18.257102966308594
150 18.68659210205078
151 21.121307373046875
152 18.91899871826172
153 18.14929962158203
154 15.704605102539063
155 16.904701232910156
156 17.051498413085938
157 16.80340576171875
158 16.406295776367188
159 15.650901794433594
160 17.92589569091797
161 17.036605834960938
162 16.10430145263672
163 13.824302673339844
164 16.685394287109375
165 16.608497619628906
166 18.538101196289063
167 16.730804443359375
168 18.79510498046875
169 15.813102722167969
170 19.900802612304688
171 19.73279571533203
172 18.70330047607422
173 20.973602294921875
174 15.187705993652344
175 16.213294982910156
176 16.124298095703125
177 16.808197021484375
178 17.891098022460938
179 17.679100036621094
180 14.176597595214844
181 16.719398498535156
182 16.889198303222656
183 16.453697204589844
184 14.387199401855469
185 16.765792846679688
186 16.739295959472656
187 17.21869659423828
188 17.38190460205078
189 14.717803955078125
190 14.766395568847656
191 13.979896545410156
192 15.633407592773438
193 13.138496398925781
194 15.150299072265625
195 16.116600036621094
196 16.607101440429688
197 15.963203430175781
198 13.278205871582031
199 16.6300048828125
200 17.140396118164063
201 16.98529815673828
202 18.427993774414063
203 18.71710205078125
204 19.054702758789063
205 17.35759735107422
206 15.973106384277344
207 15.267295837402344
208 17.675697326660156
209 19.69530487060547
210 18.805099487304688
211 18.71509552001953
212 19.265098571777344
213 17.906005859375
214 20.037399291992188
215 18.855804443359375
216 15.952598571777344
217 18.097000122070313
218 19.511001586914063
219 18.465599060058594
220 17.585494995117188
221 16.893402099609375
222 18.33429718017578
223 17.765907287597656
224 18.642501831054688
225 16.192604064941406
226 17.33550262451172
227 17.52080535888672
228 18.00310516357422
229 18.61199951171875
230 19.28070068359375
231 16.84490203857422
232 16.69110107421875
233 16.582199096679688
234 17.90070343017578
235 14.622001647949219
236 17.38800048828125
237 16.475601196289063
238 17.72559356689453
239 17.60480499267578
240 19.400001525878906
241 18.515899658203125
242 20.34400177001953
243 20.28980255126953
244 22.558998107910156
245 20.99669647216797
246 19.381004333496094
247 19.068504333496094
248 19.371994018554688
249 19.464797973632813
250 17.62469482421875
251 18.681297302246094
252 20.67259979248047
253 17.15850067138672
254 15.57769775390625
255 17.482498168945313
256 19.028396606445313
257 19.070907592773438
258 16.39710235595703
259 18.125106811523438
260 17.21820068359375
261 18.627304077148438
262 18.203598022460938
263 16.728500366210938
264 17.77770233154297
265 17.68309783935547
266 17.574798583984375
267 18.61920166015625
268 16.481399536132813
269 20.637405395507813
270 19.662704467773438
271 17.351791381835938
272 17.743301391601563
273 19.744102478027344
274 18.1416015625
275 18.195999145507813
276 18.101104736328125
277 18.841903686523438
278 18.406105041503906
279 17.874000549316406
280 17.870803833007813
281 18.118698120117188
282 18.840301513671875
283 17.922607421875
284 19.203598022460938
285 19.893699645996094
286 19.194801330566406
287 18.215499877929688
288 18.158302307128906
289 19.41350555419922
290 19.25469970703125
291 18.319496154785156
292 17.16710662841797
293 18.187408447265625
294 15.908897399902344
295 15.930397033691406
296 16.677894592285156
297 16.38159942626953
298 16.542503356933594
299 17.143898010253906
300 15.7742919921875
301 17.775299072265625
302 17.72509002685547
303 19.273109436035156
304 19.05670166015625
305 18.25969696044922
306 20.47229766845703
307 18.75670623779297
308 20.35540771484375
309 19.695396423339844
310 17.615997314453125
311 17.090003967285156
312 21.707611083984375
313 21.4989013671875
314 19.66960906982422
315 19.609207153320313
316 19.352699279785156
317 18.210098266601563
318 17.668502807617188
319 17.97100830078125
320 19.400611877441406
321 19.70690155029297
322 18.91150665283203
323 16.570098876953125
324 17.29810333251953
325 16.923202514648438
326 16.13719940185547
327 15.009300231933594
328 18.292396545410156
329 18.755104064941406
330 19.72710418701172
331 17.750198364257813
332 20.06749725341797
333 20.068099975585938
334 20.25079345703125
335 18.953704833984375
336 17.110305786132813
337 17.01630401611328
338 19.3280029296875
339 18.99480438232422
340 18.762908935546875
341 19.44329833984375
342 18.475692749023438
343 16.70879364013672
344 16.5758056640625
345 17.975997924804688
346 17.28150177001953
347 16.43280029296875
348 15.6416015625
349 17.017196655273438
350 16.795806884765625
351 16.204994201660156
352 17.45550537109375
353 16.766403198242188
354 17.277198791503906
355 19.601104736328125
356 19.582199096679688
357 18.70850372314453
358 18.075607299804688
359 15.299797058105469
360 19.660202026367188
361 18.26220703125
362 18.0198974609375
363 17.959091186523438
364 19.965805053710938
365 18.869903564453125
366 19.82270050048828
367 18.9180908203125
368 17.449302673339844
369 17.98029327392578
370 19.70000457763672
371 21.1842041015625
372 19.40300750732422
373 19.934600830078125
374 18.29509735107422
375 18.511795043945313
376 18.37360382080078
377 18.570098876953125
378 21.16950225830078
379 19.789108276367188
380 19.54230499267578
381 20.803390502929688
382 18.29529571533203
383 19.61060333251953
384 19.819602966308594
385 17.556396484375
386 16.630691528320313
387 15.941307067871094
388 14.631805419921875
389 16.026199340820313
390 16.284202575683594
391 17.183799743652344
392 15.604598999023438
393 17.233901977539063
394 15.115303039550781
395 15.299705505371094
396 17.376602172851563
397 14.067695617675781
398 15.085594177246094
399 14.732505798339844
400 15.316902160644531
401 14.659408569335938
402 16.13750457763672
403 15.74639892578125
404 14.963401794433594
405 16.42620086669922
406 16.232406616210938
407 16.801803588867188
408 19.011001586914063
409 18.45990753173828
410 18.54090118408203
411 19.137100219726563
412 16.297500610351563
413 17.18060302734375
414 18.02239990234375
415 16.18939971923828
416 13.973396301269531
417 16.179794311523438
418 15.954109191894531
419 16.712799072265625
420 17.48370361328125
421 17.22759246826172
422 18.31810760498047
423 18.496795654296875
424 21.77550506591797
425 20.094100952148438
426 18.858306884765625
427 18.782302856445313
428 17.612701416015625
429 18.75800323486328
430 19.843994140625
431 16.917098999023438
432 19.15599822998047
433 19.580001831054688
434 18.652603149414063
435 18.85980224609375
436 19.659095764160156
437 18.66429901123047
438 16.719497680664063
439 17.909194946289063
440 19.298599243164063
441 18.176605224609375
442 16.49860382080078
443 17.547103881835938
444 18.303604125976563
445 17.923202514648438
446 18.133499145507813
447 16.956100463867188
448 17.518600463867188
449 16.06029510498047
450 16.703399658203125
451 17.660499572753906
452 16.643409729003906
453 18.015396118164063
454 19.64940643310547
455 17.31920623779297
456 17.749298095703125
457 18.123504638671875
458 18.175498962402344
459 16.225196838378906
460 15.844795227050781
461 15.429496765136719
462 16.939102172851563
463 16.154197692871094
464 14.398994445800781
465 15.483596801757813
466 14.096099853515625
467 16.586105346679688
468 19.869606018066406
469 19.562393188476563
470 18.09210205078125
471 17.74089813232422
472 16.777099609375
473 16.012496948242188
474 18.00049591064453
475 17.026695251464844
476 19.001998901367188
477 17.446395874023438
478 17.715499877929688
479 16.512001037597656
480 15.999603271484375
481 16.187705993652344
482 15.0498046875
483 16.759994506835938
484 18.73670196533203
485 18.102798461914063
486 17.778900146484375
487 18.589797973632813
488 18.482505798339844
489 20.919204711914063
490 19.160202026367188
491 19.31389617919922
492 19.660499572753906
493 19.4927978515625
494 16.379196166992188
495 15.923896789550781
496 18.035797119140625
497 15.986495971679688
498 18.07860565185547
499 17.144004821777344
500 17.01800537109375
