0 32.085609436035156
1 32.085601806640625
2 30.70470428466797
3 31.01110076904297
4 30.382797241210938
5 27.050201416015625
6 29.09850311279297
7 28.048599243164063
8 31.55059814453125
9 32.52320098876953
10 28.645301818847656
11 31.64129638671875
12 30.388992309570313
13 31.29400634765625
14 31.738197326660156
15 30.65180206298828
16 29.558204650878906
17 26.74370574951172
18 26.547805786132813
19 28.00469970703125
20 24.53119659423828
21 25.736900329589844
22 25.061904907226563
23 23.009300231933594
24 24.434097290039063
25 23.53020477294922
26 22.554603576660156
27 22.822601318359375
28 22.699005126953125
29 24.794204711914063
30 23.500999450683594
31 21.614303588867188
32 21.510704040527344
33 21.741104125976563
34 21.06220245361328
35 21.270599365234375
36 22.148902893066406
37 21.503005981445313
38 23.298500061035156
39 21.107101440429688
40 19.001502990722656
41 22.641708374023438
42 20.90009307861328
43 20.51690673828125
44 20.539596557617188
45 20.326797485351563
46 19.806007385253906
47 20.009201049804688
48 21.53680419921875
49 21.656898498535156
50 22.069198608398438
51 18.774703979492188
52 20.817901611328125
53 20.289398193359375
54 22.345901489257813
55 23.773399353027344
56 23.4407958984375
57 23.723609924316406
58 22.791305541992188
59 21.922096252441406
60 18.9971923828125
61 22.508201599121094
62 21.86260223388672
63 22.25000762939453
64 19.77259063720703
65 21.973907470703125
66 22.458999633789063
67 22.82849884033203
68 22.470199584960938
69 21.379898071289063
70 21.926589965820313
71 18.610801696777344
72 17.837203979492188
73 19.971603393554688
74 21.564796447753906
75 21.113800048828125
76 21.763504028320313
77 23.11840057373047
78 22.925010681152344
79 21.390602111816406
80 22.033103942871094
81 23.527198791503906
82 21.625503540039063
83 20.347900390625
84 21.81780242919922
85 21.542198181152344
86 23.328598022460938
87 22.733901977539063
88 22.726600646972656
89 22.804901123046875
90 20.549598693847656
91 19.44310760498047
92 19.799598693847656
93 22.834999084472656
94 22.154510498046875
95 20.402206420898438
96 20.543197631835938
97 22.183197021484375
98 21.267601013183594
99 20.448806762695313
100 23.233901977539063
101 26.168601989746094
102 26.612701416015625
103 23.477500915527344
104 27.46770477294922
105 24.651100158691406
106 26.61009979248047
107 30.277198791503906
108 25.66729736328125
109 26.259597778320313
110 24.85759735107422
111 25.87450408935547
112 24.131507873535156
113 25.188499450683594
114 22.21460723876953
115 23.328201293945313
116 22.536705017089844
117 20.74860382080078
118 20.38109588623047
119 20.305099487304688
120 22.2218017578125
121 21.337203979492188
122 22.065895080566406
123 22.272201538085938
124 22.0126953125
125 20.536903381347656
126 24.038803100585938
127 21.968002319335938
128 25.0592041015625
129 22.150100708007813
130 21.211898803710938
131 21.208908081054688
132 23.306495666503906
133 22.912002563476563
134 24.61249542236328
135 23.715904235839844
136 23.469100952148438
137 22.13739776611328
138 20.120498657226563
139 24.499298095703125
140 24.317398071289063
141 24.33080291748047
142 23.697105407714844
143 25.376907348632813
144 25.962799072265625
145 26.06330108642578
146 25.376502990722656
147 25.831398010253906
148 23.931602478027344
149 25.367103576660156
150 25.57659912109375
151 27.191299438476563
152 25.758995056152344
153 23.749305725097656
154 22.884597778320313
155 25.614700317382813
156 24.121505737304688
157 22.93340301513672
158 23.45629119873047
159 24.37090301513672
160 26.2958984375
161 24.196609497070313
162 25.22429656982422
163 26.204307556152344
164 27.47540283203125
165 27.01850128173828
166 28.148109436035156
167 25.900802612304688
168 26.03510284423828
169 25.333099365234375
170 28.07080078125
171 27.902801513671875
172 25.733306884765625
173 25.283599853515625
174 22.987701416015625
175 23.32330322265625
176 21.874298095703125
177 23.678199768066406
178 24.531105041503906
179 24.619102478027344
180 22.82660675048828
181 25.659400939941406
182 24.289207458496094
183 23.85370635986328
184 23.087203979492188
185 22.545799255371094
186 25.369300842285156
187 24.98870086669922
188 25.371910095214844
189 23.997802734375
190 23.786399841308594
191 22.50989532470703
192 23.323410034179688
193 22.32849884033203
194 23.580299377441406
195 25.08660125732422
196 23.497100830078125
197 24.02320098876953
198 25.09820556640625
199 25.05999755859375
200 26.22039794921875
201 23.87529754638672
202 22.807998657226563
203 25.677101135253906
204 25.774703979492188
205 25.47760009765625
206 25.203102111816406
207 23.777297973632813
208 25.26569366455078
209 27.575302124023438
210 26.03509521484375
211 26.215110778808594
212 25.29509735107422
213 25.956008911132813
214 26.287399291992188
215 26.13579559326172
216 21.532608032226563
217 25.147003173828125
218 25.371002197265625
219 24.19561004638672
220 22.33550262451172
221 23.693397521972656
222 25.424293518066406
223 24.155906677246094
224 25.55249786376953
225 22.86260223388672
226 23.07550048828125
227 21.300796508789063
228 23.143104553222656
229 23.722007751464844
230 26.060691833496094
231 23.574905395507813
232 21.851097106933594
233 25.032203674316406
234 25.010704040527344
235 22.691993713378906
236 24.197998046875
237 22.93560028076172
238 23.475601196289063
239 21.774803161621094
240 24.459999084472656
241 23.205902099609375
242 25.993995666503906
243 23.09980010986328
244 25.119003295898438
245 24.54669952392578
246 23.1510009765625
247 20.78850555419922
248 25.1719970703125
249 25.264808654785156
250 21.674705505371094
251 23.571304321289063
252 25.91260528564453
253 24.498504638671875
254 23.057701110839844
255 25.972496032714844
256 23.98839569091797
257 25.730911254882813
258 24.127098083496094
259 25.595108032226563
260 24.498199462890625
261 23.86730194091797
262 23.55359649658203
263 25.698501586914063
264 24.497703552246094
265 20.763107299804688
266 22.684791564941406
267 19.17919921875
268 19.921401977539063
269 21.687400817871094
270 20.852699279785156
271 20.381797790527344
272 23.06330108642578
273 23.52410888671875
274 20.291603088378906
275 18.445999145507813
276 18.231101989746094
277 22.241905212402344
278 19.06610870361328
279 19.60399627685547
280 19.800796508789063
281 19.7886962890625
282 20.11029815673828
283 19.592605590820313
284 18.613601684570313
285 19.003700256347656
286 17.774803161621094
287 17.64550018310547
288 17.778305053710938
289 21.10350799560547
290 21.804702758789063
291 19.85950469970703
292 19.027099609375
293 18.867401123046875
294 18.778907775878906
295 18.130393981933594
296 21.147903442382813
297 19.811599731445313
298 20.00251007080078
299 18.8739013671875
300 18.21429443359375
301 20.205299377441406
302 19.385093688964844
303 20.94310760498047
304 22.096694946289063
305 20.42969512939453
306 23.392303466796875
307 20.576705932617188
308 21.545394897460938
309 22.205398559570313
310 21.175994873046875
311 22.51000213623047
312 22.547607421875
313 23.708900451660156
314 21.499603271484375
315 22.019195556640625
316 20.52269744873047
317 21.05010223388672
318 20.038497924804688
319 21.761001586914063
320 21.43061065673828
321 21.70690155029297
322 22.04150390625
323 19.30010223388672
324 20.198104858398438
325 21.993202209472656
326 20.43720245361328
327 20.97930145263672
328 19.552406311035156
329 22.335105895996094
330 22.72710418701172
331 20.720199584960938
332 21.407501220703125
333 22.148101806640625
334 23.400802612304688
335 22.873703002929688
336 20.770309448242188
337 19.77629852294922
338 22.557998657226563
339 21.6748046875
340 22.47290802001953
341 20.87329864501953
342 18.425697326660156
343 17.26879119873047
344 18.20580291748047
345 17.64599609375
346 18.85149383544922
347 18.602798461914063
348 19.70160675048828
349 18.987205505371094
350 20.62580108642578
351 20.74500274658203
352 19.365501403808594
353 19.236404418945313
354 20.49720001220703
355 22.271102905273438
356 22.212203979492188
357 21.14849853515625
358 21.8756103515625
359 20.309791564941406
360 22.380203247070313
361 22.50220489501953
362 22.119903564453125
363 21.859092712402344
364 22.365798950195313
365 23.789901733398438
366 22.32270050048828
367 21.298095703125
368 20.999305725097656
369 20.99030303955078
370 21.920005798339844
371 22.274192810058594
372 22.683006286621094
373 23.444602966308594
374 23.685104370117188
375 21.71179962158203
376 21.55359649658203
377 20.800094604492188
378 21.85950469970703
379 20.739097595214844
380 22.472305297851563
381 20.67340087890625
382 21.015296936035156
383 20.150604248046875
384 22.309600830078125
385 21.18639373779297
386 21.8406982421875
387 22.16130828857422
388 20.251808166503906
389 20.876205444335938
390 20.284202575683594
391 22.733802795410156
392 19.15460205078125
393 21.13390350341797
394 19.785301208496094
395 20.479698181152344
396 22.786605834960938
397 20.8876953125
398 21.455596923828125
399 22.662498474121094
400 24.106895446777344
401 20.979408264160156
402 22.037506103515625
403 22.11640167236328
404 19.533401489257813
405 19.41620635986328
406 21.242401123046875
407 19.131797790527344
408 19.97100067138672
409 21.00989532470703
410 21.9208984375
411 21.687103271484375
412 20.297500610351563
413 22.090599060058594
414 21.052398681640625
415 19.44940185546875
416 19.713394165039063
417 21.049789428710938
418 20.004104614257813
419 21.372802734375
420 21.98370361328125
421 20.247596740722656
422 21.788108825683594
423 22.126792907714844
424 22.58550262451172
425 20.734100341796875
426 17.918296813964844
427 19.22229766845703
428 21.172698974609375
429 23.108001708984375
430 23.113998413085938
431 21.127105712890625
432 23.20599365234375
433 21.98999786376953
434 20.59259796142578
435 21.089797973632813
436 23.75910186767578
437 21.704307556152344
438 19.069503784179688
439 20.259201049804688
440 23.218597412109375
441 20.46660614013672
442 19.428604125976563
443 20.08710479736328
444 19.153602600097656
445 19.053199768066406
446 20.22350311279297
447 20.106101989746094
448 21.4486083984375
449 21.290298461914063
450 21.67340087890625
451 20.94049835205078
452 24.013404846191406
453 22.645401000976563
454 22.789405822753906
455 19.67920684814453
456 20.95929718017578
457 22.2235107421875
458 20.675506591796875
459 19.945205688476563
460 18.714797973632813
461 18.569503784179688
462 19.439102172851563
463 19.214195251464844
464 18.198997497558594
465 19.12359619140625
466 17.906097412109375
467 20.166099548339844
468 21.309600830078125
469 22.562393188476563
470 21.852096557617188
471 19.970901489257813
472 21.507095336914063
473 20.962501525878906
474 20.33049774169922
475 19.636703491210938
476 21.49199676513672
477 19.476394653320313
478 19.5155029296875
479 19.12200927734375
480 18.90959930419922
481 19.357704162597656
482 19.779800415039063
483 18.85999298095703
484 21.43670654296875
485 21.572799682617188
486 20.368896484375
487 19.459793090820313
488 20.022506713867188
489 21.87920379638672
490 21.550201416015625
491 21.013900756835938
492 21.900497436523438
493 21.092803955078125
494 18.709197998046875
495 20.38390350341797
496 20.025802612304688
497 19.85649871826172
498 20.61859893798828
499 20.143997192382813
500 20.308006286621094
