0 27.445602416992188
1 27.445602416992188
2 26.864707946777344
3 29.641098022460938
4 32.93280029296875
5 26.51020050048828
6 29.298507690429688
7 22.218597412109375
8 32.49060821533203
9 29.96320343017578
10 29.085296630859375
11 28.59130859375
12 25.868995666503906
13 24.434005737304688
14 29.82819366455078
15 24.28179931640625
16 23.508201599121094
17 19.78369903564453
18 20.35779571533203
19 23.364700317382813
20 22.811203002929688
21 25.336898803710938
22 26.88190460205078
23 23.59929656982422
24 25.32410430908203
25 24.860206604003906
26 21.044601440429688
27 22.48260498046875
28 22.54900360107422
29 26.55419921875
30 22.97100067138672
31 24.96430206298828
32 25.120704650878906
33 24.62110137939453
34 23.872207641601563
35 21.06060028076172
36 23.148910522460938
37 22.413002014160156
38 24.038497924804688
39 20.65709686279297
40 20.66150665283203
41 23.651702880859375
42 22.870101928710938
43 23.586898803710938
44 26.64959716796875
45 26.506797790527344
46 23.28600311279297
47 23.009201049804688
48 24.516799926757813
49 21.716903686523438
50 23.81920623779297
51 22.864700317382813
52 22.40789794921875
53 22.909400939941406
54 25.215911865234375
55 23.193405151367188
56 22.26079559326172
57 24.723602294921875
58 25.141311645507813
59 26.54210662841797
60 25.707199096679688
61 27.15819549560547
62 25.80260467529297
63 24.300003051757813
64 25.212600708007813
65 28.00389862060547
66 25.5989990234375
67 26.108497619628906
68 23.610206604003906
69 25.359901428222656
70 25.486595153808594
71 22.51080322265625
72 22.787200927734375
73 23.52159881591797
74 25.0447998046875
75 23.70379638671875
76 22.843505859375
77 22.998397827148438
78 25.084999084472656
79 23.73059844970703
80 24.643096923828125
81 25.127197265625
82 24.19550323486328
83 20.7279052734375
84 23.06780242919922
85 22.912200927734375
86 25.12860107421875
87 26.663894653320313
88 24.6365966796875
89 23.03490447998047
90 23.039596557617188
91 20.973106384277344
92 20.749603271484375
93 21.654998779296875
94 20.634506225585938
95 21.95220184326172
96 20.1531982421875
97 20.953201293945313
98 22.627601623535156
99 23.178802490234375
100 25.963897705078125
101 25.63860321044922
102 25.96269989013672
103 23.86750030517578
104 26.167701721191406
105 23.80109405517578
106 24.380104064941406
107 27.967201232910156
108 26.4873046875
109 27.34960174560547
110 24.78759765625
111 26.324508666992188
112 25.711509704589844
113 26.438499450683594
114 25.184600830078125
115 24.798202514648438
116 23.946701049804688
117 23.458595275878906
118 24.231101989746094
119 24.255104064941406
120 26.181800842285156
121 24.787200927734375
122 26.2958984375
123 26.662200927734375
124 24.83270263671875
125 24.286903381347656
126 28.018798828125
127 26.798004150390625
128 28.0592041015625
129 25.490097045898438
130 24.781906127929688
131 26.93890380859375
132 26.936500549316406
133 24.552001953125
134 22.81250762939453
135 21.72589874267578
136 23.18909454345703
137 22.33740234375
138 21.420501708984375
139 21.869293212890625
140 24.2073974609375
141 23.00080108642578
142 21.737098693847656
143 23.366905212402344
144 22.962799072265625
145 22.343307495117188
146 22.206497192382813
147 23.20140838623047
148 22.25159454345703
149 23.567100524902344
150 22.346595764160156
151 22.631309509277344
152 22.958999633789063
153 22.709304809570313
154 21.89459991455078
155 22.564697265625
156 23.571502685546875
157 21.9833984375
158 20.26630401611328
159 19.570899963378906
160 20.6759033203125
161 18.176605224609375
162 20.814300537109375
163 18.35430908203125
164 19.02539825439453
165 15.748497009277344
166 20.768104553222656
167 21.4407958984375
168 22.22509765625
169 21.49310302734375
170 24.240806579589844
171 24.86280059814453
172 24.843292236328125
173 25.243606567382813
174 22.797706604003906
175 22.683303833007813
176 22.494300842285156
177 24.26819610595703
178 21.861099243164063
179 21.25909423828125
180 19.936599731445313
181 21.479400634765625
182 22.479202270507813
183 22.583709716796875
184 22.177200317382813
185 21.105796813964844
186 22.95929718017578
187 24.838699340820313
188 23.851905822753906
189 19.087799072265625
190 20.716400146484375
191 20.01990509033203
192 18.98340606689453
193 17.65850067138672
194 18.770301818847656
195 20.246597290039063
196 20.737106323242188
197 20.703208923339844
198 18.738204956054688
199 20.090003967285156
200 22.650405883789063
201 22.395301818847656
202 21.43799591064453
203 20.39710235595703
204 21.404701232910156
205 21.23760223388672
206 21.30310821533203
207 18.447303771972656
208 19.01569366455078
209 21.50530242919922
210 18.09510040283203
211 17.955101013183594
212 19.075096130371094
213 19.64599609375
214 21.52740478515625
215 19.925804138183594
216 18.452598571777344
217 18.91699981689453
218 20.391006469726563
219 16.825599670410156
220 16.37549591064453
221 18.353408813476563
222 19.83429718017578
223 16.845901489257813
224 17.922500610351563
225 17.17259979248047
226 17.415504455566406
227 16.68079376220703
228 15.603103637695313
229 17.082000732421875
230 17.240692138671875
231 17.83490753173828
232 18.891098022460938
233 15.932197570800781
234 19.810699462890625
235 15.972000122070313
236 18.93799591064453
237 15.42559814453125
238 18.23560333251953
239 18.624801635742188
240 20.159996032714844
241 19.66590118408203
242 17.643997192382813
243 18.72979736328125
244 19.39899444580078
245 19.31670379638672
246 20.130996704101563
247 20.418502807617188
248 18.912002563476563
249 16.5447998046875
250 15.50469970703125
251 18.541297912597656
252 19.72260284423828
253 17.28850555419922
254 16.537704467773438
255 16.50250244140625
256 16.138397216796875
257 17.460899353027344
258 17.387100219726563
259 19.325103759765625
260 18.0281982421875
261 18.54730987548828
262 17.393592834472656
263 17.138504028320313
264 18.02770233154297
265 17.48310089111328
266 18.454803466796875
267 19.62920379638672
268 16.861404418945313
269 20.64739990234375
270 19.122703552246094
271 20.35179901123047
272 19.51329803466797
273 20.294097900390625
274 18.291603088378906
275 16.535995483398438
276 19.051101684570313
277 19.371902465820313
278 19.38610076904297
279 16.834007263183594
280 17.850799560546875
281 17.798690795898438
282 17.360305786132813
283 19.312606811523438
284 17.323593139648438
285 18.883705139160156
286 16.79480743408203
287 15.985496520996094
288 17.32830047607422
289 20.373504638671875
290 19.844703674316406
291 18.909500122070313
292 18.1571044921875
293 20.137405395507813
294 17.728897094726563
295 18.620399475097656
296 19.14789581298828
297 18.851608276367188
298 18.912506103515625
299 16.56389617919922
300 15.304290771484375
301 17.5552978515625
302 16.91510009765625
303 18.23310089111328
304 19.096710205078125
305 19.11969757080078
306 21.012306213378906
307 16.286705017089844
308 19.145401000976563
309 17.65540313720703
310 19.316001892089844
311 18.48999786376953
312 20.747604370117188
313 20.17890167236328
314 17.989608764648438
315 19.529205322265625
316 16.862709045410156
317 16.22010040283203
318 16.968505859375
319 19.910995483398438
320 19.040603637695313
321 17.95690155029297
322 19.6715087890625
323 19.900100708007813
324 19.86810302734375
325 21.21319580078125
326 19.63720703125
327 20.619293212890625
328 20.76239776611328
329 21.97510528564453
330 22.58710479736328
331 21.130203247070313
332 21.707496643066406
333 21.348098754882813
334 23.01079559326172
335 22.933700561523438
336 20.670303344726563
337 19.27629852294922
338 22.027992248535156
339 21.964805603027344
340 22.382904052734375
341 22.473297119140625
342 22.245697021484375
343 19.81879425048828
344 17.645797729492188
345 18.26599884033203
346 19.671493530273438
347 18.56280517578125
348 18.841598510742188
349 16.677200317382813
350 18.985801696777344
351 17.394996643066406
352 17.105506896972656
353 17.836410522460938
354 19.00719451904297
355 19.70110321044922
356 20.652198791503906
357 21.068504333496094
358 18.24560546875
359 18.91979217529297
360 19.230201721191406
361 18.282203674316406
362 19.069908142089844
363 18.539100646972656
364 20.735801696777344
365 19.809906005859375
366 18.71269989013672
367 16.758102416992188
368 19.59930419921875
369 20.730300903320313
370 20.0
371 19.954200744628906
372 18.472999572753906
373 19.96459197998047
374 17.775100708007813
375 18.241798400878906
376 17.053604125976563
377 20.890098571777344
378 21.379501342773438
379 19.239105224609375
380 22.322303771972656
381 20.133399963378906
382 20.31529998779297
383 22.68060302734375
384 21.569595336914063
385 20.506393432617188
386 20.500694274902344
387 16.861305236816406
388 20.071800231933594
389 21.66619873046875
390 22.964202880859375
391 19.933799743652344
392 21.714599609375
393 22.723899841308594
394 20.475296020507813
395 20.57970428466797
396 22.936599731445313
397 18.70769500732422
398 21.945594787597656
399 20.3125
400 21.406906127929688
401 20.099403381347656
402 19.69750213623047
403 18.666397094726563
404 19.713409423828125
405 19.206207275390625
406 20.362396240234375
407 17.921798706054688
408 20.34101104736328
409 19.14990234375
410 18.930892944335938
411 21.317100524902344
412 19.06749725341797
413 18.010604858398438
414 17.692405700683594
415 18.5194091796875
416 15.713401794433594
417 19.4197998046875
418 18.89410400390625
419 19.702796936035156
420 21.183700561523438
421 19.767593383789063
422 17.538101196289063
423 19.176803588867188
424 22.465499877929688
425 19.184104919433594
426 16.918304443359375
427 16.772300720214844
428 18.172698974609375
429 19.44800567626953
430 17.72399139404297
431 19.257102966308594
432 20.71600341796875
433 19.389999389648438
434 18.98260498046875
435 20.089805603027344
436 22.859092712402344
437 22.454307556152344
438 19.55950164794922
439 20.769195556640625
440 21.858596801757813
441 18.046600341796875
442 21.068603515625
443 19.677108764648438
444 22.043601989746094
445 21.553199768066406
446 20.493499755859375
447 17.93610382080078
448 20.55860137939453
449 19.720298767089844
450 18.883399963378906
451 17.370498657226563
452 20.12340545654297
453 22.065406799316406
454 20.39940643310547
455 18.649208068847656
456 21.319297790527344
457 21.203506469726563
458 20.2655029296875
459 18.185203552246094
460 15.614799499511719
461 17.60950469970703
462 19.739112854003906
463 20.164199829101563
464 18.27899932861328
465 17.673606872558594
466 18.986099243164063
467 20.846099853515625
468 22.939598083496094
469 22.172401428222656
470 20.252098083496094
471 21.49089813232422
472 20.477096557617188
473 20.102508544921875
474 18.810501098632813
475 19.786697387695313
476 17.85199737548828
477 14.566398620605469
478 17.115509033203125
479 18.841995239257813
480 18.96959686279297
481 18.037704467773438
482 18.449790954589844
483 17.399993896484375
484 19.396697998046875
485 19.632797241210938
486 17.4989013671875
487 15.7998046875
488 14.902503967285156
489 20.729202270507813
490 20.310195922851563
491 20.68389892578125
492 20.57050323486328
493 19.372802734375
494 19.359207153320313
495 20.533905029296875
496 22.63579559326172
497 21.04650115966797
498 20.56859588623047
499 19.564002990722656
500 19.098007202148438
