0 25.485595703125
1 25.48560333251953
2 22.214698791503906
3 28.431106567382813
4 34.31279754638672
5 29.34020233154297
6 32.378501892089844
7 25.348602294921875
8 35.770606994628906
9 33.92320251464844
10 34.49530029296875
11 34.52130126953125
12 29.77899932861328
13 31.064010620117188
14 38.08819580078125
15 31.28180694580078
16 32.158203125
17 28.593704223632813
18 28.017807006835938
19 30.734703063964844
20 27.8511962890625
21 31.32689666748047
22 34.46190643310547
23 30.72930145263672
24 32.5841064453125
25 31.21019744873047
26 29.464599609375
27 27.47260284423828
28 28.14899444580078
29 31.654205322265625
30 28.28099822998047
31 29.164306640625
32 28.79071044921875
33 28.77111053466797
34 28.14220428466797
35 24.99060821533203
36 27.778907775878906
37 28.5830078125
38 30.868499755859375
39 25.757095336914063
40 23.691513061523438
41 28.761703491210938
42 28.41010284423828
43 27.286911010742188
44 28.809608459472656
45 30.03679656982422
46 26.89600372314453
47 26.48919677734375
48 29.77680206298828
49 26.69690704345703
50 30.16919708251953
51 27.24469757080078
52 27.677902221679688
53 28.559402465820313
54 30.955902099609375
55 28.73340606689453
56 29.770797729492188
57 31.913604736328125
58 29.351303100585938
59 31.5220947265625
60 29.157203674316406
61 30.97820281982422
62 29.712600708007813
63 29.12000274658203
64 27.012603759765625
65 30.893898010253906
66 32.23899841308594
67 30.358505249023438
68 28.27020263671875
69 30.27989959716797
70 27.816604614257813
71 24.090797424316406
72 24.657196044921875
73 26.801605224609375
74 27.35480499267578
75 27.593795776367188
76 29.613502502441406
77 30.97840118408203
78 31.715003967285156
79 29.100601196289063
80 29.603103637695313
81 29.677200317382813
82 30.105506896972656
83 26.627906799316406
84 28.81780242919922
85 28.32220458984375
86 30.648605346679688
87 32.26390075683594
88 29.82659912109375
89 27.46489715576172
90 28.549606323242188
91 24.73310089111328
92 25.65959930419922
93 27.454994201660156
94 27.31450653076172
95 26.852195739746094
96 25.033203125
97 27.71320343017578
98 27.757598876953125
99 27.238807678222656
100 30.833908081054688
101 30.398597717285156
102 29.742706298828125
103 26.37750244140625
104 30.08770751953125
105 29.08110809326172
106 34.21009826660156
107 36.01720428466797
108 31.337303161621094
109 32.939605712890625
110 31.647598266601563
111 32.17450714111328
112 29.371498107910156
113 31.848495483398438
114 29.814598083496094
115 28.828201293945313
116 27.546707153320313
117 27.07860565185547
118 28.95110321044922
119 26.79509735107422
120 30.96179962158203
121 30.557205200195313
122 30.41590118408203
123 30.722206115722656
124 28.352706909179688
125 29.296905517578125
126 33.32880401611328
127 32.19800567626953
128 32.939208984375
129 31.16010284423828
130 30.711898803710938
131 31.338905334472656
132 30.396499633789063
133 26.92200469970703
134 25.352500915527344
135 25.80590057373047
136 26.26909637451172
137 26.737396240234375
138 24.990501403808594
139 28.749298095703125
140 32.64739990234375
141 30.750808715820313
142 30.84709930419922
143 31.70690155029297
144 27.11280059814453
145 26.38330078125
146 26.696502685546875
147 27.571395874023438
148 25.96160125732422
149 28.34709930419922
150 26.416603088378906
151 31.351303100585938
152 31.238998413085938
153 31.499298095703125
154 31.014610290527344
155 32.71470642089844
156 30.47149658203125
157 25.42340850830078
158 25.786300659179688
159 28.220909118652344
160 26.815895080566406
161 23.426605224609375
162 28.764297485351563
163 29.72429656982422
164 28.09539031982422
165 26.008506774902344
166 30.55809783935547
167 30.740798950195313
168 29.53509521484375
169 29.403106689453125
170 30.900802612304688
171 30.7427978515625
172 29.38330078125
173 29.773605346679688
174 28.117706298828125
175 26.70330810546875
176 24.314300537109375
177 25.948196411132813
178 25.531097412109375
179 26.26910400390625
180 27.09661102294922
181 28.76940155029297
182 27.019203186035156
183 28.713706970214844
184 29.24720001220703
185 26.01580047607422
186 27.35930633544922
187 30.448699951171875
188 30.281898498535156
189 29.657806396484375
190 31.37640380859375
191 29.619903564453125
192 27.263404846191406
193 26.878501892089844
194 28.050308227539063
195 29.176605224609375
196 28.187103271484375
197 30.91320037841797
198 29.85820770263672
199 30.660003662109375
200 33.14039611816406
201 30.655303955078125
202 27.76799774169922
203 28.947097778320313
204 28.964706420898438
205 30.307601928710938
206 31.473098754882813
207 25.637298583984375
208 24.72570037841797
209 27.55530548095703
210 27.775100708007813
211 30.78510284423828
212 21.97509765625
213 25.305999755859375
214 24.057403564453125
215 25.935806274414063
216 23.012603759765625
217 23.66699981689453
218 25.391006469726563
219 25.035606384277344
220 22.215499877929688
221 24.333404541015625
222 26.59430694580078
223 24.595901489257813
224 24.082504272460938
225 24.11260223388672
226 23.495498657226563
227 20.45079803466797
228 20.723106384277344
229 25.412002563476563
230 24.610702514648438
231 25.78490447998047
232 22.861099243164063
233 24.82219696044922
234 29.380706787109375
235 25.66199493408203
236 24.777992248535156
237 19.42559814453125
238 24.595596313476563
239 24.634803771972656
240 28.329994201660156
241 20.49590301513672
242 25.494003295898438
243 20.069793701171875
244 21.999000549316406
245 24.076705932617188
246 21.04100799560547
247 22.318504333496094
248 27.22199249267578
249 25.634803771972656
250 21.524703979492188
251 25.331298828125
252 25.812599182128906
253 25.128501892089844
254 23.757705688476563
255 25.672500610351563
256 21.948402404785156
257 23.56090545654297
258 25.34709930419922
259 26.645103454589844
260 25.198196411132813
261 25.587303161621094
262 24.18359375
263 26.608497619628906
264 23.877700805664063
265 24.25310516357422
266 27.414794921875
267 24.37920379638672
268 24.391403198242188
269 25.84740447998047
270 25.1427001953125
271 22.09178924560547
272 24.39330291748047
273 23.984107971191406
274 24.58159637451172
275 20.246002197265625
276 22.63111114501953
277 25.371902465820313
278 24.306106567382813
279 23.303993225097656
280 24.13079833984375
281 22.34870147705078
282 19.69029998779297
283 18.142601013183594
284 16.843597412109375
285 20.213706970214844
286 16.55480194091797
287 18.275497436523438
288 19.038299560546875
289 19.563499450683594
290 21.45470428466797
291 17.519500732421875
292 18.91710662841797
293 20.14740753173828
294 20.75890350341797
295 18.380393981933594
296 19.347900390625
297 17.191604614257813
298 22.302505493164063
299 18.38390350341797
300 16.77429962158203
301 22.905303955078125
302 22.325096130371094
303 25.18309783935547
304 25.36670684814453
305 23.459701538085938
306 26.72229766845703
307 21.05670166015625
308 23.9154052734375
309 22.995391845703125
310 26.175994873046875
311 22.81000518798828
312 22.087600708007813
313 19.838897705078125
314 17.95960235595703
315 20.889198303222656
316 16.742706298828125
317 23.300094604492188
318 17.168502807617188
319 21.801002502441406
320 21.540603637695313
321 21.81689453125
322 27.141502380371094
323 24.740097045898438
324 20.458106994628906
325 25.64319610595703
326 20.76720428466797
327 22.77930450439453
328 19.76239776611328
329 22.645103454589844
330 22.207107543945313
331 21.800193786621094
332 20.48749542236328
333 26.388099670410156
334 25.580795288085938
335 22.843704223632813
336 22.32030487060547
337 19.07630157470703
338 21.5780029296875
339 21.78479766845703
340 24.802902221679688
341 19.82330322265625
342 17.875701904296875
343 19.678794860839844
344 18.70580291748047
345 15.7760009765625
346 23.831497192382813
347 23.24280548095703
348 18.95160675048828
349 15.547203063964844
350 19.285804748535156
351 17.845001220703125
352 16.905502319335938
353 17.106407165527344
354 22.597198486328125
355 20.231109619140625
356 21.022193908691406
357 23.32849884033203
358 22.06560516357422
359 22.009796142578125
360 21.27020263671875
361 21.152198791503906
362 22.58989715576172
363 22.719100952148438
364 23.905807495117188
365 24.729904174804688
366 22.432693481445313
367 20.42809295654297
368 22.759300231933594
369 21.830299377441406
370 22.69000244140625
371 19.99420166015625
372 21.272994995117188
373 21.004600524902344
374 23.42510223388672
375 21.741790771484375
376 19.913604736328125
377 22.700103759765625
378 22.23949432373047
379 20.39910125732422
380 23.49230194091797
381 21.573402404785156
382 21.98529815673828
383 19.86060333251953
384 21.14959716796875
385 22.85639190673828
386 23.52069854736328
387 23.001304626464844
388 23.011802673339844
389 22.526199340820313
390 26.12419891357422
391 24.443801879882813
392 24.724594116210938
393 26.643898010253906
394 23.73529815673828
395 24.789703369140625
396 26.286598205566406
397 23.857696533203125
398 25.41559600830078
399 25.00250244140625
400 27.88690185546875
401 24.679405212402344
402 24.367507934570313
403 21.586395263671875
404 23.563400268554688
405 21.256202697753906
406 23.982398986816406
407 21.341796875
408 21.41100311279297
409 22.33990478515625
410 23.41089630126953
411 24.617103576660156
412 22.137496948242188
413 23.100601196289063
414 21.3323974609375
415 20.57939910888672
416 19.583396911621094
417 22.539794921875
418 21.484100341796875
419 23.852798461914063
420 22.813705444335938
421 21.29759979248047
422 21.528106689453125
423 22.196792602539063
424 22.63550567626953
425 20.534095764160156
426 16.238304138183594
427 19.78229522705078
428 22.352699279785156
429 22.158004760742188
430 21.9739990234375
431 23.58710479736328
432 23.795997619628906
433 21.75
434 22.682601928710938
435 25.619796752929688
436 29.00910186767578
437 27.334304809570313
438 22.319496154785156
439 24.43920135498047
440 26.708595275878906
441 23.876602172851563
442 25.11859893798828
443 24.97710418701172
444 24.973602294921875
445 24.89319610595703
446 25.103500366210938
447 24.266098022460938
448 25.82860565185547
449 27.32030487060547
450 27.30340576171875
451 23.07050323486328
452 26.263404846191406
453 26.27539825439453
454 22.82939910888672
455 21.709205627441406
456 24.499298095703125
457 27.52350616455078
458 25.95550537109375
459 25.035202026367188
460 19.17479705810547
461 23.30950164794922
462 24.13910675048828
463 24.9342041015625
464 23.119003295898438
465 23.193603515625
466 21.466102600097656
467 27.456100463867188
468 27.21959686279297
469 27.372398376464844
470 26.922096252441406
471 26.380897521972656
472 26.537094116210938
473 26.422500610351563
474 25.110504150390625
475 24.42670440673828
476 23.621994018554688
477 21.06639862060547
478 22.925498962402344
479 22.80200958251953
480 24.289596557617188
481 23.447708129882813
482 25.329803466796875
483 23.540000915527344
484 25.05670166015625
485 22.92279815673828
486 20.408897399902344
487 16.089797973632813
488 13.842506408691406
489 22.729202270507813
490 22.380203247070313
491 18.093902587890625
492 19.980499267578125
493 19.99280548095703
494 19.949203491210938
495 21.213905334472656
496 20.405799865722656
497 23.186500549316406
498 21.858604431152344
499 21.03400421142578
500 20.557998657226563
