0 16.515609741210938
1 16.515602111816406
2 17.904701232910156
3 17.211105346679688
4 17.56279754638672
5 12.700202941894531
6 15.238502502441406
7 12.868598937988281
8 17.43060302734375
9 16.73320770263672
10 14.715293884277344
11 15.321304321289063
12 14.558990478515625
13 13.654006958007813
14 15.518196105957031
15 12.681800842285156
16 11.438201904296875
17 8.543701171875
18 8.717803955078125
19 8.9447021484375
20 8.311195373535156
21 10.086898803710938
22 10.971900939941406
23 7.5092926025390625
24 9.974098205566406
25 9.090202331542969
26 7.854606628417969
27 8.402603149414063
28 7.719001770019531
29 12.004203796386719
30 7.96099853515625
31 8.934303283691406
32 8.790702819824219
33 8.621101379394531
34 8.222198486328125
35 6.18060302734375
36 7.468902587890625
37 7.013008117675781
38 7.988494873046875
39 5.987098693847656
40 5.321502685546875
41 7.43170166015625
42 7.310096740722656
43 6.906898498535156
44 9.699600219726563
45 9.296798706054688
46 7.226005554199219
47 7.449195861816406
48 8.896804809570313
49 7.346900939941406
50 8.92919921875
51 6.244697570800781
52 7.2978973388671875
53 6.209403991699219
54 8.715904235839844
55 8.033401489257813
56 7.9608001708984375
57 8.763603210449219
58 8.661308288574219
59 10.492103576660156
60 9.207199096679688
61 9.958198547363281
62 10.192604064941406
63 9.3800048828125
64 9.252601623535156
65 11.003898620605469
66 10.118995666503906
67 10.008499145507813
68 7.570198059082031
69 8.479896545410156
70 8.796600341796875
71 6.5807952880859375
72 5.8271942138671875
73 7.2816009521484375
74 7.824798583984375
75 8.553794860839844
76 8.143501281738281
77 8.16839599609375
78 8.595001220703125
79 7.43060302734375
80 7.773101806640625
81 9.387199401855469
82 7.7754974365234375
83 5.607902526855469
84 7.017799377441406
85 7.32220458984375
86 9.198593139648438
87 9.393898010253906
88 8.076606750488281
89 6.7949066162109375
90 6.27960205078125
91 4.953102111816406
92 4.939598083496094
93 6.595001220703125
94 5.664497375488281
95 5.542205810546875
96 4.253204345703125
97 5.7332000732421875
98 6.067596435546875
99 6.0988006591796875
100 9.803901672363281
101 10.518600463867188
102 11.172706604003906
103 8.837501525878906
104 11.077705383300781
105 9.12109375
106 10.190101623535156
107 13.847198486328125
108 10.507301330566406
109 11.919601440429688
110 9.337593078613281
111 10.944496154785156
112 9.861503601074219
113 11.198493957519531
114 10.644599914550781
115 9.748199462890625
116 8.356697082519531
117 7.2985992431640625
118 8.041099548339844
119 7.515098571777344
120 9.671798706054688
121 8.56719970703125
122 9.60589599609375
123 9.432205200195313
124 8.652702331542969
125 7.8769073486328125
126 11.528800964355469
127 10.087997436523438
128 10.539199829101563
129 9.630096435546875
130 9.111900329589844
131 10.538902282714844
132 10.086494445800781
133 8.482002258300781
134 8.402503967285156
135 7.475898742675781
136 7.319099426269531
137 7.797401428222656
138 6.360496520996094
139 8.1492919921875
140 8.76739501953125
141 8.38079833984375
142 8.037101745605469
143 8.866897583007813
144 9.06280517578125
145 8.603302001953125
146 8.686500549316406
147 9.641403198242188
148 8.461601257324219
149 9.237098693847656
150 8.406600952148438
151 10.111305236816406
152 9.358993530273438
153 8.209297180175781
154 6.954597473144531
155 8.424697875976563
156 7.8014984130859375
157 7.413398742675781
158 7.166297912597656
159 7.890899658203125
160 9.085899353027344
161 6.986602783203125
162 8.194305419921875
163 10.104301452636719
164 8.705398559570313
165 8.328498840332031
166 10.508102416992188
167 8.88079833984375
168 9.695098876953125
169 8.103096008300781
170 10.9508056640625
171 11.362800598144531
172 9.803298950195313
173 10.423599243164063
174 7.337699890136719
175 7.2733001708984375
176 6.3643035888671875
177 8.708198547363281
178 7.561103820800781
179 8.399101257324219
180 5.95660400390625
181 6.879402160644531
182 7.459197998046875
183 7.773704528808594
184 7.977195739746094
185 6.94580078125
186 8.949295043945313
187 9.468696594238281
188 9.141899108886719
189 6.67779541015625
190 7.286399841308594
191 6.07989501953125
192 6.043403625488281
193 4.438499450683594
194 5.960296630859375
195 7.666603088378906
196 6.627105712890625
197 7.59320068359375
198 7.9882049560546875
199 7.7400054931640625
200 9.050399780273438
201 7.085296630859375
202 6.857994079589844
203 7.997100830078125
204 7.724708557128906
205 8.177597045898438
206 8.023101806640625
207 5.887298583984375
208 7.0756988525390625
209 8.435295104980469
210 7.435096740722656
211 8.155097961425781
212 8.195098876953125
213 7.816001892089844
214 8.767402648925781
215 7.905799865722656
216 4.782600402832031
217 7.2969970703125
218 7.711006164550781
219 6.4156036376953125
220 4.715492248535156
221 5.2333984375
222 7.1443023681640625
223 6.455902099609375
224 6.852500915527344
225 4.48260498046875
226 5.1255035400390625
227 4.190803527832031
228 5.233100891113281
229 6.571998596191406
230 8.100700378417969
231 5.904899597167969
232 5.0811004638671875
233 6.6121978759765625
234 6.66070556640625
235 4.4219970703125
236 6.7779998779296875
237 4.625602722167969
238 6.3155975341796875
239 5.304801940917969
240 6.6999969482421875
241 6.025901794433594
242 7.153999328613281
243 6.3397979736328125
244 8.308998107910156
245 6.36669921875
246 6.4810028076171875
247 5.0885009765625
248 7.291999816894531
249 7.6248016357421875
250 4.054695129394531
251 6.3213043212890625
252 8.7926025390625
253 6.9785003662109375
254 5.987701416015625
255 6.9824981689453125
256 5.798393249511719
257 7.310905456542969
258 6.1071014404296875
259 7.815101623535156
260 6.6981964111328125
261 6.2472991943359375
262 5.5735931396484375
263 7.3385009765625
264 5.987701416015625
265 4.573097229003906
266 5.894798278808594
267 4.839202880859375
268 3.0413970947265625
269 6.387397766113281
270 5.722694396972656
271 4.501792907714844
272 5.723297119140625
273 6.624107360839844
274 4.791603088378906
275 3.4659957885742188
276 4.201103210449219
277 5.7418975830078125
278 4.9860992431640625
279 3.66400146484375
280 3.5807952880859375
281 4.088691711425781
282 4.270301818847656
283 4.442604064941406
284 4.683601379394531
285 4.663703918457031
286 4.164802551269531
287 3.5554962158203125
288 3.288299560546875
289 6.3235015869140625
290 5.924705505371094
291 4.1295013427734375
292 3.627105712890625
293 4.6074066162109375
294 3.4088973999023438
295 3.910400390625
296 4.937904357910156
297 3.8015975952148438
298 4.3325042724609375
299 3.4139022827148438
300 1.904296875
301 3.5353012084960938
302 3.7350997924804688
303 4.763099670410156
304 5.3867034912109375
305 4.7397003173828125
306 7.102294921875
307 3.9366989135742188
308 5.935401916503906
309 5.585395812988281
310 4.965995788574219
311 6.060005187988281
312 7.567604064941406
313 7.5688934326171875
314 6.149604797363281
315 6.2592010498046875
316 5.0027008056640625
317 5.2400970458984375
318 4.548500061035156
319 6.6510009765625
320 7.280601501464844
321 7.066902160644531
322 7.321502685546875
323 4.320098876953125
324 4.4281005859375
325 7.0731964111328125
326 4.747200012207031
327 4.519294738769531
328 6.092399597167969
329 7.41510009765625
330 7.347099304199219
331 6.4402008056640625
332 6.397499084472656
333 6.7180938720703125
334 7.750801086425781
335 7.9936981201171875
336 6.250297546386719
337 4.7563018798828125
338 7.3979949951171875
339 8.004806518554688
340 7.282905578613281
341 7.2733001708984375
342 6.175697326660156
343 4.298797607421875
344 3.6557998657226563
345 3.4459991455078125
346 4.521492004394531
347 3.6328048706054688
348 3.2616043090820313
349 2.7572021484375
350 3.7658004760742188
351 3.2549972534179688
352 3.1455001831054688
353 3.5564041137695313
354 3.5571975708007813
355 5.381103515625
356 5.472198486328125
357 4.988502502441406
358 4.7256011962890625
359 2.2697982788085938
360 5.52020263671875
361 5.542205810546875
362 6.0399017333984375
363 5.509101867675781
364 6.3358001708984375
365 6.719902038574219
366 5.492698669433594
367 5.248100280761719
368 4.9192962646484375
369 5.440299987792969
370 6.25
371 6.464195251464844
372 6.083000183105469
373 7.1645965576171875
374 5.3350982666015625
375 4.901802062988281
376 4.9535980224609375
377 5.630096435546875
378 7.479499816894531
379 5.089103698730469
380 7.2823028564453125
381 6.643402099609375
382 5.175300598144531
383 6.8506011962890625
384 6.7895965576171875
385 4.9763946533203125
386 4.250694274902344
387 3.9713058471679688
388 3.9218063354492188
389 5.606201171875
390 6.704200744628906
391 5.743804931640625
392 5.0446014404296875
393 6.113899230957031
394 4.3052978515625
395 4.599700927734375
396 7.256599426269531
397 3.797698974609375
398 5.785591125488281
399 5.602500915527344
400 6.13690185546875
401 4.599403381347656
402 4.857505798339844
403 3.3563995361328125
404 4.4734039306640625
405 4.29620361328125
406 4.96240234375
407 3.7117996215820313
408 5.771003723144531
409 4.9499053955078125
410 6.050895690917969
411 7.257102966308594
412 4.127494812011719
413 4.7606048583984375
414 5.02239990234375
415 3.639404296875
416 1.9634017944335938
417 4.629798889160156
418 3.89410400390625
419 5.252799987792969
420 5.983695983886719
421 4.877593994140625
422 5.298103332519531
423 4.6667938232421875
424 7.535499572753906
425 6.544097900390625
426 4.708305358886719
427 4.7523040771484375
428 5.432701110839844
429 6.108001708984375
430 6.793998718261719
431 5.0471038818359375
432 6.615997314453125
433 5.099998474121094
434 5.582603454589844
435 5.759803771972656
436 8.039100646972656
437 6.164306640625
438 4.069496154785156
439 5.4091949462890625
440 7.6385955810546875
441 5.916603088378906
442 5.12860107421875
443 5.067100524902344
444 6.693603515625
445 5.393196105957031
446 5.8235015869140625
447 3.9760971069335938
448 4.828605651855469
449 5.560295104980469
450 5.6233978271484375
451 4.110496520996094
452 6.043403625488281
453 6.4053955078125
454 6.719398498535156
455 5.099205017089844
456 6.369300842285156
457 7.183502197265625
458 6.175498962402344
459 4.795204162597656
460 3.10479736328125
461 3.4195022583007813
462 5.089103698730469
463 5.1842041015625
464 3.03900146484375
465 3.3736038208007813
466 2.8361053466796875
467 5.18609619140625
468 6.809600830078125
469 8.152397155761719
470 6.582099914550781
471 6.040901184082031
472 6.277099609375
473 4.6425018310546875
474 4.95050048828125
475 3.8567047119140625
476 5.211997985839844
477 3.3463973999023438
478 4.1255035400390625
479 3.99200439453125
480 4.029594421386719
481 3.9677047729492188
482 3.7397994995117188
483 3.9899978637695313
484 5.856697082519531
485 6.152801513671875
486 4.618904113769531
487 4.4297943115234375
488 3.75250244140625
489 7.099205017089844
490 6.900199890136719
491 5.703895568847656
492 6.8105010986328125
493 6.612800598144531
494 3.8191986083984375
495 4.613899230957031
496 6.3657989501953125
497 5.666496276855469
498 5.618598937988281
499 5.094001770019531
500 4.3079986572265625
