0 31.24560546875
1 31.24560546875
2 32.25469970703125
3 30.591102600097656
4 25.62279510498047
5 22.160202026367188
6 23.968505859375
7 25.658599853515625
8 27.000595092773438
9 28.15320587158203
10 25.67530059814453
11 26.09130859375
12 28.438995361328125
13 25.964004516601563
14 24.018203735351563
15 24.16179656982422
16 20.10820770263672
17 18.153701782226563
18 18.967796325683594
19 20.014694213867188
20 19.131202697753906
21 18.176902770996094
22 15.871902465820313
23 16.169296264648438
24 17.064102172851563
25 16.280197143554688
26 15.444610595703125
27 17.60260772705078
28 17.628997802734375
29 20.19420623779297
30 18.350997924804688
31 16.174301147460938
32 16.620704650878906
33 16.601097106933594
34 17.07220458984375
35 16.460601806640625
36 17.348907470703125
37 16.173004150390625
38 17.058502197265625
39 15.76708984375
40 14.801498413085938
41 17.86170196533203
42 15.220100402832031
43 14.13690185546875
44 15.079605102539063
45 15.426803588867188
46 15.416007995605469
47 16.079200744628906
48 15.8468017578125
49 17.246902465820313
50 15.569198608398438
51 13.604698181152344
52 14.637901306152344
53 13.549400329589844
54 15.61590576171875
55 16.79340362548828
56 16.650794982910156
57 15.893600463867188
58 16.371307373046875
59 15.192108154296875
60 14.5072021484375
61 15.628196716308594
62 16.312599182128906
63 17.82000732421875
64 16.10260009765625
65 17.043899536132813
66 16.058998107910156
67 18.618492126464844
68 16.0902099609375
69 15.469894409179688
70 17.83660125732422
71 16.51079559326172
72 14.977195739746094
73 15.45159912109375
74 15.534797668457031
75 15.693801879882813
76 14.4635009765625
77 14.928398132324219
78 14.775001525878906
79 14.130599975585938
80 15.743095397949219
81 15.677200317382813
82 15.2655029296875
83 15.097900390625
84 15.817802429199219
85 15.802207946777344
86 16.208602905273438
87 15.773902893066406
88 15.506599426269531
89 16.564903259277344
90 15.289604187011719
91 15.61309814453125
92 13.829605102539063
93 15.805000305175781
94 16.204505920410156
95 14.432205200195313
96 14.793197631835938
97 16.853195190429688
98 14.527595520019531
99 15.608802795410156
100 15.243904113769531
101 16.148597717285156
102 17.07270050048828
103 16.297500610351563
104 18.497703552246094
105 16.531105041503906
106 17.99010467529297
107 21.487205505371094
108 19.957305908203125
109 19.109596252441406
110 16.307601928710938
111 19.064498901367188
112 18.281509399414063
113 17.738494873046875
114 16.964599609375
115 16.76819610595703
116 15.826698303222656
117 14.048599243164063
118 13.781105041503906
119 12.515098571777344
120 13.691795349121094
121 12.947196960449219
122 13.705894470214844
123 15.432205200195313
124 15.442703247070313
125 14.276908874511719
126 17.538803100585938
127 15.048004150390625
128 16.959197998046875
129 15.320098876953125
130 14.651901245117188
131 15.078895568847656
132 16.77649688720703
133 16.522003173828125
134 17.722511291503906
135 17.575904846191406
136 16.25909423828125
137 15.317405700683594
138 14.70050048828125
139 17.689300537109375
140 17.217391967773438
141 18.180801391601563
142 16.677101135253906
143 18.846900939941406
144 18.842803955078125
145 18.643310546875
146 17.35649871826172
147 17.651405334472656
148 15.611602783203125
149 16.877105712890625
150 17.20659637451172
151 19.791297912597656
152 17.03899383544922
153 16.259300231933594
154 13.714599609375
155 15.75469970703125
156 15.251502990722656
157 15.013404846191406
158 14.906303405761719
159 15.23089599609375
160 17.275901794433594
161 16.656600952148438
162 15.624305725097656
163 15.044303894042969
164 17.745399475097656
165 17.128501892089844
166 18.788101196289063
167 16.180801391601563
168 17.90509796142578
169 15.953102111816406
170 19.240806579589844
171 18.55279541015625
172 16.793304443359375
173 18.833595275878906
174 13.567695617675781
175 14.613304138183594
176 13.874298095703125
177 14.858200073242188
178 16.031097412109375
179 16.059104919433594
180 13.296607971191406
181 15.799400329589844
182 15.5592041015625
183 14.993698120117188
184 12.7572021484375
185 14.465805053710938
186 15.809295654296875
187 15.718704223632813
188 16.14190673828125
189 14.167800903320313
190 14.016403198242188
191 12.529899597167969
192 14.623397827148438
193 12.668495178222656
194 14.480300903320313
195 15.456596374511719
196 15.577102661132813
197 14.833206176757813
198 14.118202209472656
199 16.6300048828125
200 16.79039764404297
201 16.05530548095703
202 16.25799560546875
203 18.28710174560547
204 18.154701232910156
205 16.387596130371094
206 14.753105163574219
207 14.637298583984375
208 17.21570587158203
209 18.98529815673828
210 18.925094604492188
211 18.145103454589844
212 18.47509765625
213 17.96600341796875
214 19.167404174804688
215 17.745803833007813
216 15.422607421875
217 17.457000732421875
218 18.72100830078125
219 17.905601501464844
220 16.355499267578125
221 16.193397521972656
222 17.33429718017578
223 17.525901794433594
224 18.222503662109375
225 15.172599792480469
226 16.595504760742188
227 16.14080047607422
228 17.453102111816406
229 18.18199920654297
230 19.570701599121094
231 16.01490020751953
232 15.621101379394531
233 16.76219940185547
234 17.3507080078125
235 14.312004089355469
236 17.00800323486328
237 15.975601196289063
238 16.85559844970703
239 15.444801330566406
240 17.790000915527344
241 17.135902404785156
242 19.673995971679688
243 18.599807739257813
244 20.928993225097656
245 19.066696166992188
246 17.431007385253906
247 16.438499450683594
248 18.082000732421875
249 19.214805603027344
250 17.064697265625
251 17.371307373046875
252 20.22260284423828
253 16.95850372314453
254 15.467697143554688
255 17.832496643066406
256 18.588394165039063
257 19.140899658203125
258 15.707099914550781
259 17.965103149414063
260 16.28820037841797
261 17.597305297851563
262 17.293594360351563
263 17.138504028320313
264 17.13770294189453
265 15.633102416992188
266 15.624801635742188
267 15.569198608398438
268 14.831398010253906
269 18.51739501953125
270 16.842697143554688
271 14.941802978515625
272 16.14330291748047
273 17.794097900390625
274 15.671600341796875
275 15.615997314453125
276 15.411109924316406
277 16.581893920898438
278 15.886100769042969
279 16.024002075195313
280 15.220794677734375
281 16.208702087402344
282 16.720298767089844
283 15.362602233886719
284 16.423599243164063
285 17.073707580566406
286 16.74480438232422
287 15.82550048828125
288 15.418304443359375
289 16.52350616455078
290 16.904708862304688
291 15.609504699707031
292 14.867095947265625
293 15.307403564453125
294 13.098899841308594
295 13.010398864746094
296 14.587898254394531
297 14.1416015625
298 14.502510070800781
299 15.263900756835938
300 13.884300231933594
301 16.285301208496094
302 16.11510467529297
303 17.56310272216797
304 17.656707763671875
305 16.529701232910156
306 18.352294921875
307 16.86669921875
308 18.025405883789063
309 18.055404663085938
310 15.445999145507813
311 16.160003662109375
312 19.05760955810547
313 19.718894958496094
314 17.289596557617188
315 18.039199829101563
316 17.942703247070313
317 16.97010040283203
318 16.27850341796875
319 16.231002807617188
320 17.49060821533203
321 18.076904296875
322 17.391502380371094
323 14.710098266601563
324 14.958099365234375
325 14.96319580078125
326 13.837203979492188
327 13.249298095703125
328 15.292396545410156
329 16.36510467529297
330 17.107101440429688
331 15.510200500488281
332 17.527503967285156
333 17.74810028076172
334 17.75079345703125
335 16.80370330810547
336 14.970306396484375
337 14.466300964355469
338 16.998001098632813
339 16.764801025390625
340 16.78290557861328
341 16.793296813964844
342 14.9656982421875
343 14.068794250488281
344 14.185798645019531
345 15.136001586914063
346 14.571502685546875
347 14.412803649902344
348 13.901603698730469
349 14.797203063964844
350 14.965797424316406
351 14.665000915527344
352 15.5054931640625
353 14.836402893066406
354 15.157196044921875
355 17.56110382080078
356 17.792198181152344
357 16.378501892089844
358 17.015609741210938
359 13.469795227050781
360 17.9501953125
361 17.14220428466797
362 16.319900512695313
363 16.549095153808594
364 17.94580841064453
365 16.819900512695313
366 18.032699584960938
367 18.16809844970703
368 15.279296875
369 15.560295104980469
370 18.00000762939453
371 19.014205932617188
372 18.282997131347656
373 17.634597778320313
374 16.96509552001953
375 16.821800231933594
376 16.42359161376953
377 15.4801025390625
378 18.30950164794922
379 17.479103088378906
380 17.342300415039063
381 17.97339630126953
382 16.025306701660156
383 15.970603942871094
384 17.069595336914063
385 15.796401977539063
386 14.820693969726563
387 14.77130126953125
388 13.021804809570313
389 13.606201171875
390 13.444206237792969
391 15.063804626464844
392 12.65460205078125
393 14.263900756835938
394 12.5552978515625
395 13.219703674316406
396 14.916603088378906
397 13.037696838378906
398 13.095596313476563
399 13.88250732421875
400 14.476898193359375
401 12.94940185546875
402 14.777503967285156
403 14.566398620605469
404 12.703407287597656
405 14.286201477050781
406 14.652397155761719
407 14.581802368164063
408 16.011001586914063
409 15.919898986816406
410 16.570892333984375
411 16.757102966308594
412 14.027496337890625
413 15.840599060058594
414 16.192398071289063
415 14.109405517578125
416 13.133399963378906
417 14.359794616699219
418 13.744102478027344
419 15.152793884277344
420 15.673690795898438
421 14.47760009765625
422 16.698104858398438
423 16.20679473876953
424 18.865501403808594
425 17.924102783203125
426 16.098304748535156
427 16.562301635742188
428 15.312698364257813
429 17.2080078125
430 18.52399444580078
431 15.227104187011719
432 17.08599853515625
433 17.6199951171875
434 16.332603454589844
435 15.969795227050781
436 17.369102478027344
437 16.134307861328125
438 14.259498596191406
439 15.439193725585938
440 17.25859832763672
441 15.966606140136719
442 14.048599243164063
443 14.717109680175781
444 15.243606567382813
445 14.893203735351563
446 15.793502807617188
447 14.44610595703125
448 15.288604736328125
449 13.940299987792969
450 14.893402099609375
451 15.750495910644531
452 15.463401794433594
453 16.335403442382813
454 17.37940216064453
455 14.379203796386719
456 15.1593017578125
457 15.943504333496094
458 15.795501708984375
459 14.185203552246094
460 13.814796447753906
461 13.399497985839844
462 14.859100341796875
463 13.314201354980469
464 11.749000549316406
465 13.333595275878906
466 11.426101684570313
467 13.866104125976563
468 16.729598999023438
469 17.732398986816406
470 16.172096252441406
471 14.890899658203125
472 15.307098388671875
473 13.872505187988281
474 15.640495300292969
475 14.646697998046875
476 16.891990661621094
477 15.706398010253906
478 14.935501098632813
479 13.9320068359375
480 13.719596862792969
481 14.287704467773438
482 13.259796142578125
483 14.419998168945313
484 16.30670166015625
485 16.142799377441406
486 15.728904724121094
487 16.54979705810547
488 17.292495727539063
489 18.579208374023438
490 17.190208435058594
491 17.05390167236328
492 17.58050537109375
493 17.12279510498047
494 13.749198913574219
495 13.673904418945313
496 14.965797424316406
497 13.516502380371094
498 15.768608093261719
499 15.344001770019531
500 15.218002319335938
