0 30.965606689453125
1 30.965606689453125
2 30.57469940185547
3 33.611106872558594
4 34.10279083251953
5 29.64020538330078
6 32.0885009765625
7 27.598594665527344
8 33.95060729980469
9 32.693199157714844
10 31.00530242919922
11 30.501304626464844
12 28.698997497558594
13 27.48400115966797
14 30.688201904296875
15 27.191802978515625
16 25.058204650878906
17 21.843704223632813
18 23.30780029296875
19 25.424697875976563
20 24.961204528808594
21 26.526901245117188
22 27.26190185546875
23 24.629295349121094
24 26.14410400390625
25 25.040199279785156
26 23.444610595703125
27 23.98259735107422
28 23.629005432128906
29 28.664207458496094
30 24.97100830078125
31 25.124298095703125
32 25.71070098876953
33 25.041107177734375
34 24.862205505371094
35 22.720603942871094
36 24.208908081054688
37 23.033004760742188
38 24.89849853515625
39 22.09709930419922
40 21.681503295898438
41 24.591705322265625
42 23.930099487304688
43 24.25690460205078
44 25.09960174560547
45 25.976806640625
46 23.566001892089844
47 23.949195861816406
48 24.816802978515625
49 23.626907348632813
50 24.859207153320313
51 23.05469512939453
52 23.237899780273438
53 22.969406127929688
54 25.36590576171875
55 24.883399963378906
56 23.9508056640625
57 25.693603515625
58 25.411300659179688
59 26.822105407714844
60 24.777198791503906
61 26.358200073242188
62 26.562606811523438
63 27.099998474121094
64 25.552597045898438
65 27.393905639648438
66 25.91899871826172
67 26.8284912109375
68 23.90019989013672
69 25.429901123046875
70 26.26659393310547
71 23.39080047607422
72 22.907203674316406
73 24.431610107421875
74 24.5447998046875
75 24.533798217773438
76 24.47350311279297
77 24.468399047851563
78 25.44500732421875
79 24.290603637695313
80 24.873092651367188
81 25.70720672607422
82 25.115501403808594
83 22.327903747558594
84 23.31780242919922
85 24.00220489501953
86 25.74859619140625
87 26.473907470703125
88 25.716598510742188
89 24.39490509033203
90 23.639602661132813
91 22.783103942871094
92 22.189598083496094
93 23.735000610351563
94 22.91449737548828
95 22.912200927734375
96 21.15320587158203
97 22.803199768066406
98 23.677597045898438
99 24.198806762695313
100 26.31390380859375
101 27.42859649658203
102 27.982704162597656
103 26.31749725341797
104 27.477706909179688
105 24.961097717285156
106 26.180099487304688
107 29.157196044921875
108 27.327301025390625
109 28.239601135253906
110 25.647598266601563
111 27.41449737548828
112 26.6614990234375
113 27.178497314453125
114 26.054603576660156
115 26.15819549560547
116 25.06670379638672
117 23.50859832763672
118 23.95110321044922
119 23.59510040283203
120 25.691795349121094
121 24.057205200195313
122 25.255897521972656
123 26.242202758789063
124 26.162696838378906
125 24.426902770996094
126 28.118804931640625
127 26.218002319335938
128 27.849205017089844
129 26.42010498046875
130 24.831893920898438
131 26.37889862060547
132 26.506500244140625
133 25.67200469970703
134 24.24250030517578
135 23.395896911621094
136 24.369094848632813
137 23.867401123046875
138 22.780494689941406
139 24.239295959472656
140 25.33740234375
141 25.08080291748047
142 25.057098388671875
143 26.06690216064453
144 25.512802124023438
145 24.783302307128906
146 26.236495971679688
147 26.24140167236328
148 24.621604919433594
149 26.177101135253906
150 24.736602783203125
151 25.431304931640625
152 25.03900146484375
153 24.569305419921875
154 23.28459930419922
155 24.144699096679688
156 24.09149932861328
157 23.10340118408203
158 22.506301879882813
159 21.570907592773438
160 23.9259033203125
161 21.666603088378906
162 22.84429931640625
163 21.444305419921875
164 21.935401916503906
165 20.988494873046875
166 24.948097229003906
167 24.56079864501953
168 24.09510040283203
169 22.86309814453125
170 26.100807189941406
171 26.43280029296875
172 25.44329833984375
173 26.613609313964844
174 23.447708129882813
175 23.933303833007813
176 23.114303588867188
177 25.328201293945313
178 24.151100158691406
179 24.439102172851563
180 21.316604614257813
181 23.139404296875
182 23.599205017089844
183 23.653701782226563
184 23.097206115722656
185 23.805801391601563
186 24.769302368164063
187 25.378700256347656
188 25.15190887451172
189 20.757797241210938
190 22.1864013671875
191 21.469894409179688
192 21.023399353027344
193 19.068496704101563
194 21.68030548095703
195 21.926597595214844
196 22.01709747314453
197 22.10321044921875
198 20.328201293945313
199 22.610000610351563
200 23.97039794921875
201 23.11529541015625
202 23.108001708984375
203 23.107101440429688
204 23.454696655273438
205 23.177597045898438
206 22.853103637695313
207 21.197296142578125
208 21.60570526123047
209 23.93529510498047
210 22.265098571777344
211 22.55510711669922
212 22.04509735107422
213 21.826004028320313
214 23.807403564453125
215 23.83580780029297
216 20.812599182128906
217 21.707000732421875
218 23.611000061035156
219 21.715606689453125
220 21.58550262451172
221 20.953407287597656
222 22.484298706054688
223 20.60589599609375
224 21.732498168945313
225 20.17259979248047
226 20.485504150390625
227 20.100799560546875
228 19.173095703125
229 20.75200653076172
230 21.220703125
231 21.02490997314453
232 21.05109405517578
233 20.842201232910156
234 22.320701599121094
235 18.772003173828125
236 22.547996520996094
237 20.285598754882813
238 22.54560089111328
239 22.594810485839844
240 23.24999237060547
241 22.885902404785156
242 22.754005432128906
243 21.35980224609375
244 24.04900360107422
245 23.68669891357422
246 22.46099853515625
247 21.618499755859375
248 22.641998291015625
249 22.154800415039063
250 19.064697265625
251 21.721298217773438
252 23.28260040283203
253 21.07849884033203
254 19.847702026367188
255 21.44249725341797
256 19.54839324951172
257 21.130905151367188
258 20.507102966308594
259 22.485107421875
260 21.14820098876953
261 22.24730682373047
262 20.783592224121094
263 20.858497619628906
264 21.737701416015625
265 21.083099365234375
266 22.314796447753906
267 22.229202270507813
268 19.38140106201172
269 22.39739990234375
270 21.622703552246094
271 21.60179901123047
272 22.543296813964844
273 22.564102172851563
274 21.291603088378906
275 19.165992736816406
276 20.521102905273438
277 21.83190155029297
278 21.846107482910156
279 19.53399658203125
280 20.610801696777344
281 20.308692932128906
282 20.49030303955078
283 21.072601318359375
284 21.283599853515625
285 21.1737060546875
286 19.53479766845703
287 18.635498046875
288 19.668304443359375
289 22.743499755859375
290 22.154701232910156
291 21.259498596191406
292 19.767105102539063
293 21.657394409179688
294 20.388900756835938
295 20.610397338867188
296 21.637901306152344
297 20.751602172851563
298 21.282501220703125
299 19.67389678955078
300 18.574302673339844
301 20.635299682617188
302 19.84510040283203
303 21.143096923828125
304 21.716705322265625
305 21.44969940185547
306 23.312301635742188
307 19.73670196533203
308 22.67540740966797
309 21.35540008544922
310 21.34600067138672
311 20.81000518798828
312 23.28760528564453
313 23.228897094726563
314 21.52960968017578
315 22.31920623779297
316 20.162704467773438
317 19.510093688964844
318 19.95850372314453
319 22.21100616455078
320 22.520599365234375
321 21.966903686523438
322 22.581497192382813
323 20.67010498046875
324 21.55810546875
325 22.433197021484375
326 20.87720489501953
327 21.309295654296875
328 21.292396545410156
329 23.515106201171875
330 23.327102661132813
331 22.680198669433594
332 23.157501220703125
333 22.908096313476563
334 24.710800170898438
335 23.523696899414063
336 22.25030517578125
337 20.686302185058594
338 23.81800079345703
339 23.284805297851563
340 23.40290069580078
341 23.363304138183594
342 22.255699157714844
343 20.31879425048828
344 19.525802612304688
345 19.795997619628906
346 20.531494140625
347 19.94280242919922
348 19.77159881591797
349 19.157203674316406
350 20.475807189941406
351 19.025001525878906
352 19.32550811767578
353 19.286399841308594
354 20.777198791503906
355 22.33110809326172
356 21.982192993164063
357 21.808494567871094
358 21.19561004638672
359 19.889793395996094
360 21.550201416015625
361 20.492202758789063
362 21.549896240234375
363 20.76909637451172
364 22.12580108642578
365 23.32990264892578
366 21.112693786621094
367 19.938095092773438
368 21.059303283691406
369 22.220298767089844
370 21.8800048828125
371 22.064193725585938
372 21.39299774169922
373 23.124603271484375
374 21.59510040283203
375 21.28179931640625
376 21.43360137939453
377 23.120101928710938
378 24.699501037597656
379 20.88910675048828
380 23.252304077148438
381 23.10340118408203
382 21.405303955078125
383 24.200599670410156
384 23.4696044921875
385 21.756393432617188
386 21.480697631835938
387 19.921302795410156
388 21.021804809570313
389 21.496200561523438
390 23.074195861816406
391 21.71380615234375
392 21.78459930419922
393 23.223899841308594
394 21.835304260253906
395 21.479698181152344
396 23.616607666015625
397 19.907699584960938
398 22.345596313476563
399 21.032508850097656
400 22.186904907226563
401 21.39940643310547
402 21.767501831054688
403 20.136398315429688
404 21.513404846191406
405 21.18621063232422
406 21.292396545410156
407 19.61180877685547
408 23.011001586914063
409 22.069900512695313
410 22.570899963378906
411 23.97710418701172
412 21.357498168945313
413 20.850608825683594
414 19.862403869628906
415 19.999404907226563
416 17.60340118408203
417 20.449798583984375
418 20.374099731445313
419 21.152801513671875
420 21.98370361328125
421 21.267601013183594
422 21.11810302734375
423 20.856796264648438
424 23.975502014160156
425 22.94409942626953
426 20.598304748535156
427 20.372299194335938
428 20.96269989013672
429 21.987998962402344
430 21.9739990234375
431 20.697105407714844
432 23.345993041992188
433 21.790008544921875
434 21.772598266601563
435 23.119796752929688
436 24.8291015625
437 23.914306640625
438 20.65949249267578
439 21.99919891357422
440 23.298599243164063
441 20.996597290039063
442 21.37860107421875
443 20.85710906982422
444 22.81360626220703
445 21.71319580078125
446 21.373497009277344
447 20.44609832763672
448 22.00860595703125
449 21.530296325683594
450 21.11339569091797
451 20.02050018310547
452 22.28339385986328
453 23.10540008544922
454 22.249404907226563
455 20.969200134277344
456 22.429298400878906
457 23.293502807617188
458 22.545501708984375
459 20.485206604003906
460 18.824798583984375
461 19.709503173828125
462 20.63909912109375
463 21.24420166015625
464 19.27899932861328
465 19.093597412109375
466 19.32610321044922
467 21.856094360351563
468 23.819595336914063
469 23.852401733398438
470 22.562095642089844
471 22.400901794433594
472 22.607101440429688
473 21.352508544921875
474 21.050498962402344
475 21.19670867919922
476 20.91199493408203
477 18.586402893066406
478 20.255508422851563
479 20.402000427246094
480 19.96959686279297
481 19.497703552246094
482 19.72979736328125
483 19.610000610351563
484 22.086700439453125
485 22.102798461914063
486 21.198898315429688
487 19.749794006347656
488 19.38250732421875
489 22.709205627441406
490 21.76020050048828
491 21.843902587890625
492 22.33049774169922
493 22.292800903320313
494 20.339202880859375
495 21.17389678955078
496 23.19579315185547
497 22.29650115966797
498 21.81859588623047
499 21.054000854492188
500 20.58800506591797
