0 13.565605163574219
1 13.565597534179688
2 16.654701232910156
3 13.541107177734375
4 10.642799377441406
5 6.310203552246094
6 8.27850341796875
7 7.6885986328125
8 11.250602722167969
9 11.363204956054688
10 8.515296936035156
11 9.041305541992188
12 10.368995666503906
13 8.624000549316406
14 8.288200378417969
15 6.671806335449219
16 4.7781982421875
17 2.3637008666992188
18 1.9878005981445313
19 3.0447006225585938
20 1.3911972045898438
21 2.8968963623046875
22 2.8619003295898438
23 0.5692977905273438
24 2.4141006469726563
25 1.8302001953125
26 0.5846023559570313
27 1.5526046752929688
28 1.3790054321289063
29 4.864204406738281
30 1.9410018920898438
31 1.7642974853515625
32 2.28070068359375
33 1.971099853515625
34 1.1422042846679688
35 -0.33939361572265625
36 0.5789031982421875
37 0.1529998779296875
38 1.4084930419921875
39 -0.632904052734375
40 -1.39849853515625
41 1.2517013549804688
42 -0.02989959716796875
43 -0.6830978393554688
44 2.619598388671875
45 2.5167999267578125
46 0.2660064697265625
47 0.769195556640625
48 1.7768020629882813
49 0.9069061279296875
50 1.4091949462890625
51 -1.12530517578125
52 -0.41210174560546875
53 -1.05059814453125
54 1.645904541015625
55 1.3134002685546875
56 0.31079864501953125
57 0.6836013793945313
58 1.3213043212890625
59 2.7121047973632813
60 1.9771957397460938
61 2.2081985473632813
62 2.012603759765625
63 2.0400009155273438
64 2.1926040649414063
65 4.773902893066406
66 2.7689971923828125
67 3.238494873046875
68 0.52020263671875
69 0.889892578125
70 2.0365982055664063
71 0.7407989501953125
72 -1.0027999877929688
73 0.4116058349609375
74 0.36479949951171875
75 1.2737960815429688
76 -0.00649261474609375
77 0.4983978271484375
78 0.8349990844726563
79 0.020599365234375
80 0.9531021118164063
81 1.6872024536132813
82 0.44550323486328125
83 -0.9121017456054688
84 0.5077972412109375
85 0.1822052001953125
86 1.7885971069335938
87 2.5739059448242188
88 1.606597900390625
89 0.11490631103515625
90 0.03960418701171875
91 -0.5369033813476563
92 -1.7404022216796875
93 0.19499969482421875
94 -0.3654937744140625
95 -0.8877944946289063
96 -1.5767974853515625
97 -0.0167999267578125
98 -0.8524017333984375
99 0.32880401611328125
100 1.93389892578125
101 2.5685958862304688
102 3.362701416015625
103 1.6474990844726563
104 3.5277023315429688
105 2.2311019897460938
106 3.17010498046875
107 6.607200622558594
108 3.7273025512695313
109 4.4196014404296875
110 1.5475997924804688
111 3.7444992065429688
112 2.7714996337890625
113 3.5684967041015625
114 2.6445999145507813
115 2.4782028198242188
116 1.2566986083984375
117 -0.11139678955078125
118 0.161102294921875
119 0.3551025390625
120 1.371795654296875
121 0.627197265625
122 1.6158981323242188
123 1.9322052001953125
124 1.1827011108398438
125 0.20690155029296875
126 4.388801574707031
127 2.2480010986328125
128 3.2192001342773438
129 2.0300979614257813
130 1.2118988037109375
131 2.7489013671875
132 2.7564926147460938
133 1.802001953125
134 1.5825042724609375
135 0.765899658203125
136 0.45909881591796875
137 -0.2725982666015625
138 -0.92950439453125
139 1.08929443359375
140 1.7674026489257813
141 1.51080322265625
142 1.187103271484375
143 2.1868972778320313
144 2.122802734375
145 1.82330322265625
146 1.626495361328125
147 2.3613967895507813
148 0.8516006469726563
149 2.0571060180664063
150 1.2565994262695313
151 2.9712982177734375
152 1.819000244140625
153 0.96929931640625
154 -0.7453994750976563
155 0.904693603515625
156 0.60150146484375
157 -0.23659515380859375
158 -0.41370391845703125
159 0.31090545654296875
160 1.8759002685546875
161 0.5666046142578125
162 1.0242996215820313
163 3.4243011474609375
164 2.8554000854492188
165 1.89849853515625
166 3.2681045532226563
167 1.51080322265625
168 2.3650970458984375
169 1.1830978393554688
170 4.050804138183594
171 4.012794494628906
172 1.9332962036132813
173 3.3636016845703125
174 -0.3722991943359375
175 -0.0666961669921875
176 -0.8556976318359375
177 0.6082000732421875
178 0.6711044311523438
179 1.1191024780273438
180 -1.3733978271484375
181 0.7593994140625
182 0.32920074462890625
183 -0.05629730224609375
184 -0.00279998779296875
185 -0.0442047119140625
186 1.2392959594726563
187 2.2787017822265625
188 1.5419082641601563
189 -0.1322021484375
190 0.12640380859375
191 -1.700103759765625
192 -0.9365997314453125
193 -2.3915023803710938
194 -1.1897048950195313
195 0.9565963745117188
196 0.11710357666015625
197 0.49320220947265625
198 1.2682037353515625
199 1.6500015258789063
200 1.7903976440429688
201 0.24530029296875
202 -1.0920028686523438
203 1.4271011352539063
204 1.2047042846679688
205 0.9475936889648438
206 1.2831039428710938
207 -0.742706298828125
208 1.2057037353515625
209 2.2552947998046875
210 1.7650985717773438
211 1.9850997924804688
212 1.7150955200195313
213 1.8360061645507813
214 2.6974029541015625
215 1.8958053588867188
216 -0.8473968505859375
217 1.5670013427734375
218 2.0510025024414063
219 1.2455978393554688
220 -0.6645050048828125
221 -0.5865936279296875
222 0.9243011474609375
223 0.9058990478515625
224 1.0725021362304688
225 -1.177398681640625
226 -0.19449615478515625
227 -1.3492050170898438
228 -0.0868988037109375
229 0.9820022583007813
230 2.5906982421875
231 -0.37509918212890625
232 -1.368896484375
233 0.8822021484375
234 0.38069915771484375
235 -1.4980010986328125
236 0.7779998779296875
237 -0.3843994140625
238 0.5355911254882813
239 -1.1551971435546875
240 0.6299972534179688
241 -0.3441009521484375
242 1.8639984130859375
243 0.639801025390625
244 3.0790023803710938
245 0.61669921875
246 0.25099945068359375
247 -0.6014938354492188
248 1.1920013427734375
249 2.3148040771484375
250 -0.6352996826171875
251 0.15130615234375
252 2.9925994873046875
253 0.868499755859375
254 -0.24230194091796875
255 1.1624984741210938
256 0.698394775390625
257 2.2309036254882813
258 -0.1428985595703125
259 1.265106201171875
260 -0.21179962158203125
261 -0.05269622802734375
262 -0.5064010620117188
263 1.0685043334960938
264 -0.19229888916015625
265 -1.726898193359375
266 -0.835205078125
267 -1.3607940673828125
268 -2.7686004638671875
269 0.8573989868164063
270 -1.1873016357421875
271 -2.34820556640625
272 -0.6667022705078125
273 0.614105224609375
274 -1.6584014892578125
275 -2.2639999389648438
276 -1.9589004516601563
277 -0.7481002807617188
278 -1.6038970947265625
279 -2.0159988403320313
280 -2.6291961669921875
281 -1.7913055419921875
282 -0.9796981811523438
283 -1.927398681640625
284 -1.2464065551757813
285 -0.7262954711914063
286 -0.9951934814453125
287 -1.8245010375976563
288 -2.49169921875
289 -0.256500244140625
290 -0.7252960205078125
291 -1.7705001831054688
292 -2.4628982543945313
293 -1.7826004028320313
294 -3.2110977172851563
295 -3.1496047973632813
296 -1.6120986938476563
297 -2.2384033203125
298 -2.3174972534179688
299 -2.2661056518554688
300 -3.375701904296875
301 -1.3246994018554688
302 -1.614898681640625
303 -0.3668975830078125
304 0.23670196533203125
305 -0.9803009033203125
306 0.9822998046875
307 -1.3932952880859375
308 -0.04459381103515625
309 0.16539764404296875
310 -1.2040023803710938
311 -0.089996337890625
312 2.017608642578125
313 2.17889404296875
314 0.14960479736328125
315 0.6291961669921875
316 -0.06729888916015625
317 -0.34990692138671875
318 -1.0615005493164063
319 -0.1790008544921875
320 0.7406005859375
321 1.0969009399414063
322 0.6515045166015625
323 -1.39990234375
324 -1.5218963623046875
325 -0.186798095703125
326 -2.0828018188476563
327 -2.7007064819335938
328 -0.5876007080078125
329 0.4351043701171875
330 1.187103271484375
331 -0.35980224609375
332 0.5475006103515625
333 0.708099365234375
334 0.9407958984375
335 0.6637039184570313
336 -0.6697006225585938
337 -1.9836959838867188
338 0.6479949951171875
339 1.2248001098632813
340 0.53289794921875
341 0.5932998657226563
342 -0.624298095703125
343 -1.1612014770507813
344 -2.3741989135742188
345 -1.85400390625
346 -2.0885009765625
347 -2.837200164794922
348 -3.278400421142578
349 -2.3028030395507813
350 -2.3442001342773438
351 -2.7150039672851563
352 -1.9645004272460938
353 -1.9235992431640625
354 -1.5528030395507813
355 0.12110137939453125
356 0.32219696044921875
357 -0.761505126953125
358 -0.8644027709960938
359 -3.660205841064453
360 0.12020111083984375
361 0.2722015380859375
362 -0.6100997924804688
363 -0.21089935302734375
364 0.9958038330078125
365 0.2299041748046875
366 0.5626983642578125
367 0.0980987548828125
368 -1.4607009887695313
369 -1.3097000122070313
370 0.4600067138671875
371 1.5041961669921875
372 0.5830001831054688
373 1.0846023559570313
374 -0.0048980712890625
375 -0.30820465087890625
376 -1.1864013671875
377 -0.7798995971679688
378 1.4394989013671875
379 -0.23089599609375
380 1.0223007202148438
381 1.0833969116210938
382 -0.5547027587890625
383 0.860595703125
384 1.089599609375
385 -0.8236007690429688
386 -1.6993026733398438
387 -2.1586990356445313
388 -2.7581939697265625
389 -1.6538009643554688
390 -0.975799560546875
391 -0.7462005615234375
392 -1.7954025268554688
393 -0.44609832763671875
394 -2.8647003173828125
395 -2.3803024291992188
396 -0.11339569091796875
397 -3.30230712890625
398 -1.6944046020507813
399 -1.3974990844726563
400 -0.833099365234375
401 -2.43060302734375
402 -1.7224960327148438
403 -2.5036087036132813
404 -2.6865997314453125
405 -2.1937942504882813
406 -1.9876022338867188
407 -2.4581985473632813
408 -0.8489990234375
409 -0.8900985717773438
410 -0.11910247802734375
411 0.31710052490234375
412 -2.00250244140625
413 -1.4893951416015625
414 -0.9276046752929688
415 -2.7905960083007813
416 -4.0166015625
417 -1.930206298828125
418 -2.3958969116210938
419 -1.8572006225585938
420 -0.706298828125
421 -1.7024078369140625
422 -0.25189208984375
423 -1.3232040405273438
424 1.6355056762695313
425 0.674102783203125
426 -1.2916946411132813
427 -1.0977020263671875
428 -1.207305908203125
429 -0.11199951171875
430 0.8839950561523438
431 -1.3628997802734375
432 -0.0240020751953125
433 -0.4199981689453125
434 -0.8274002075195313
435 -0.7501983642578125
436 1.2591018676757813
437 -0.11569976806640625
438 -2.3005027770996094
439 -0.420806884765625
440 1.0685958862304688
441 -0.5334014892578125
442 -1.181396484375
443 -1.3028945922851563
444 0.13360595703125
445 -1.0867996215820313
446 -0.826507568359375
447 -2.1138992309570313
448 -1.1013946533203125
449 -1.479705810546875
450 -1.3865966796875
451 -1.649505615234375
452 -0.9265975952148438
453 0.30539703369140625
454 0.6893997192382813
455 -1.5907974243164063
456 -0.5807037353515625
457 -0.566497802734375
458 -0.17449951171875
459 -1.1147994995117188
460 -2.7252044677734375
461 -3.0504989624023438
462 -1.2808990478515625
463 -2.1457977294921875
464 -4.000999450683594
465 -2.706401824951172
466 -4.403900146484375
467 -1.5239028930664063
468 -0.15039825439453125
469 1.3423995971679688
470 -0.46790313720703125
471 -1.0391006469726563
472 -0.6029052734375
473 -1.967498779296875
474 -1.1995010375976563
475 -1.8432998657226563
476 -0.6580047607421875
477 -1.8135986328125
478 -1.79449462890625
479 -2.4580001831054688
480 -2.1704025268554688
481 -2.4623031616210938
482 -2.4502029418945313
483 -1.7700042724609375
484 -0.5732955932617188
485 -0.2572021484375
486 -1.6710968017578125
487 -1.2501983642578125
488 -1.0875015258789063
489 1.4092025756835938
490 0.38019561767578125
491 -0.1161041259765625
492 1.170501708984375
493 0.712799072265625
494 -2.740802764892578
495 -1.3760986328125
496 -0.45420074462890625
497 -0.8635025024414063
498 -0.38140106201171875
499 -1.2860031127929688
500 -1.7719955444335938
