0 20.00560760498047
1 20.005599975585938
2 18.38469696044922
3 20.00110626220703
4 22.75279998779297
5 20.750205993652344
6 20.28850555419922
7 16.75859832763672
8 21.25060272216797
9 21.743202209472656
10 19.135299682617188
11 20.981300354003906
12 19.33899688720703
13 19.504005432128906
14 22.998199462890625
15 20.521804809570313
16 21.948204040527344
17 18.11370086669922
18 16.767807006835938
19 18.32469940185547
20 15.111198425292969
21 17.63690185546875
22 18.951904296875
23 16.489295959472656
24 17.294097900390625
25 17.070205688476563
26 15.324607849121094
27 14.922599792480469
28 13.579002380371094
29 17.034202575683594
30 13.041000366210938
31 13.414299011230469
32 13.580696105957031
33 12.621101379394531
34 11.972198486328125
35 11.080596923828125
36 12.9989013671875
37 12.753005981445313
38 14.078498840332031
39 12.047096252441406
40 10.281501770019531
41 13.661697387695313
42 12.170097351074219
43 12.576904296875
44 13.509605407714844
45 13.65679931640625
46 11.066001892089844
47 11.389198303222656
48 14.396797180175781
49 13.806900024414063
50 14.349197387695313
51 11.63470458984375
52 11.557899475097656
53 11.899398803710938
54 14.875900268554688
55 14.42340087890625
56 14.110801696777344
57 15.223602294921875
58 12.911300659179688
59 15.532096862792969
60 12.927200317382813
61 14.648200988769531
62 14.442604064941406
63 13.060005187988281
64 11.822601318359375
65 14.543899536132813
66 13.718994140625
67 14.278495788574219
68 13.8302001953125
69 13.979896545410156
70 12.916595458984375
71 9.38079833984375
72 9.417198181152344
73 11.5216064453125
74 12.714797973632813
75 13.303794860839844
76 13.173500061035156
77 14.508399963378906
78 15.465003967285156
79 13.780593872070313
80 13.523101806640625
81 15.347198486328125
82 14.135505676269531
83 11.367904663085938
84 13.897796630859375
85 13.332199096679688
86 15.038604736328125
87 16.573898315429688
88 15.286605834960938
89 13.014900207519531
90 13.149604797363281
91 10.853103637695313
92 11.059600830078125
93 13.534996032714844
94 13.344497680664063
95 12.702201843261719
96 11.953201293945313
97 13.193199157714844
98 13.067604064941406
99 12.328804016113281
100 16.86389923095703
101 18.788597106933594
102 19.242706298828125
103 15.307502746582031
104 18.697708129882813
105 16.731101989746094
106 18.430099487304688
107 20.967201232910156
108 17.28730010986328
109 18.119598388671875
110 17.207603454589844
111 15.914505004882813
112 15.711494445800781
113 17.13849639892578
114 14.634597778320313
115 16.988197326660156
116 14.906700134277344
117 12.418601989746094
118 13.201103210449219
119 15.095100402832031
120 19.60179901123047
121 15.327201843261719
122 16.315895080566406
123 15.202201843261719
124 15.502700805664063
125 14.336906433105469
126 17.83880615234375
127 18.08800506591797
128 19.519203186035156
129 17.570098876953125
130 14.391899108886719
131 15.68890380859375
132 16.046493530273438
133 15.722000122070313
134 14.992500305175781
135 12.895904541015625
136 13.409095764160156
137 13.957405090332031
138 11.600502014160156
139 14.259292602539063
140 15.377395629882813
141 14.460800170898438
142 14.177101135253906
143 15.656906127929688
144 15.212806701660156
145 16.153305053710938
146 16.326492309570313
147 16.891395568847656
148 16.20160675048828
149 17.747108459472656
150 16.686599731445313
151 16.431304931640625
152 16.708999633789063
153 15.869300842285156
154 14.994606018066406
155 17.914703369140625
156 15.221504211425781
157 14.653396606445313
158 14.326301574707031
159 16.280906677246094
160 17.565895080566406
161 15.526603698730469
162 17.924301147460938
163 19.374298095703125
164 18.98540496826172
165 17.698501586914063
166 19.66809844970703
167 18.470794677734375
168 17.565101623535156
169 17.79309844970703
170 21.64080810546875
171 22.142799377441406
172 21.743301391601563
173 17.553604125976563
174 16.857704162597656
175 17.043296813964844
176 15.71429443359375
177 17.368202209472656
178 17.25110626220703
179 17.13909912109375
180 16.876602172851563
181 17.50940704345703
182 17.639205932617188
183 17.28369903564453
184 17.2572021484375
185 15.265800476074219
186 16.919296264648438
187 19.468704223632813
188 19.601905822753906
189 17.777801513671875
190 18.966400146484375
191 15.009895324707031
192 14.30340576171875
193 13.998497009277344
194 14.630294799804688
195 16.71660614013672
196 15.09710693359375
197 16.863204956054688
198 19.34819793701172
199 17.220008850097656
200 18.97039794921875
201 16.62530517578125
202 14.568000793457031
203 17.697097778320313
204 17.204696655273438
205 18.057594299316406
206 17.953109741210938
207 16.127296447753906
208 16.39569854736328
209 18.25530242919922
210 16.385101318359375
211 16.91510772705078
212 14.995101928710938
213 16.865997314453125
214 18.227401733398438
215 16.115798950195313
216 12.412605285644531
217 14.637001037597656
218 15.581008911132813
219 13.525604248046875
220 11.805496215820313
221 13.093406677246094
222 14.5343017578125
223 14.935905456542969
224 13.392501831054688
225 11.922599792480469
226 12.375503540039063
227 10.660797119140625
228 11.883102416992188
229 12.072006225585938
230 14.900703430175781
231 12.974906921386719
232 12.821098327636719
233 14.802200317382813
234 14.400703430175781
235 13.132003784179688
236 14.327995300292969
237 12.735603332519531
238 14.475593566894531
239 12.024803161621094
240 13.269996643066406
241 12.855903625488281
242 14.564002990722656
243 11.72979736328125
244 13.338996887207031
245 13.146697998046875
246 12.691001892089844
247 10.198501586914063
248 13.591995239257813
249 16.514801025390625
250 10.844696044921875
251 15.531303405761719
252 16.942604064941406
253 14.198501586914063
254 15.447700500488281
255 17.1925048828125
256 13.558395385742188
257 17.080902099609375
258 16.637107849121094
259 17.255096435546875
260 15.288192749023438
261 14.157302856445313
262 13.613594055175781
263 16.608497619628906
264 14.5277099609375
265 11.293106079101563
266 12.60479736328125
267 9.419204711914063
268 9.931396484375
269 10.597396850585938
270 9.972702026367188
271 10.501800537109375
272 13.333305358886719
273 12.154106140136719
274 10.051597595214844
275 7.4459991455078125
276 9.051101684570313
277 11.3218994140625
278 8.926101684570313
279 8.704002380371094
280 8.720794677734375
281 9.428695678710938
282 8.770301818847656
283 9.882606506347656
284 8.333595275878906
285 9.043701171875
286 6.2947998046875
287 6.1454925537109375
288 7.94830322265625
289 10.343498229980469
290 10.404701232910156
291 8.349494934082031
292 8.387100219726563
293 9.017402648925781
294 9.698898315429688
295 9.360397338867188
296 13.197898864746094
297 11.341598510742188
298 11.122505187988281
299 9.05389404296875
300 8.59429931640625
301 10.395301818847656
302 8.295097351074219
303 10.733100891113281
304 12.346702575683594
305 10.479705810546875
306 12.812301635742188
307 9.236701965332031
308 10.805404663085938
309 10.535400390625
310 11.83599853515625
311 13.110008239746094
312 12.467597961425781
313 13.178901672363281
314 10.90960693359375
315 10.559196472167969
316 8.83270263671875
317 9.500099182128906
318 10.168502807617188
319 11.971000671386719
320 11.560600280761719
321 12.896896362304688
322 13.301498413085938
323 9.890098571777344
324 11.878105163574219
325 13.703193664550781
326 11.277198791503906
327 11.889297485351563
328 9.192398071289063
329 12.765106201171875
330 11.847099304199219
331 12.2001953125
332 10.9375
333 11.888099670410156
334 13.520797729492188
335 13.493698120117188
336 11.920303344726563
337 10.0863037109375
338 12.597991943359375
339 12.704803466796875
340 12.972908020019531
341 10.913299560546875
342 9.505699157714844
343 8.32879638671875
344 7.905799865722656
345 7.236000061035156
346 9.241493225097656
347 8.962806701660156
348 9.481597900390625
349 8.747200012207031
350 10.875801086425781
351 10.095001220703125
352 8.535499572753906
353 8.446403503417969
354 9.18719482421875
355 10.371101379394531
356 10.202201843261719
357 10.3385009765625
358 10.99560546875
359 9.629798889160156
360 10.350196838378906
361 11.142204284667969
362 11.2698974609375
363 11.749092102050781
364 11.735801696777344
365 13.7698974609375
366 11.762702941894531
367 10.258094787597656
368 11.349296569824219
369 10.220298767089844
370 11.849998474121094
371 11.024200439453125
372 11.182998657226563
373 12.704605102539063
374 13.075096130371094
375 10.611793518066406
376 11.013603210449219
377 11.270095825195313
378 11.899505615234375
379 10.569099426269531
380 11.682304382324219
381 10.643394470214844
382 10.345298767089844
383 10.800605773925781
384 11.39959716796875
385 11.306396484375
386 11.180702209472656
387 11.031303405761719
388 11.761802673339844
389 11.386199951171875
390 12.254203796386719
391 12.83380126953125
392 11.214599609375
393 13.133903503417969
394 11.065299987792969
395 10.699699401855469
396 13.906600952148438
397 11.287696838378906
398 13.605598449707031
399 14.112503051757813
400 14.88690185546875
401 12.739402770996094
402 12.617500305175781
403 10.456398010253906
404 10.683403015136719
405 10.126205444335938
406 11.8323974609375
407 9.321800231933594
408 9.981002807617188
409 10.409904479980469
410 11.560897827148438
411 12.397102355957031
412 9.897499084472656
413 11.630599975585938
414 10.482398986816406
415 9.139404296875
416 7.893394470214844
417 9.909797668457031
418 9.574104309082031
419 11.012802124023438
420 11.60369873046875
421 9.97760009765625
422 10.11810302734375
423 10.476799011230469
424 11.645500183105469
425 10.364097595214844
426 7.6183013916015625
427 8.962303161621094
428 11.322700500488281
429 11.417999267578125
430 11.78399658203125
431 11.137100219726563
432 12.685997009277344
433 10.489997863769531
434 9.962600708007813
435 10.789802551269531
436 14.13909912109375
437 13.354301452636719
438 8.709495544433594
439 10.439193725585938
440 12.87860107421875
441 9.546600341796875
442 10.708602905273438
443 11.047103881835938
444 9.88360595703125
445 10.533195495605469
446 11.643501281738281
447 9.996101379394531
448 10.6986083984375
449 10.780296325683594
450 11.263397216796875
451 10.370498657226563
452 13.563400268554688
453 13.085403442382813
454 11.479400634765625
455 9.959205627441406
456 11.21929931640625
457 12.643501281738281
458 11.285499572753906
459 9.425201416015625
460 8.004798889160156
461 8.319503784179688
462 9.609107971191406
463 10.084205627441406
464 9.198997497558594
465 10.213600158691406
466 9.386100769042969
467 10.966102600097656
468 11.739601135253906
469 13.212394714355469
470 13.46209716796875
471 11.720901489257813
472 13.70709228515625
473 12.722503662109375
474 10.640495300292969
475 11.186698913574219
476 11.881996154785156
477 8.866401672363281
478 9.905502319335938
479 9.6820068359375
480 10.619598388671875
481 10.147705078125
482 10.509796142578125
483 9.279998779296875
484 11.026702880859375
485 13.082794189453125
486 11.628898620605469
487 9.619796752929688
488 9.9425048828125
489 12.8092041015625
490 13.210205078125
491 11.353897094726563
492 13.050498962402344
493 12.412796020507813
494 8.819198608398438
495 10.303901672363281
496 12.245796203613281
497 11.09649658203125
498 11.698600769042969
499 10.113998413085938
500 10.218002319335938
