0 27.285598754882813
1 27.285606384277344
2 26.24469757080078
3 31.131103515625
4 33.082801818847656
5 26.790199279785156
6 29.668502807617188
7 22.458595275878906
8 32.32060241699219
9 29.54320526123047
10 29.24530029296875
11 27.161300659179688
12 24.53899383544922
13 23.763999938964844
14 28.858192443847656
15 22.181800842285156
16 21.378204345703125
17 17.41370391845703
18 19.497802734375
19 22.594696044921875
20 22.91119384765625
21 24.81689453125
22 26.14189910888672
23 23.299301147460938
24 24.754104614257813
25 24.880203247070313
26 22.014602661132813
27 22.822601318359375
28 22.839004516601563
29 27.984207153320313
30 23.991004943847656
31 25.764297485351563
32 25.16069793701172
33 24.68109893798828
34 24.302200317382813
35 21.510604858398438
36 22.848907470703125
37 22.77300262451172
38 23.828506469726563
39 20.527099609375
40 20.821502685546875
41 24.781707763671875
42 22.940101623535156
43 23.816909790039063
44 27.259597778320313
45 27.5968017578125
46 23.996002197265625
47 22.889198303222656
48 24.10680389404297
49 21.4468994140625
50 23.23919677734375
51 23.32469940185547
52 22.457901000976563
53 22.809410095214844
54 24.255905151367188
55 23.313400268554688
56 22.110801696777344
57 24.693603515625
58 25.441307067871094
59 26.302108764648438
60 26.077194213867188
61 27.738204956054688
62 26.002609252929688
63 24.82000732421875
64 26.48259735107422
65 29.033897399902344
66 26.078994750976563
67 26.178497314453125
68 23.40020751953125
69 24.859901428222656
70 25.19660186767578
71 23.33080291748047
72 23.06719970703125
73 23.351600646972656
74 25.184799194335938
75 24.173797607421875
76 23.60350799560547
77 23.73839569091797
78 24.45500946044922
79 22.970603942871094
80 24.263099670410156
81 24.537200927734375
82 24.3955078125
83 20.557907104492188
84 22.98780059814453
85 22.872207641601563
86 24.588600158691406
87 26.383895874023438
88 24.316604614257813
89 22.854904174804688
90 23.039596557617188
91 21.033096313476563
92 20.669601440429688
93 21.375
94 19.884506225585938
95 21.742202758789063
96 19.873199462890625
97 20.263206481933594
98 22.517601013183594
99 23.728805541992188
100 25.50390625
101 25.36859893798828
102 24.692703247070313
103 24.3074951171875
104 25.257705688476563
105 22.281105041503906
106 23.440109252929688
107 26.607208251953125
108 26.09729766845703
109 25.839599609375
110 23.367591857910156
111 25.824501037597656
112 25.311500549316406
113 25.308502197265625
114 26.214599609375
115 24.77820587158203
116 22.86670684814453
117 23.828598022460938
118 24.56110382080078
119 23.635101318359375
120 25.341796875
121 24.26720428466797
122 25.825904846191406
123 26.70220184326172
124 24.912696838378906
125 24.606910705566406
126 27.378799438476563
127 26.0780029296875
128 27.609207153320313
129 25.710105895996094
130 24.75189971923828
131 26.87889862060547
132 26.056495666503906
133 23.852005004882813
134 22.76250457763672
135 21.17589569091797
136 22.89910125732422
137 21.237403869628906
138 21.210494995117188
139 20.679298400878906
140 23.367401123046875
141 22.790802001953125
142 21.22710418701172
143 23.1968994140625
144 22.732803344726563
145 21.103302001953125
146 21.366500854492188
147 23.981407165527344
148 20.83160400390625
149 23.267105102539063
150 21.096595764160156
151 21.811302185058594
152 21.629005432128906
153 21.84929656982422
154 20.58460235595703
155 21.664703369140625
156 22.28150177001953
157 21.413406372070313
158 19.20629119873047
159 17.9208984375
160 19.36589813232422
161 16.876602172851563
162 19.124298095703125
163 15.684303283691406
164 16.675399780273438
165 15.098503112792969
166 19.24810028076172
167 19.360809326171875
168 21.205093383789063
169 19.73310089111328
170 21.860794067382813
171 23.092803955078125
172 23.793304443359375
173 24.543601989746094
174 21.877700805664063
175 21.973304748535156
176 21.7843017578125
177 23.368194580078125
178 21.351104736328125
179 21.19910430908203
180 18.88660430908203
181 20.359405517578125
182 22.199203491210938
183 21.713699340820313
184 20.927200317382813
185 21.415802001953125
186 22.799301147460938
187 24.03870391845703
188 23.13189697265625
189 17.997802734375
190 19.166404724121094
191 18.88990020751953
192 18.68340301513672
193 17.00849151611328
194 17.960296630859375
195 18.246604919433594
196 19.947097778320313
197 19.73320770263672
198 16.878204345703125
199 18.959999084472656
200 20.53040313720703
201 20.955299377441406
202 20.967994689941406
203 19.53710174560547
204 20.404708862304688
205 20.03759765625
206 19.73310089111328
207 16.96729278564453
208 17.20569610595703
209 19.24530029296875
210 17.36510467529297
211 16.955101013183594
212 18.565101623535156
213 17.615997314453125
214 19.767410278320313
215 19.855804443359375
216 17.91259765625
217 18.396995544433594
218 19.361000061035156
219 15.095596313476563
220 15.215499877929688
221 16.393402099609375
222 18.004302978515625
223 15.505905151367188
224 16.672500610351563
225 15.832595825195313
226 15.345504760742188
227 15.890800476074219
228 14.99310302734375
229 15.541999816894531
230 16.110694885253906
231 16.21490478515625
232 17.32110595703125
233 14.152206420898438
234 18.310707092285156
235 13.772003173828125
236 17.237998962402344
237 14.30560302734375
238 16.91559600830078
239 18.49480438232422
240 19.520004272460938
241 19.155906677246094
242 16.79399871826172
243 17.9197998046875
244 19.689002990722656
245 19.12670135498047
246 19.191001892089844
247 20.128509521484375
248 19.332000732421875
249 16.5548095703125
250 14.844696044921875
251 16.83130645751953
252 18.23259735107422
253 15.968498229980469
254 15.417701721191406
255 15.322502136230469
256 14.568389892578125
257 15.080902099609375
258 15.71710205078125
259 17.97510528564453
260 17.018203735351563
261 17.54730224609375
262 15.953598022460938
263 15.868507385253906
264 16.81769561767578
265 17.563095092773438
266 17.994796752929688
267 19.85919952392578
268 16.951400756835938
269 20.32740020751953
270 20.032699584960938
271 20.421791076660156
272 19.25330352783203
273 19.984107971191406
274 18.6416015625
275 16.375999450683594
276 18.351104736328125
277 19.241905212402344
278 19.476097106933594
279 16.583999633789063
280 17.76079559326172
281 17.498695373535156
282 18.11029815673828
283 18.872596740722656
284 18.12360382080078
285 19.543701171875
286 18.28479766845703
287 16.82549285888672
288 17.678306579589844
289 20.143508911132813
290 20.314697265625
291 19.149497985839844
292 17.637100219726563
293 20.01740264892578
294 18.63890838623047
295 18.83039093017578
296 18.797897338867188
297 18.811599731445313
298 18.282501220703125
299 16.29389190673828
300 15.284294128417969
301 17.3052978515625
302 16.375099182128906
303 18.203102111816406
304 18.396697998046875
305 17.94970703125
306 20.93230438232422
307 16.656707763671875
308 19.34540557861328
309 17.755393981933594
310 18.795997619628906
311 17.43000030517578
312 19.9176025390625
313 19.528900146484375
314 18.509605407714844
315 19.30919647216797
316 16.162696838378906
317 15.800094604492188
318 16.068504333496094
319 19.171005249023438
320 19.280609130859375
321 17.366897583007813
322 19.561500549316406
323 19.560104370117188
324 19.1881103515625
325 19.423202514648438
326 18.44719696044922
327 19.53929901123047
328 20.682403564453125
329 21.955101013183594
330 21.197105407714844
331 21.500198364257813
332 21.87749481201172
333 21.91809844970703
334 23.50080108642578
335 22.85370635986328
336 20.780303955078125
337 19.196304321289063
338 21.897994995117188
339 22.224807739257813
340 22.362899780273438
341 23.31330108642578
342 23.305702209472656
343 19.908790588378906
344 17.785804748535156
345 19.08599853515625
346 19.481491088867188
347 17.982810974121094
348 17.531600952148438
349 15.877204895019531
350 17.115798950195313
351 16.06499481201172
352 16.995498657226563
353 16.88640594482422
354 19.177200317382813
355 20.12110137939453
356 19.31220245361328
357 19.878501892089844
358 17.765602111816406
359 18.139793395996094
360 19.2001953125
361 16.662208557128906
362 19.869903564453125
363 17.549095153808594
364 18.975799560546875
365 19.759902954101563
366 19.242706298828125
367 15.788101196289063
368 18.699302673339844
369 20.29029083251953
370 18.339996337890625
371 17.724197387695313
372 18.072998046875
373 19.944595336914063
374 17.42510223388672
375 17.481796264648438
376 17.68360137939453
377 21.29009246826172
378 22.409500122070313
379 17.96910858154297
380 21.032302856445313
381 20.143394470214844
382 19.195297241210938
383 23.840599060058594
384 21.26959991455078
385 18.806396484375
386 19.21070098876953
387 17.251304626464844
388 20.131805419921875
389 21.4761962890625
390 23.564208984375
391 19.733802795410156
392 21.89459991455078
393 22.463897705078125
394 20.24530029296875
395 20.149696350097656
396 22.486595153808594
397 18.067703247070313
398 21.345603942871094
399 19.582504272460938
400 20.666900634765625
401 19.719406127929688
402 18.717498779296875
403 17.266403198242188
404 20.62340545654297
405 19.91619873046875
406 19.52239990234375
407 17.751792907714844
408 21.131004333496094
409 19.919906616210938
410 19.820899963378906
411 22.09710693359375
412 19.897499084472656
413 17.520606994628906
414 16.922393798828125
415 18.189407348632813
416 14.853401184082031
417 18.879791259765625
418 19.134109497070313
419 20.322799682617188
420 20.503700256347656
421 20.4075927734375
422 18.228103637695313
423 18.09679412841797
424 22.035507202148438
425 20.004104614257813
426 18.33831024169922
427 17.122299194335938
428 18.69269561767578
429 19.298004150390625
430 17.944000244140625
431 19.02710723876953
432 20.53600311279297
433 18.589996337890625
434 19.322601318359375
435 20.699798583984375
436 22.739097595214844
437 22.494300842285156
438 19.939498901367188
439 21.30919647216797
440 22.668601989746094
441 19.6466064453125
442 21.6885986328125
443 19.617103576660156
444 22.793609619140625
445 21.563201904296875
446 20.363502502441406
447 18.69609832763672
448 21.238601684570313
449 19.74030303955078
450 18.953399658203125
451 17.580490112304688
452 19.98340606689453
453 21.745399475097656
454 20.62940216064453
455 19.62920379638672
456 22.08929443359375
457 21.383499145507813
458 20.605499267578125
459 19.21520233154297
460 15.844795227050781
461 17.42950439453125
462 20.059104919433594
463 20.75420379638672
464 18.128997802734375
465 17.38359832763672
466 18.406105041503906
467 21.456100463867188
468 23.079605102539063
469 21.76239776611328
470 20.822097778320313
471 21.590904235839844
472 19.947097778320313
473 19.332504272460938
474 18.770492553710938
475 19.06670379638672
476 18.071990966796875
477 15.076400756835938
478 17.425506591796875
479 19.06200408935547
480 19.20960235595703
481 18.187705993652344
482 17.72979736328125
483 17.87999725341797
484 19.786705017089844
485 20.05279541015625
486 17.98889923095703
487 15.899795532226563
488 15.25250244140625
489 20.139205932617188
490 20.610206604003906
491 20.523902893066406
492 20.480506896972656
493 19.202796936035156
494 20.5491943359375
495 20.513893127441406
496 22.655792236328125
497 21.756500244140625
498 20.678604125976563
499 19.904006958007813
500 18.87799835205078
