0 23.3656005859375
1 23.3656005859375
2 22.954696655273438
3 22.20111083984375
4 21.662803649902344
5 16.880203247070313
6 19.578506469726563
7 18.74860382080078
8 22.130599975585938
9 21.823204040527344
10 20.085304260253906
11 21.441307067871094
12 21.198997497558594
13 20.67400360107422
14 21.328201293945313
15 19.54180145263672
16 18.15819549560547
17 15.893699645996094
18 15.327804565429688
19 16.234703063964844
20 14.601203918457031
21 14.906898498535156
22 15.211906433105469
23 13.069297790527344
24 14.664093017578125
25 13.850204467773438
26 12.994606018066406
27 13.272598266601563
28 12.988998413085938
29 15.794197082519531
30 13.201004028320313
31 12.684303283691406
32 12.940704345703125
33 12.281097412109375
34 12.162200927734375
35 11.310600280761719
36 12.428909301757813
37 11.7030029296875
38 13.028495788574219
39 11.027099609375
40 10.091506958007813
41 12.221702575683594
42 11.140098571777344
43 10.826904296875
44 12.159599304199219
45 12.016799926757813
46 11.116004943847656
47 11.669197082519531
48 12.15679931640625
49 12.296905517578125
50 12.989204406738281
51 9.874702453613281
52 11.267898559570313
53 10.439407348632813
54 13.295906066894531
55 13.263404846191406
56 12.900794982910156
57 13.063606262207031
58 12.661308288574219
59 13.272102355957031
60 11.937202453613281
61 13.248199462890625
62 12.912605285644531
63 12.920005798339844
64 11.622596740722656
65 13.793899536132813
66 13.03900146484375
67 14.178497314453125
68 12.280197143554688
69 11.759895324707031
70 12.606597900390625
71 10.070793151855469
72 9.647201538085938
73 11.551597595214844
74 12.074806213378906
75 11.663803100585938
76 11.573509216308594
77 12.518394470214844
78 12.925003051757813
79 12.000595092773438
80 12.153106689453125
81 13.337203979492188
82 12.195503234863281
83 10.627899169921875
84 11.157798767089844
85 12.232200622558594
86 13.208595275878906
87 13.863899230957031
88 12.82659912109375
89 12.444900512695313
90 11.849601745605469
91 10.99310302734375
92 10.119598388671875
93 12.555000305175781
94 12.144500732421875
95 11.082206726074219
96 10.673202514648438
97 12.433197021484375
98 11.137596130371094
99 11.258804321289063
100 13.783905029296875
101 15.12860107421875
102 15.832695007324219
103 13.957504272460938
104 16.227706909179688
105 14.451103210449219
106 15.680107116699219
107 19.12720489501953
108 16.027297973632813
109 16.71959686279297
110 14.21759033203125
111 15.544502258300781
112 15.031501770019531
113 15.828498840332031
114 13.464599609375
115 14.078193664550781
116 12.796699523925781
117 11.558601379394531
118 11.69110107421875
119 11.145095825195313
120 12.901802062988281
121 11.657203674316406
122 12.2958984375
123 13.172203063964844
124 12.922706604003906
125 11.216903686523438
126 15.088798522949219
127 13.538002014160156
128 15.329200744628906
129 13.670097351074219
130 12.671897888183594
131 13.738899230957031
132 13.856498718261719
133 13.4219970703125
134 13.662498474121094
135 13.145904541015625
136 12.659095764160156
137 12.667404174804688
138 11.100494384765625
139 13.58929443359375
140 14.327400207519531
141 14.110801696777344
142 13.197097778320313
143 14.616905212402344
144 14.4927978515625
145 15.443305969238281
146 14.876502990722656
147 14.851402282714844
148 13.981605529785156
149 14.957099914550781
150 14.566596984863281
151 15.84130859375
152 14.578994750976563
153 13.799301147460938
154 12.214599609375
155 14.034706115722656
156 12.97149658203125
157 12.543403625488281
158 12.536300659179688
159 13.770904541015625
160 15.465896606445313
161 13.45660400390625
162 14.554298400878906
163 15.834297180175781
164 15.535400390625
165 15.3385009765625
166 16.828109741210938
167 15.430801391601563
168 15.265098571777344
169 14.463096618652344
170 17.50080108642578
171 17.31279754638672
172 14.613296508789063
173 15.583595275878906
174 12.517707824707031
175 12.553298950195313
176 11.374305725097656
177 13.068199157714844
178 13.131095886230469
179 13.51910400390625
180 11.7666015625
181 13.179397583007813
182 13.519195556640625
183 13.283706665039063
184 12.277198791503906
185 12.225799560546875
186 13.929298400878906
187 14.818702697753906
188 14.691902160644531
189 12.567802429199219
190 13.31640625
191 11.359901428222656
192 11.743400573730469
193 10.778495788574219
194 12.530296325683594
195 13.70660400390625
196 12.9071044921875
197 13.583206176757813
198 14.09820556640625
199 14.490005493164063
200 15.230392456054688
201 13.205299377441406
202 12.537994384765625
203 14.557098388671875
204 14.424697875976563
205 13.927597045898438
206 13.823104858398438
207 12.427299499511719
208 13.855697631835938
209 15.415298461914063
210 14.805099487304688
211 14.835105895996094
212 14.445098876953125
213 14.7760009765625
214 15.627403259277344
215 14.965805053710938
216 11.622604370117188
217 13.877006530761719
218 14.09100341796875
219 13.295600891113281
220 11.685493469238281
221 12.253402709960938
222 13.384300231933594
223 13.295906066894531
224 13.952499389648438
225 11.202598571777344
226 12.175498962402344
227 10.82080078125
228 12.153099060058594
229 13.61199951171875
230 15.320701599121094
231 12.174903869628906
232 11.351097106933594
233 14.162200927734375
234 13.450706481933594
235 11.582000732421875
236 13.618003845214844
237 11.485603332519531
238 13.105598449707031
239 11.474800109863281
240 13.019996643066406
241 12.255897521972656
242 14.363990783691406
243 12.899795532226563
244 15.128997802734375
245 13.386703491210938
246 12.571006774902344
247 10.548500061035156
248 13.36199951171875
249 14.344802856445313
250 11.074699401855469
251 13.031303405761719
252 15.382598876953125
253 13.508506774902344
254 12.477706909179688
255 14.122505187988281
256 13.218399047851563
257 14.920906066894531
258 12.797103881835938
259 14.415107727050781
260 13.018196105957031
261 13.477294921875
262 12.553596496582031
263 14.078498840332031
264 13.317703247070313
265 11.293106079101563
266 11.754798889160156
267 10.269203186035156
268 9.221405029296875
269 11.757400512695313
270 10.712699890136719
271 9.891792297363281
272 11.653297424316406
273 12.114097595214844
274 10.751602172851563
275 9.746002197265625
276 9.721107482910156
277 11.481903076171875
278 10.216102600097656
279 10.113998413085938
280 9.560798645019531
281 10.238700866699219
282 10.410301208496094
283 9.812606811523438
284 10.173599243164063
285 9.833702087402344
286 9.074798583984375
287 8.805496215820313
288 8.828300476074219
289 11.453498840332031
290 11.514701843261719
291 9.719497680664063
292 8.9071044921875
293 9.517402648925781
294 8.648902893066406
295 8.450401306152344
296 11.187904357910156
297 9.521598815917969
298 10.182502746582031
299 9.533897399902344
300 8.164299011230469
301 10.455299377441406
302 9.895095825195313
303 11.653106689453125
304 12.006706237792969
305 10.959701538085938
306 13.012298583984375
307 10.256698608398438
308 12.235397338867188
309 11.805397033691406
310 11.115997314453125
311 12.430000305175781
312 13.247604370117188
313 13.598899841308594
314 11.90960693359375
315 11.699203491210938
316 11.222702026367188
317 10.920097351074219
318 10.878494262695313
319 12.081001281738281
320 12.120597839355469
321 12.4468994140625
322 13.031501770019531
323 10.360099792480469
324 10.788101196289063
325 11.873199462890625
326 10.267204284667969
327 10.219291687011719
328 10.242401123046875
329 12.645103454589844
330 12.617103576660156
331 11.740196228027344
332 11.787498474121094
333 12.778099060058594
334 13.120796203613281
335 13.003700256347656
336 11.560302734375
337 10.416305541992188
338 12.517997741699219
339 12.894798278808594
340 13.122901916503906
341 11.853302001953125
342 10.515701293945313
343 8.718795776367188
344 8.595802307128906
345 8.805999755859375
346 9.501495361328125
347 9.382804870605469
348 9.401603698730469
349 9.117202758789063
350 10.365806579589844
351 10.205001831054688
352 9.355499267578125
353 9.776405334472656
354 9.397193908691406
355 11.681106567382813
356 11.722198486328125
357 11.348503112792969
358 11.885604858398438
359 9.159797668457031
360 12.190200805664063
361 12.092208862304688
362 11.889900207519531
363 12.039100646972656
364 12.645805358886719
365 12.869903564453125
366 11.692703247070313
367 11.588096618652344
368 10.709304809570313
369 10.4302978515625
370 12.1300048828125
371 12.664199829101563
372 12.542999267578125
373 12.824600219726563
374 12.22509765625
375 11.521797180175781
376 10.963600158691406
377 10.980094909667969
378 12.559501647949219
379 11.379096984863281
380 12.602302551269531
381 12.143394470214844
382 10.775306701660156
383 11.220603942871094
384 11.659599304199219
385 11.336395263671875
386 10.810699462890625
387 10.611305236816406
388 10.001808166503906
389 10.466201782226563
390 11.064201354980469
391 11.843795776367188
392 9.724601745605469
393 11.033897399902344
394 9.645301818847656
395 9.929702758789063
396 12.106605529785156
397 9.787696838378906
398 11.325592041015625
399 11.482505798339844
400 12.466903686523438
401 10.249404907226563
402 11.227500915527344
403 10.246391296386719
404 9.313400268554688
405 9.79620361328125
406 10.812400817871094
407 9.591804504394531
408 11.111000061035156
409 10.489906311035156
410 11.290901184082031
411 12.587104797363281
412 9.837501525878906
413 11.230606079101563
414 10.912399291992188
415 9.199409484863281
416 8.453399658203125
417 9.499794006347656
418 8.914100646972656
419 10.352798461914063
420 11.253700256347656
421 10.267593383789063
422 10.968101501464844
423 10.90679931640625
424 12.785499572753906
425 12.024101257324219
426 9.808296203613281
427 10.462303161621094
428 11.1427001953125
429 12.068000793457031
430 13.133995056152344
431 10.627098083496094
432 12.246002197265625
433 11.230003356933594
434 10.322601318359375
435 10.769805908203125
436 12.929100036621094
437 11.834304809570313
438 8.719497680664063
439 9.959197998046875
440 12.538597106933594
441 10.57659912109375
442 9.678604125976563
443 10.127105712890625
444 10.583602905273438
445 9.973197937011719
446 11.173500061035156
447 9.916099548339844
448 11.318603515625
449 10.630294799804688
450 10.913406372070313
451 10.470497131347656
452 11.763404846191406
453 12.185401916503906
454 12.369400024414063
455 9.939201354980469
456 11.359298706054688
457 12.28350830078125
458 11.605506896972656
459 9.675201416015625
460 8.734794616699219
461 8.54949951171875
462 10.219100952148438
463 9.414207458496094
464 7.569000244140625
465 8.713600158691406
466 7.94610595703125
467 9.786102294921875
468 12.009597778320313
469 13.46240234375
470 11.902099609375
471 10.250900268554688
472 11.067092895507813
473 10.372505187988281
474 10.520492553710938
475 9.666702270507813
476 11.531997680664063
477 9.586395263671875
478 9.7655029296875
479 9.602005004882813
480 9.039604187011719
481 9.277702331542969
482 9.209800720214844
483 9.159996032714844
484 11.036697387695313
485 12.042800903320313
486 10.358901977539063
487 10.029792785644531
488 10.592506408691406
489 12.689201354980469
490 11.990196228027344
491 11.363899230957031
492 12.010498046875
493 11.4927978515625
494 9.049201965332031
495 10.173896789550781
496 11.555801391601563
497 10.026504516601563
498 11.418601989746094
499 10.653999328613281
500 10.2080078125
