0 35.04560089111328
1 35.04560089111328
2 35.224700927734375
3 38.971107482910156
4 38.322792053222656
5 34.16020202636719
6 36.26850128173828
7 32.24859619140625
8 38.55060577392578
9 36.59320831298828
10 35.725303649902344
11 33.481300354003906
12 33.178993225097656
13 30.79400634765625
14 32.38819885253906
15 29.65180206298828
16 26.878204345703125
17 23.763694763183594
18 26.587799072265625
19 28.774703979492188
20 28.821197509765625
21 30.416900634765625
22 29.65190887451172
23 27.679298400878906
24 28.71410369873047
25 27.89020538330078
26 26.874603271484375
27 27.062606811523438
28 27.499000549316406
29 32.654205322265625
30 29.421005249023438
31 28.874298095703125
32 30.04071044921875
33 29.62110137939453
34 29.622207641601563
35 27.62060546875
36 28.24890899658203
37 27.563003540039063
38 29.348495483398438
39 25.8970947265625
40 26.241500854492188
41 29.19170379638672
42 27.9700927734375
43 28.476898193359375
44 29.169593811035156
45 30.376800537109375
46 27.676002502441406
47 27.649200439453125
48 28.376808166503906
49 27.356903076171875
50 28.67920684814453
51 27.114700317382813
52 26.887893676757813
53 26.69940948486328
54 29.005905151367188
55 28.36339569091797
56 27.540794372558594
57 28.76360321044922
58 29.351303100585938
59 29.872100830078125
60 28.837196350097656
61 29.34819793701172
62 30.502609252929688
63 30.920005798339844
64 29.772605895996094
65 30.993896484375
66 29.29900360107422
67 31.448501586914063
68 28.02020263671875
69 29.14990234375
70 31.246597290039063
71 28.360801696777344
72 28.117202758789063
73 28.881607055664063
74 28.834800720214844
75 28.96379852294922
76 27.85350799560547
77 28.258399963378906
78 28.74500274658203
79 26.9906005859375
80 28.73310089111328
81 29.627197265625
82 28.885498046875
83 26.497901916503906
84 28.05780029296875
85 28.492202758789063
86 29.728599548339844
87 30.06389617919922
88 28.83660125732422
89 28.634902954101563
90 27.809600830078125
91 27.323104858398438
92 26.59960174560547
93 27.465003967285156
94 27.2344970703125
95 26.682205200195313
96 25.79320526123047
97 26.763198852539063
98 27.59760284423828
99 28.77880859375
100 29.233901977539063
101 30.018592834472656
102 30.26270294189453
103 29.847503662109375
104 30.83770751953125
105 28.18109893798828
106 29.400100708007813
107 32.29719543457031
108 31.4873046875
109 31.259597778320313
110 28.46759796142578
111 31.394500732421875
112 30.61150360107422
113 30.76850128173828
114 30.104598999023438
115 29.568206787109375
116 28.43670654296875
117 26.93860626220703
118 27.771102905273438
119 27.395103454589844
120 29.011802673339844
121 26.977203369140625
122 28.015899658203125
123 30.162208557128906
124 29.70269775390625
125 28.89691162109375
126 31.908798217773438
127 29.447998046875
128 30.98919677734375
129 30.200096130371094
130 28.311904907226563
131 29.958908081054688
132 30.33649444580078
133 28.74200439453125
134 28.282508850097656
135 26.525901794433594
136 27.94910430908203
137 26.487396240234375
138 26.690505981445313
139 28.029296875
140 29.047401428222656
141 29.13079833984375
142 28.247100830078125
143 29.656898498535156
144 29.332801818847656
145 28.403305053710938
146 28.676498413085938
147 29.531394958496094
148 27.191604614257813
149 29.22710418701172
150 28.19659423828125
151 29.03130340576172
152 28.698997497558594
153 27.64929962158203
154 25.684608459472656
155 26.554702758789063
156 27.29149627685547
157 26.193405151367188
158 25.206298828125
159 24.130897521972656
160 26.205902099609375
161 25.066604614257813
162 24.574302673339844
163 22.154296875
164 23.675399780273438
165 23.21849822998047
166 27.30809783935547
167 26.230796813964844
168 27.275100708007813
169 24.74309539794922
170 28.37079620361328
171 29.222801208496094
172 29.233299255371094
173 30.44359588623047
174 26.437705993652344
175 26.88330078125
176 26.684295654296875
177 28.038192749023438
178 27.521102905273438
179 27.609100341796875
180 23.5166015625
181 25.87940216064453
182 26.899200439453125
183 26.893707275390625
184 25.44720458984375
185 27.57579803466797
186 27.35930633544922
187 27.828697204589844
188 27.88190460205078
189 23.447799682617188
190 24.25640106201172
191 24.569900512695313
192 23.66339874267578
193 20.90850067138672
194 24.32030487060547
195 24.686599731445313
196 24.677108764648438
197 24.273208618164063
198 21.358200073242188
199 24.76000213623047
200 26.760406494140625
201 26.155296325683594
202 26.93799591064453
203 25.817100524902344
204 26.13470458984375
205 26.577598571777344
206 25.43311309814453
207 23.9873046875
208 24.735702514648438
209 26.8052978515625
210 25.3450927734375
211 24.755096435546875
212 25.385093688964844
213 25.33599853515625
214 26.64740753173828
215 26.56580352783203
216 23.472610473632813
217 24.527000427246094
218 26.991004943847656
219 25.17560577392578
220 25.465499877929688
221 24.453399658203125
222 26.09429931640625
223 24.455902099609375
224 25.162506103515625
225 23.392608642578125
226 23.595504760742188
227 23.96080780029297
228 22.75310516357422
229 23.772010803222656
230 24.430702209472656
231 24.33489990234375
232 24.541091918945313
233 23.06220245361328
234 25.700706481933594
235 20.842002868652344
236 24.947998046875
237 23.785598754882813
238 25.80559539794922
239 25.844802856445313
240 27.069992065429688
241 26.885902404785156
242 26.65399932861328
243 25.6697998046875
244 28.28899383544922
245 27.61669921875
246 26.6510009765625
247 26.26850128173828
248 26.722000122070313
249 25.334808349609375
250 22.924705505371094
251 24.34130096435547
252 27.022605895996094
253 23.698501586914063
254 22.157699584960938
255 24.38249969482422
256 23.2384033203125
257 24.030906677246094
258 22.777099609375
259 25.61510467529297
260 24.428199768066406
261 25.54730224609375
262 23.413597106933594
263 23.568504333496094
264 25.08770751953125
265 25.61309814453125
266 25.744796752929688
267 26.61920166015625
268 23.69139862060547
269 26.487403869628906
270 26.102706909179688
271 25.171798706054688
272 25.56330108642578
273 26.28411102294922
274 25.431602478027344
275 23.71600341796875
276 24.81110382080078
277 26.051902770996094
278 26.176101684570313
279 24.10400390625
280 25.090805053710938
281 24.48870086669922
282 25.12030792236328
283 25.18260955810547
284 25.93359375
285 26.213699340820313
286 24.644805908203125
287 23.685501098632813
288 24.498306274414063
289 26.923500061035156
290 26.37470245361328
291 25.589500427246094
292 23.857101440429688
293 26.437408447265625
294 24.408905029296875
295 25.310401916503906
296 25.057899475097656
297 25.121604919433594
298 25.392501831054688
299 23.893898010253906
300 22.864303588867188
301 25.30530548095703
302 24.265098571777344
303 25.50310516357422
304 26.00670623779297
305 25.349700927734375
306 26.892303466796875
307 24.326705932617188
308 26.515403747558594
309 25.46540069580078
310 24.805999755859375
311 23.70000457763672
312 28.087608337402344
313 27.18889617919922
314 25.609603881835938
315 26.29920196533203
316 24.492698669433594
317 23.310096740722656
318 23.348495483398438
319 25.751007080078125
320 26.48059844970703
321 25.866905212402344
322 25.931503295898438
323 24.620101928710938
324 25.41809844970703
325 24.933197021484375
326 24.32720184326172
327 24.569297790527344
328 25.77239990234375
329 26.885101318359375
330 27.007095336914063
331 26.130203247070313
332 27.587493896484375
333 26.878097534179688
334 28.100799560546875
335 27.133697509765625
336 26.00030517578125
337 24.116302490234375
338 27.297996520996094
339 27.284805297851563
340 26.562904357910156
341 27.88330078125
342 26.89569854736328
343 24.358802795410156
344 23.665802001953125
345 24.26599884033203
346 24.421493530273438
347 24.05280303955078
348 23.63159942626953
349 23.7572021484375
350 24.12580108642578
351 23.084999084472656
352 23.365501403808594
353 23.706405639648438
354 24.827194213867188
355 26.531112670898438
356 26.722206115722656
357 26.048500061035156
358 23.265609741210938
359 23.569793701171875
360 25.70020294189453
361 23.962203979492188
362 24.669898986816406
363 24.18909454345703
364 26.595802307128906
365 26.919906616210938
366 25.502700805664063
367 23.378097534179688
368 24.679298400878906
369 26.55030059814453
370 26.080001831054688
371 26.794204711914063
372 25.172996520996094
373 26.614601135253906
374 24.765106201171875
375 24.941802978515625
376 25.75360107421875
377 27.28009796142578
378 29.069503784179688
379 25.33910369873047
380 26.902305603027344
381 27.373397827148438
382 25.535308837890625
383 28.31060028076172
384 27.569602966308594
385 25.30640411376953
386 25.22069549560547
387 23.511306762695313
388 23.431800842285156
389 24.896194458007813
390 26.44420623779297
391 23.95380401611328
392 25.15460205078125
393 26.713897705078125
394 25.37530517578125
395 24.74970245361328
396 26.746604919433594
397 23.37769317626953
398 25.455596923828125
399 24.50250244140625
400 24.75690460205078
401 24.58940887451172
402 25.74750518798828
403 23.23639678955078
404 25.083404541015625
405 24.576202392578125
406 24.28240203857422
407 23.611801147460938
408 27.181007385253906
409 26.689903259277344
410 26.54090118408203
411 27.697097778320313
412 25.907501220703125
413 24.020599365234375
414 22.982398986816406
415 23.63941192626953
416 20.703392028808594
417 23.809791564941406
418 23.9541015625
419 24.43280029296875
420 25.943695068359375
421 25.04759979248047
422 25.288108825683594
423 25.14679718017578
424 28.975502014160156
425 27.07410430908203
426 25.028305053710938
427 24.54230499267578
428 24.862701416015625
429 25.08800506591797
430 25.524002075195313
431 24.887100219726563
432 26.535995483398438
433 25.960006713867188
434 26.012603759765625
435 27.069801330566406
436 28.309097290039063
437 27.504310607910156
438 25.069496154785156
439 26.009193420410156
440 27.328598022460938
441 25.126602172851563
442 25.268600463867188
443 24.947105407714844
444 27.113609313964844
445 25.673194885253906
446 25.883499145507813
447 24.166107177734375
448 25.838600158691406
449 25.090293884277344
450 24.62340545654297
451 23.31049346923828
452 25.213401794433594
453 26.995399475097656
454 26.18939971923828
455 24.889198303222656
456 26.03929901123047
457 26.383499145507813
458 26.485504150390625
459 23.885208129882813
460 23.22479248046875
461 23.099502563476563
462 24.689109802246094
463 25.38420867919922
464 22.768997192382813
465 22.513595581054688
466 23.06610107421875
467 25.606094360351563
468 28.069602966308594
469 27.302398681640625
470 26.112106323242188
471 26.250892639160156
472 25.96709442138672
473 25.00250244140625
474 25.14049530029297
475 25.156707763671875
476 24.881996154785156
477 22.586395263671875
478 24.385498046875
479 24.322006225585938
480 23.489601135253906
481 23.347702026367188
482 22.769798278808594
483 24.23999786376953
484 26.416709899902344
485 25.762802124023438
486 24.948898315429688
487 24.309799194335938
488 23.032501220703125
489 26.839202880859375
490 25.750205993652344
491 26.263893127441406
492 26.870506286621094
493 26.67279815673828
494 24.2991943359375
495 24.63390350341797
496 27.055801391601563
497 25.85650634765625
498 25.408599853515625
499 25.2239990234375
500 24.468002319335938
