0 33.79560089111328
1 33.79560089111328
2 31.474700927734375
3 34.09111022949219
4 36.72279357910156
5 32.550201416015625
6 34.82849884033203
7 30.30859375
8 36.80060577392578
9 35.64320373535156
10 34.06529998779297
11 35.231300354003906
12 32.42900085449219
13 32.66400146484375
14 36.20819854736328
15 33.02180480957031
16 31.34819793701172
17 28.47370147705078
18 28.36780548095703
19 30.81470489501953
20 28.431190490722656
21 30.356895446777344
22 30.951904296875
23 28.049293518066406
24 29.854095458984375
25 29.20020294189453
26 28.124603271484375
27 27.632598876953125
28 27.65900421142578
29 30.894203186035156
30 28.070999145507813
31 27.574295043945313
32 27.52069854736328
33 27.32109832763672
34 27.19219970703125
35 25.540603637695313
36 27.298904418945313
37 26.283004760742188
38 28.288497924804688
39 25.577102661132813
40 24.371505737304688
41 27.891708374023438
42 25.810096740722656
43 26.14690399169922
44 27.4696044921875
45 27.606796264648438
46 25.33599853515625
47 25.48919677734375
48 27.58679962158203
49 26.776901245117188
50 28.23919677734375
51 25.51470184326172
52 26.207901000976563
53 25.929397583007813
54 28.285903930664063
55 28.54340362548828
56 27.780792236328125
57 29.163604736328125
58 27.53130340576172
59 29.252105712890625
60 26.457199096679688
61 28.41820526123047
62 28.152603149414063
63 27.98999786376953
64 26.21259307861328
65 28.893898010253906
66 28.708999633789063
67 28.71849822998047
68 27.08020782470703
69 28.369895935058594
70 27.406600952148438
71 23.970802307128906
72 24.11719512939453
73 25.601600646972656
74 26.564796447753906
75 27.243797302246094
76 26.77349853515625
77 27.768394470214844
78 28.915008544921875
79 27.630599975585938
80 28.073104858398438
81 28.5072021484375
82 27.965499877929688
83 25.60790252685547
84 26.98779296875
85 27.01219940185547
86 28.988601684570313
87 29.73389434814453
88 28.50659942626953
89 27.59490203857422
90 26.70960235595703
91 25.36310577392578
92 25.71959686279297
93 27.294998168945313
94 27.094497680664063
95 27.00220489501953
96 25.173202514648438
97 26.783203125
98 26.817604064941406
99 26.44879913330078
100 29.523895263671875
101 30.55859375
102 32.422706604003906
103 29.827499389648438
104 32.7677001953125
105 29.661102294921875
106 30.650100708007813
107 34.51719665527344
108 30.59729766845703
109 32.069602966308594
110 29.507598876953125
111 29.904502868652344
112 30.391502380371094
113 30.5885009765625
114 28.744606018066406
115 29.748199462890625
116 28.296707153320313
117 26.868606567382813
118 27.20110321044922
119 27.465103149414063
120 28.841796875
121 27.717193603515625
122 28.85589599609375
123 28.832199096679688
124 28.47270965576172
125 26.986907958984375
126 30.96880340576172
127 29.128005981445313
128 31.159202575683594
129 29.260093688964844
130 27.901901245117188
131 28.408897399902344
132 30.026504516601563
133 29.472000122070313
134 28.572509765625
135 27.905899047851563
136 28.219093322753906
137 28.14739990234375
138 26.1304931640625
139 31.119293212890625
140 31.32740020751953
141 31.900802612304688
142 31.857101440429688
143 32.226898193359375
144 29.512802124023438
145 29.64330291748047
146 29.896499633789063
147 30.201400756835938
148 29.251609802246094
149 30.487106323242188
150 31.026596069335938
151 30.22130584716797
152 29.83899688720703
153 29.359298706054688
154 27.39459991455078
155 29.284698486328125
156 28.271507263183594
157 28.083404541015625
158 27.846298217773438
159 27.210906982421875
160 29.885894775390625
161 26.656600952148438
162 28.894302368164063
163 28.444305419921875
164 28.27539825439453
165 26.748497009277344
166 30.42810821533203
167 29.32080078125
168 29.97510528564453
169 29.193099975585938
170 31.170806884765625
171 32.88280487060547
172 30.683303833007813
173 31.443603515625
174 28.307708740234375
175 27.963302612304688
176 27.204299926757813
177 29.018203735351563
178 28.671096801757813
179 28.869102478027344
180 26.95659637451172
181 28.349403381347656
182 28.969200134277344
183 28.4237060546875
184 28.31719970703125
185 27.76580047607422
186 29.10930633544922
187 30.42870330810547
188 29.601905822753906
189 26.727798461914063
190 27.99640655517578
191 26.469894409179688
192 26.393409729003906
193 24.748497009277344
194 26.760299682617188
195 28.00659942626953
196 26.6571044921875
197 27.97320556640625
198 27.408203125
199 28.51000213623047
200 30.110397338867188
201 28.31529998779297
202 27.287994384765625
203 28.507102966308594
204 28.51470947265625
205 28.84760284423828
206 28.413101196289063
207 26.897293090820313
208 27.20569610595703
209 29.99530029296875
210 27.385101318359375
211 29.04510498046875
212 28.375099182128906
213 27.685997009277344
214 29.127410888671875
215 28.805801391601563
216 25.692596435546875
217 28.43700408935547
218 28.051002502441406
219 25.915603637695313
220 24.69550323486328
221 26.203399658203125
222 27.42430877685547
223 25.67591094970703
224 26.662498474121094
225 25.142608642578125
226 25.175498962402344
227 24.430801391601563
228 23.833106994628906
229 26.092002868652344
230 26.200698852539063
231 26.09490203857422
232 26.171096801757813
233 25.842201232910156
234 27.34070587158203
235 24.332000732421875
236 27.537994384765625
237 24.385604858398438
238 26.80559539794922
239 26.24480438232422
240 27.23999786376953
241 26.78589630126953
242 26.86400604248047
243 25.9197998046875
244 27.21900177001953
245 26.656692504882813
246 26.881004333496094
247 25.64850616455078
248 27.052001953125
249 27.884796142578125
250 23.13470458984375
251 26.08130645751953
252 28.22260284423828
253 26.27849578857422
254 25.5277099609375
255 27.55249786376953
256 25.138397216796875
257 27.37090301513672
258 26.637107849121094
259 28.155105590820313
260 26.688201904296875
261 27.087295532226563
262 26.023597717285156
263 27.15850067138672
264 26.38770294189453
265 25.093101501464844
266 26.094802856445313
267 24.219200134277344
268 22.911392211914063
269 25.83739471435547
270 24.57269287109375
271 24.821800231933594
272 26.403305053710938
273 25.744102478027344
274 24.0115966796875
275 22.33599853515625
276 23.241104125976563
277 25.491905212402344
278 23.866104125976563
279 23.15399932861328
280 23.32080078125
281 23.42870330810547
282 23.030311584472656
283 23.97260284423828
284 23.023597717285156
285 22.633705139160156
286 21.184799194335938
287 20.665504455566406
288 22.528297424316406
289 25.563507080078125
290 25.4447021484375
291 23.59949493408203
292 22.557098388671875
293 23.627403259277344
294 23.81890106201172
295 23.48040008544922
296 25.827896118164063
297 24.58160400390625
298 25.362503051757813
299 22.833900451660156
300 21.994300842285156
301 23.99529266357422
302 23.825096130371094
303 24.54309844970703
304 25.336700439453125
305 24.469703674316406
306 27.252304077148438
307 23.026702880859375
308 25.495407104492188
309 24.625396728515625
310 25.566001892089844
311 26.300003051757813
312 27.007606506347656
313 26.278900146484375
314 24.7196044921875
315 25.729202270507813
316 23.362701416015625
317 23.890098571777344
318 23.808502197265625
319 26.451004028320313
320 25.69060516357422
321 25.746902465820313
322 26.931503295898438
323 25.16009521484375
324 25.4381103515625
325 27.123207092285156
326 24.68720245361328
327 25.889297485351563
328 24.482398986816406
329 26.885101318359375
330 26.677101135253906
331 26.53020477294922
332 25.737503051757813
333 26.508102416992188
334 27.82079315185547
335 27.36370086669922
336 26.30030059814453
337 24.02630615234375
338 26.947998046875
339 27.47480010986328
340 27.632904052734375
341 26.343299865722656
342 24.745697021484375
343 23.018798828125
344 23.165794372558594
345 22.08599853515625
346 23.801498413085938
347 23.152801513671875
348 23.83160400390625
349 22.24720001220703
350 24.50580596923828
351 23.06500244140625
352 22.635498046875
353 22.676406860351563
354 23.217201232910156
355 24.651100158691406
356 24.74219512939453
357 25.068496704101563
358 25.095603942871094
359 23.249801635742188
360 24.670204162597656
361 23.962203979492188
362 26.02989959716797
363 24.979103088378906
364 25.935806274414063
365 28.349899291992188
366 25.13269805908203
367 23.74810028076172
368 25.189300537109375
369 25.010292053222656
370 25.990005493164063
371 24.80419921875
372 25.043006896972656
373 26.744598388671875
374 25.53509521484375
375 24.65179443359375
376 24.223602294921875
377 25.86009979248047
378 26.49950408935547
379 23.38910675048828
380 26.572303771972656
381 25.47339630126953
382 25.00530242919922
383 25.580604553222656
384 25.819595336914063
385 25.25640106201172
386 25.04070281982422
387 24.071304321289063
388 24.991806030273438
389 25.48619842529297
390 26.12419891357422
391 26.733802795410156
392 24.604598999023438
393 26.05390167236328
394 25.0552978515625
395 24.719703674316406
396 26.866607666015625
397 24.19770050048828
398 25.755599975585938
399 25.982505798339844
400 27.70690155029297
401 25.539398193359375
402 25.44750213623047
403 23.776405334472656
404 24.783409118652344
405 24.11620330810547
406 25.682403564453125
407 23.191802978515625
408 24.381004333496094
409 24.64990234375
410 25.560897827148438
411 26.817108154296875
412 24.4375
413 25.230606079101563
414 24.172401428222656
415 23.299400329589844
416 21.49340057373047
417 24.509796142578125
418 23.40410614013672
419 24.702796936035156
420 25.393692016601563
421 24.377601623535156
422 24.54810333251953
423 24.28679656982422
424 26.15550994873047
425 25.20409393310547
426 22.598304748535156
427 23.24230194091797
428 25.502700805664063
429 25.928001403808594
430 25.66400146484375
431 24.95709991455078
432 26.58599853515625
433 25.459999084472656
434 23.23260498046875
435 25.03980255126953
436 28.479103088378906
437 26.90430450439453
438 22.86949920654297
439 24.969200134277344
440 27.24860382080078
441 24.416595458984375
442 24.898605346679688
443 24.537109375
444 24.80359649658203
445 24.563194274902344
446 25.443504333496094
447 23.82610321044922
448 25.208602905273438
449 25.80030059814453
450 24.573402404785156
451 23.32049560546875
452 26.773399353027344
453 27.035400390625
454 26.109405517578125
455 24.339195251464844
456 25.799301147460938
457 26.823509216308594
458 25.6455078125
459 23.735206604003906
460 21.884796142578125
461 23.129501342773438
462 23.929107666015625
463 23.774200439453125
464 22.65899658203125
465 23.31359100341797
466 22.796104431152344
467 24.556106567382813
468 26.379600524902344
469 26.70240020751953
470 26.16210174560547
471 25.35089874267578
472 25.96709442138672
473 25.532508850097656
474 24.38050079345703
475 24.86670684814453
476 24.581993103027344
477 22.076400756835938
478 23.70549774169922
479 23.192001342773438
480 23.729598999023438
481 23.997703552246094
482 24.41979217529297
483 22.93000030517578
484 25.05670166015625
485 26.06279754638672
486 24.19890594482422
487 22.189804077148438
488 21.81250762939453
489 26.289199829101563
490 26.360206604003906
491 25.283897399902344
492 25.780502319335938
493 25.382797241210938
494 23.349205017089844
495 24.603904724121094
496 26.57579803466797
497 25.426498413085938
498 25.268600463867188
499 24.61400604248047
500 23.69800567626953
