0 36.92559814453125
1 36.92560577392578
2 34.854698181152344
3 36.68110656738281
4 36.06279754638672
5 32.740203857421875
6 34.688499450683594
7 32.79859924316406
8 38.12060546875
9 38.063209533691406
10 34.69529724121094
11 36.941307067871094
12 35.27899932861328
13 35.704002380371094
14 37.438201904296875
15 35.101806640625
16 33.64820861816406
17 31.03369903564453
18 31.357803344726563
19 32.914703369140625
20 30.05120086669922
21 31.206893920898438
22 30.58190155029297
23 28.929298400878906
24 30.244102478027344
25 29.26020050048828
26 28.454605102539063
27 28.442604064941406
28 28.23900604248047
29 30.894203186035156
30 29.781005859375
31 27.774307250976563
32 27.720703125
33 27.781097412109375
34 27.272201538085938
35 27.100601196289063
36 28.078903198242188
37 27.753005981445313
38 29.44849395751953
39 26.917098999023438
40 24.751510620117188
41 28.971702575683594
42 27.30010223388672
43 26.4468994140625
44 26.679603576660156
45 26.58679962158203
46 26.116004943847656
47 26.909202575683594
48 28.176803588867188
49 27.976898193359375
50 28.61920166015625
51 25.93470001220703
52 26.607894897460938
53 26.049400329589844
54 28.765899658203125
55 29.903404235839844
56 29.600799560546875
57 29.583602905273438
58 29.001304626464844
59 27.952102661132813
60 25.86719512939453
61 28.548194885253906
62 28.22260284423828
63 28.520004272460938
64 26.54259490966797
65 28.43389892578125
66 28.708999633789063
67 29.068496704101563
68 28.64019775390625
69 27.549896240234375
70 28.236602783203125
71 24.71080780029297
72 24.18719482421875
73 26.221603393554688
74 27.594802856445313
75 27.08380126953125
76 27.573509216308594
77 28.67839813232422
78 28.535003662109375
79 26.830596923828125
80 27.893096923828125
81 29.357200622558594
82 27.82550048828125
83 27.017898559570313
84 27.717796325683594
85 27.592208862304688
86 29.418601989746094
87 28.953895568847656
88 28.736602783203125
89 28.71489715576172
90 26.639602661132813
91 26.18309783935547
92 26.009597778320313
93 28.134994506835938
94 27.654495239257813
95 26.032203674316406
96 26.193206787109375
97 27.97320556640625
98 27.03760528564453
99 27.068801879882813
100 29.763900756835938
101 31.228599548339844
102 32.47270202636719
103 29.69750213623047
104 32.547706604003906
105 30.161102294921875
106 31.720108032226563
107 35.287200927734375
108 31.537307739257813
109 32.429595947265625
110 30.54759979248047
111 31.524497985839844
112 30.29149627685547
113 30.788497924804688
114 28.14459991455078
115 29.438201904296875
116 28.406700134277344
117 26.848594665527344
118 26.391098022460938
119 25.92510223388672
120 27.52179718017578
121 26.927200317382813
122 27.7958984375
123 28.002197265625
124 28.242698669433594
125 26.796905517578125
126 29.988807678222656
127 28.108001708984375
128 31.04920196533203
129 28.010093688964844
130 26.94190216064453
131 27.548904418945313
132 29.236495971679688
133 28.532005310058594
134 30.00250244140625
135 29.23590850830078
136 28.669097900390625
137 27.417404174804688
138 26.090499877929688
139 30.1492919921875
140 30.307403564453125
141 29.82080078125
142 29.66710662841797
143 31.056907653808594
144 31.18280792236328
145 30.843299865722656
146 30.34649658203125
147 30.80139923095703
148 28.69159698486328
149 30.497100830078125
150 31.296600341796875
151 31.581298828125
152 30.64899444580078
153 29.009307861328125
154 27.624595642089844
155 30.43470001220703
156 28.991500854492188
157 27.97339630126953
158 28.876304626464844
159 28.630897521972656
160 30.85589599609375
161 28.606605529785156
162 28.824302673339844
163 28.754310607910156
164 30.935401916503906
165 29.64849853515625
166 31.67810821533203
167 30.25080108642578
168 30.635101318359375
169 30.193099975585938
170 32.74079895019531
171 32.902801513671875
172 30.993301391601563
173 31.593597412109375
174 28.08770751953125
175 28.343299865722656
176 27.124305725097656
177 29.248199462890625
178 29.93109893798828
179 29.369110107421875
180 27.846603393554688
181 30.089401245117188
182 29.329200744628906
183 28.60369873046875
184 27.7471923828125
185 27.905799865722656
186 29.799293518066406
187 29.688697814941406
188 30.361900329589844
189 28.167800903320313
190 29.096405029296875
191 27.429893493652344
192 27.79340362548828
193 26.20849609375
194 27.69029998779297
195 29.406600952148438
196 27.797096252441406
197 28.993202209472656
198 28.268203735351563
199 28.790000915527344
200 30.770401000976563
201 29.535301208496094
202 28.807998657226563
203 29.83709716796875
204 30.6947021484375
205 30.247604370117188
206 29.74311065673828
207 28.027297973632813
208 29.555702209472656
209 31.595298767089844
210 30.375099182128906
211 30.325096130371094
212 30.245094299316406
213 29.566009521484375
214 30.617408752441406
215 30.20580291748047
216 26.55260467529297
217 29.97699737548828
218 30.28099822998047
219 28.565597534179688
220 27.62549591064453
221 27.893402099609375
222 29.804306030273438
223 28.505905151367188
224 29.542503356933594
225 27.34259796142578
226 27.675498962402344
227 26.50080108642578
228 28.11309814453125
229 28.292007446289063
230 29.540695190429688
231 28.39490509033203
232 27.051101684570313
233 28.912200927734375
234 30.02069854736328
235 27.052001953125
236 29.158004760742188
237 27.68560791015625
238 29.145591735839844
239 26.98480987548828
240 29.49999237060547
241 28.7958984375
242 29.834007263183594
243 28.139801025390625
244 29.95899200439453
245 29.156692504882813
246 28.930999755859375
247 27.01850128173828
248 30.061996459960938
249 30.384796142578125
250 26.62470245361328
251 28.04131317138672
252 30.772605895996094
253 28.998497009277344
254 27.45770263671875
255 30.05249786376953
256 27.98839569091797
257 29.68090057373047
258 28.78710174560547
259 30.015098571777344
260 29.09820556640625
261 28.627304077148438
262 27.923599243164063
263 29.428504943847656
264 29.237701416015625
265 26.37310028076172
266 28.0447998046875
267 24.889205932617188
268 25.101402282714844
269 27.127395629882813
270 26.562698364257813
271 25.66179656982422
272 28.01329803466797
273 28.344100952148438
274 25.931602478027344
275 23.88599395751953
276 24.31110382080078
277 27.58190155029297
278 25.13610076904297
279 25.143997192382813
280 25.660797119140625
281 25.21869659423828
282 25.640304565429688
283 25.67259979248047
284 24.50360107421875
285 24.453704833984375
286 23.584808349609375
287 22.875503540039063
288 23.398300170898438
289 27.22350311279297
290 27.304702758789063
291 25.769500732421875
292 24.66710662841797
293 24.927406311035156
294 24.658897399902344
295 23.97039031982422
296 26.90789794921875
297 25.611602783203125
298 25.982505798339844
299 24.67389678955078
300 23.66429901123047
301 25.93529510498047
302 25.35509490966797
303 26.603103637695313
304 27.426712036132813
305 26.07970428466797
306 29.29229736328125
307 25.4967041015625
308 27.615402221679688
309 27.675399780273438
310 26.70600128173828
311 27.460006713867188
312 28.10760498046875
313 29.028892517089844
314 26.729598999023438
315 26.92919921875
316 25.84270477294922
317 26.200103759765625
318 25.248497009277344
319 27.071006774902344
320 26.640609741210938
321 27.156906127929688
322 27.711502075195313
323 24.86009979248047
324 25.648101806640625
325 27.373199462890625
326 25.727195739746094
327 26.449295043945313
328 25.172393798828125
329 28.325103759765625
330 28.057106018066406
331 26.840194702148438
332 27.3074951171875
333 27.23809814453125
334 28.70079803466797
335 28.373703002929688
336 26.280303955078125
337 25.566299438476563
338 28.01800537109375
339 27.824806213378906
340 27.54290771484375
341 26.613304138183594
342 24.855697631835938
343 22.83879852294922
344 24.045799255371094
345 22.795997619628906
346 24.691497802734375
347 24.472801208496094
348 25.231597900390625
349 24.99720001220703
350 26.105804443359375
351 25.214996337890625
352 24.70549774169922
353 24.4364013671875
354 25.647201538085938
355 27.551101684570313
356 27.282203674316406
357 26.84850311279297
358 26.915603637695313
359 25.249794006347656
360 27.480194091796875
361 26.712196350097656
362 27.499900817871094
363 26.939102172851563
364 27.555801391601563
365 28.799903869628906
366 27.342697143554688
367 26.198104858398438
368 26.47930145263672
369 26.890304565429688
370 27.470001220703125
371 27.404197692871094
372 27.553001403808594
373 28.964599609375
374 28.395103454589844
375 26.741790771484375
376 27.083602905273438
377 26.590103149414063
378 27.739501953125
379 26.179107666015625
380 27.92230987548828
381 26.643402099609375
382 26.085304260253906
383 26.17060089111328
384 28.059600830078125
385 26.406402587890625
386 27.000701904296875
387 26.751304626464844
388 25.701805114746094
389 25.996200561523438
390 25.774208068847656
391 27.673797607421875
392 25.444602966308594
393 26.773902893066406
394 25.655303955078125
395 26.109703063964844
396 28.32660675048828
397 25.63770294189453
398 27.025596618652344
399 27.06250762939453
400 28.526901245117188
401 25.969406127929688
402 27.24750518798828
403 26.42639923095703
404 24.98340606689453
405 25.11620330810547
406 26.252403259277344
407 24.591796875
408 25.511001586914063
409 26.309906005859375
410 26.9208984375
411 27.437095642089844
412 25.397499084472656
413 26.470603942871094
414 26.01239776611328
415 25.359405517578125
416 24.11339569091797
417 26.759796142578125
418 25.004104614257813
419 26.132797241210938
420 27.313697814941406
421 26.017593383789063
422 27.04810333251953
423 27.706802368164063
424 28.175498962402344
425 26.364097595214844
426 23.528305053710938
427 24.662307739257813
428 26.782699584960938
429 27.7080078125
430 27.843994140625
431 26.857101440429688
432 28.255996704101563
433 27.800003051757813
434 26.502601623535156
435 26.5498046875
436 29.309104919433594
437 27.334304809570313
438 25.009498596191406
439 26.47919464111328
440 28.9486083984375
441 26.216598510742188
442 25.638595581054688
443 26.08710479736328
444 25.87360382080078
445 25.193199157714844
446 26.073501586914063
447 25.95610809326172
448 27.228607177734375
449 27.520301818847656
450 26.883407592773438
451 25.960494995117188
452 28.903404235839844
453 27.85540008544922
454 28.359397888183594
455 24.92919921875
456 26.929298400878906
457 27.89350128173828
458 27.125503540039063
459 25.305198669433594
460 23.964797973632813
461 24.269508361816406
462 25.38910675048828
463 24.92420196533203
464 23.64899444580078
465 24.55359649658203
466 23.396102905273438
467 25.606094360351563
468 27.32959747314453
469 27.89239501953125
470 27.232101440429688
471 26.87090301513672
472 27.367095947265625
473 27.022506713867188
474 26.400497436523438
475 26.4967041015625
476 27.10199737548828
477 24.326400756835938
478 25.125503540039063
479 24.202003479003906
480 24.58960723876953
481 24.96770477294922
482 25.899803161621094
483 24.259994506835938
484 27.25670623779297
485 26.882797241210938
486 25.67890167236328
487 24.60979461669922
488 24.45250701904297
489 27.42920684814453
490 26.930206298828125
491 26.6138916015625
492 27.46050262451172
493 26.532798767089844
494 24.449203491210938
495 26.18389892578125
496 25.865798950195313
497 25.66650390625
498 26.048606872558594
499 25.454002380371094
500 25.368003845214844
