0 24.755599975585938
1 24.755599975585938
2 25.594703674316406
3 27.351104736328125
4 27.12279510498047
5 21.65019989013672
6 24.298507690429688
7 20.578598022460938
8 25.440597534179688
9 24.313209533691406
10 23.165298461914063
11 22.53131103515625
12 21.628997802734375
13 19.60399627685547
14 22.428199768066406
15 18.73180389404297
16 16.758201599121094
17 13.543708801269531
18 14.497802734375
19 16.834701538085938
20 16.42120361328125
21 17.63690185546875
22 18.171897888183594
23 16.549301147460938
24 17.214096069335938
25 17.860198974609375
26 15.564605712890625
27 16.622596740722656
28 16.90900421142578
29 20.974205017089844
30 17.511001586914063
31 17.994293212890625
32 17.320701599121094
33 16.7510986328125
34 16.592201232910156
35 14.510604858398438
36 16.12889862060547
37 15.173004150390625
38 16.728500366210938
39 14.547096252441406
40 13.411506652832031
41 16.80170440673828
42 15.590095520019531
43 15.346908569335938
44 19.289596557617188
45 19.686798095703125
46 16.416000366210938
47 17.17919921875
48 17.626800537109375
49 16.126907348632813
50 16.73920440673828
51 15.50469970703125
52 15.637893676757813
53 15.479400634765625
54 17.705902099609375
55 16.823402404785156
56 15.650794982910156
57 17.00360107421875
58 17.911300659179688
59 18.802108764648438
60 19.027198791503906
61 19.188201904296875
62 19.332603454589844
63 18.430007934570313
64 19.35259246826172
65 21.703903198242188
66 19.35900115966797
67 20.158493041992188
68 17.160202026367188
69 17.909896850585938
70 18.82659912109375
71 17.280799865722656
72 15.857200622558594
73 16.861595153808594
74 16.894798278808594
75 16.76380157470703
76 16.003501892089844
77 15.478401184082031
78 17.36499786376953
79 15.540603637695313
80 17.423095703125
81 17.427200317382813
82 17.415504455566406
83 14.907905578613281
84 16.657798767089844
85 16.592201232910156
86 17.388595581054688
87 18.273902893066406
88 16.38660430908203
89 16.16490936279297
90 15.569602966308594
91 14.763099670410156
92 13.719596862792969
93 14.734992980957031
94 13.934501647949219
95 14.532203674316406
96 13.233200073242188
97 14.173202514648438
98 14.717597961425781
99 16.038803100585938
100 17.653907775878906
101 17.288597106933594
102 17.372703552246094
103 16.73749542236328
104 17.807708740234375
105 15.681098937988281
106 16.42009735107422
107 19.81719970703125
108 19.11730194091797
109 19.119598388671875
110 15.967597961425781
111 19.29450225830078
112 18.29150390625
113 18.27850341796875
114 19.314598083496094
115 17.508201599121094
116 16.42670440673828
117 16.42859649658203
118 16.82109832763672
119 16.215103149414063
120 17.40180206298828
121 15.987205505371094
122 17.645904541015625
123 18.37220001220703
124 17.22270965576172
125 16.476898193359375
126 19.378799438476563
127 18.7080078125
128 19.61920166015625
129 17.700096130371094
130 16.931900024414063
131 18.538902282714844
132 19.186500549316406
133 16.632003784179688
134 16.232505798339844
135 15.315902709960938
136 14.879096984863281
137 14.197402954101563
138 13.95050048828125
139 14.729293823242188
140 16.08739471435547
141 15.420806884765625
142 14.71710205078125
143 16.14690399169922
144 15.622802734375
145 14.713302612304688
146 14.196502685546875
147 16.471397399902344
148 14.061599731445313
149 15.677101135253906
150 14.606597900390625
151 15.65130615234375
152 14.619003295898438
153 14.369293212890625
154 13.3446044921875
155 14.424697875976563
156 14.321502685546875
157 14.003402709960938
158 12.096298217773438
159 11.5509033203125
160 13.505897521972656
161 11.316604614257813
162 12.584297180175781
163 10.7843017578125
164 11.445396423339844
165 10.968498229980469
166 13.988105773925781
167 12.890800476074219
168 14.455101013183594
169 12.663093566894531
170 15.060806274414063
171 15.952796936035156
172 15.743301391601563
173 16.603599548339844
174 13.057701110839844
175 13.82330322265625
176 13.774307250976563
177 15.378196716308594
178 13.851104736328125
179 13.919105529785156
180 11.386604309082031
181 12.869400024414063
182 13.649200439453125
183 13.623695373535156
184 12.347198486328125
185 13.985794067382813
186 14.269302368164063
187 14.778694152832031
188 14.611907958984375
189 10.677803039550781
190 10.946403503417969
191 10.569900512695313
192 11.043403625488281
193 9.448493957519531
194 10.710296630859375
195 12.156600952148438
196 12.317108154296875
197 11.893203735351563
198 9.738204956054688
199 12.120002746582031
200 13.790397644042969
201 13.515304565429688
202 13.367996215820313
203 12.757095336914063
204 13.174697875976563
205 13.117599487304688
206 12.393104553222656
207 10.517303466796875
208 11.275703430175781
209 13.435295104980469
210 12.245094299316406
211 12.585105895996094
212 13.03509521484375
213 11.786003112792969
214 14.117401123046875
215 13.045806884765625
216 11.052597045898438
217 12.48699951171875
218 13.430999755859375
219 11.295600891113281
220 10.69549560546875
221 10.733406066894531
222 12.204299926757813
223 10.775901794433594
224 11.292503356933594
225 10.182601928710938
226 10.385505676269531
227 10.440803527832031
228 10.843101501464844
229 11.291999816894531
230 11.690704345703125
231 10.694900512695313
232 11.281097412109375
233 10.432197570800781
234 12.380706787109375
235 8.811996459960938
236 11.608001708984375
237 9.885604858398438
238 11.115592956542969
239 12.654800415039063
240 13.749992370605469
241 12.875900268554688
242 12.844001770019531
243 13.209800720214844
244 14.759002685546875
245 13.696701049804688
246 13.340995788574219
247 13.538505554199219
248 13.321998596191406
249 12.274803161621094
250 9.904701232910156
251 11.741302490234375
252 13.822593688964844
253 10.89849853515625
254 10.187698364257813
255 10.762496948242188
256 10.878402709960938
257 11.660903930664063
258 10.667106628417969
259 11.955101013183594
260 11.198204040527344
261 13.017303466796875
262 11.283592224121094
263 10.898506164550781
264 12.027702331542969
265 11.283096313476563
266 12.594795227050781
267 13.139198303222656
268 10.781394958496094
269 14.607398986816406
270 14.022705078125
271 13.011795043945313
272 12.863304138183594
273 13.854103088378906
274 12.641593933105469
275 11.215995788574219
276 12.631103515625
277 13.281906127929688
278 13.096107482910156
279 11.064002990722656
280 11.520797729492188
281 11.658699035644531
282 12.010307312011719
283 12.812606811523438
284 12.803596496582031
285 13.543701171875
286 12.784797668457031
287 11.435501098632813
288 12.108299255371094
289 14.063499450683594
290 13.494705200195313
291 12.409500122070313
292 11.627098083496094
293 13.08740234375
294 11.548904418945313
295 11.72039794921875
296 12.147895812988281
297 11.811599731445313
298 11.732505798339844
299 10.573898315429688
300 9.544296264648438
301 11.035301208496094
302 10.895095825195313
303 12.113105773925781
304 12.36669921875
305 12.899696350097656
306 14.902305603027344
307 11.376701354980469
308 13.805404663085938
309 12.84539794921875
310 12.505996704101563
311 12.140007019042969
312 15.177604675292969
313 15.43890380859375
314 13.739608764648438
315 14.359199523925781
316 13.042701721191406
317 11.390098571777344
318 10.968498229980469
319 12.96099853515625
320 14.580604553222656
321 14.116905212402344
322 14.891502380371094
323 13.610099792480469
324 13.48809814453125
325 13.823196411132813
326 12.297203063964844
327 13.109298706054688
328 15.092399597167969
329 15.935096740722656
330 16.197097778320313
331 14.900199890136719
332 15.767494201660156
333 15.838096618652344
334 17.280792236328125
335 15.793701171875
336 14.610305786132813
337 13.486297607421875
338 15.748001098632813
339 16.37480926513672
340 15.732902526855469
341 16.173294067382813
342 15.685699462890625
343 13.398796081542969
344 11.875801086425781
345 12.865997314453125
346 13.59149169921875
347 11.942802429199219
348 11.841598510742188
349 11.287200927734375
350 11.505805969238281
351 10.605003356933594
352 11.255500793457031
353 12.056404113769531
354 12.997200012207031
355 14.361099243164063
356 14.6221923828125
357 14.278495788574219
358 12.68560791015625
359 11.60980224609375
360 13.790206909179688
361 12.342201232910156
362 14.45989990234375
363 12.759101867675781
364 14.3258056640625
365 14.709907531738281
366 14.252700805664063
367 12.388092041015625
368 13.389297485351563
369 14.630294799804688
370 13.920005798339844
371 14.704193115234375
372 13.972999572753906
373 15.784599304199219
374 13.365097045898438
375 13.381797790527344
376 13.003593444824219
377 15.10009765625
378 16.6094970703125
379 13.449104309082031
380 15.592300415039063
381 16.083404541015625
382 14.035301208496094
383 16.93059539794922
384 16.239593505859375
385 13.666397094726563
386 13.480697631835938
387 11.631301879882813
388 13.221809387207031
389 14.836204528808594
390 15.964202880859375
391 14.08380126953125
392 14.494598388671875
393 15.363899230957031
394 12.975296020507813
395 13.499702453613281
396 15.70660400390625
397 11.427696228027344
398 14.325599670410156
399 12.412506103515625
400 13.736900329589844
401 13.569404602050781
402 13.837501525878906
403 11.896392822265625
404 12.943405151367188
405 13.196197509765625
406 13.64239501953125
407 11.861801147460938
408 15.671005249023438
409 14.749900817871094
410 14.36090087890625
411 16.83710479736328
412 14.227493286132813
413 12.290611267089844
414 11.842399597167969
415 12.149406433105469
416 9.603401184082031
417 12.639801025390625
418 12.654106140136719
419 13.942802429199219
420 14.4136962890625
421 14.027595520019531
422 13.868110656738281
423 13.436798095703125
424 16.7655029296875
425 15.294105529785156
426 14.108299255371094
427 13.152305603027344
428 13.912696838378906
429 14.298004150390625
430 14.403999328613281
431 13.297103881835938
432 14.625999450683594
433 13.489997863769531
434 13.922599792480469
435 15.129798889160156
436 16.929100036621094
437 16.194297790527344
438 13.359504699707031
439 14.999198913574219
440 16.13860321044922
441 14.466598510742188
442 14.348602294921875
443 14.127105712890625
444 15.993606567382813
445 14.933197021484375
446 14.873504638671875
447 12.896102905273438
448 14.758598327636719
449 13.950302124023438
450 13.883399963378906
451 12.690498352050781
452 14.693397521972656
453 14.975395202636719
454 14.94940185546875
455 14.219207763671875
456 15.309303283691406
457 15.353507995605469
458 15.025505065917969
459 13.685203552246094
460 11.814796447753906
461 11.959503173828125
462 13.949104309082031
463 13.544204711914063
464 11.838996887207031
465 11.973594665527344
466 12.256103515625
467 14.796096801757813
468 16.139602661132813
469 16.34239959716797
470 15.46209716796875
471 14.880897521972656
472 14.607101440429688
473 13.712509155273438
474 13.44049072265625
475 13.296707153320313
476 13.761993408203125
477 11.616401672363281
478 13.065505981445313
479 12.972000122070313
480 12.999595642089844
481 12.867698669433594
482 12.489799499511719
483 12.909996032714844
484 14.186698913574219
485 14.422805786132813
486 13.178901672363281
487 12.169807434082031
488 11.982505798339844
489 15.079200744628906
490 14.940200805664063
491 14.733894348144531
492 14.830497741699219
493 14.4927978515625
494 13.36920166015625
495 13.573898315429688
496 15.685798645019531
497 14.466506958007813
498 14.578598022460938
499 13.403999328613281
500 12.838005065917969
