0 29.775604248046875
1 29.775596618652344
2 34.87470245361328
3 31.39110565185547
4 25.092796325683594
5 20.190200805664063
6 22.89850616455078
7 24.718597412109375
8 26.5006103515625
9 26.91320037841797
10 24.42530059814453
11 23.081298828125
12 27.258995056152344
13 22.454010009765625
14 19.858200073242188
15 20.391799926757813
16 14.498199462890625
17 11.533699035644531
18 14.097801208496094
19 15.784698486328125
20 16.691200256347656
21 15.476898193359375
22 12.491897583007813
23 13.789299011230469
24 13.844100952148438
25 12.880203247070313
26 12.374603271484375
27 15.022605895996094
28 15.879005432128906
29 19.974205017089844
30 17.570999145507813
31 14.894302368164063
32 16.760704040527344
33 16.331100463867188
34 16.712203979492188
35 16.140609741210938
36 15.768905639648438
37 14.9530029296875
38 15.0784912109375
39 14.737098693847656
40 13.721504211425781
41 16.68170166015625
42 14.050102233886719
43 12.826904296875
44 15.2196044921875
45 15.78680419921875
46 15.5260009765625
47 16.269203186035156
48 13.926803588867188
49 16.686904907226563
50 13.709205627441406
51 13.034698486328125
52 12.697898864746094
53 12.059402465820313
54 14.095901489257813
55 14.253410339355469
56 13.930801391601563
57 13.543601989746094
58 14.921302795410156
59 13.802101135253906
60 14.597198486328125
61 14.008201599121094
62 15.282600402832031
63 17.340003967285156
64 16.47259521484375
65 17.05389404296875
66 15.738998413085938
67 18.498504638671875
68 14.500198364257813
69 14.569900512695313
70 19.176597595214844
71 18.800796508789063
72 16.717201232910156
73 14.851608276367188
74 13.834800720214844
75 14.483795166015625
76 13.123504638671875
77 12.41839599609375
78 12.56500244140625
79 12.090599060058594
80 15.11309814453125
81 15.0072021484375
82 14.155502319335938
83 14.737907409667969
84 15.657806396484375
85 15.332206726074219
86 14.348602294921875
87 13.763893127441406
88 13.876602172851563
89 14.494895935058594
90 13.629600524902344
91 14.963104248046875
92 12.179595947265625
93 13.404998779296875
94 14.384506225585938
95 13.012199401855469
96 12.883201599121094
97 14.453201293945313
98 12.017601013183594
99 14.828804016113281
100 12.583900451660156
101 12.678596496582031
102 13.262702941894531
103 13.297500610351563
104 14.307708740234375
105 13.121101379394531
106 13.580108642578125
107 17.297195434570313
108 17.747299194335938
109 16.809600830078125
110 12.467597961425781
111 17.854507446289063
112 18.49150848388672
113 15.898490905761719
114 17.16460418701172
115 14.768196105957031
116 14.126701354980469
117 12.068595886230469
118 11.831108093261719
119 9.945098876953125
120 11.041793823242188
121 10.537200927734375
122 11.715896606445313
123 14.172210693359375
124 14.262702941894531
125 13.336906433105469
126 15.728805541992188
127 12.998001098632813
128 14.149200439453125
129 13.320098876953125
130 12.121894836425781
131 13.778907775878906
132 14.836494445800781
133 14.132003784179688
134 15.512504577636719
135 15.275901794433594
136 13.829093933105469
137 11.687400817871094
138 12.530502319335938
139 15.099288940429688
140 14.567398071289063
141 15.630805969238281
142 13.737098693847656
143 15.916908264160156
144 16.512794494628906
145 15.173309326171875
146 12.856491088867188
147 14.62139892578125
148 11.251602172851563
149 13.21710205078125
150 13.656600952148438
151 16.411300659179688
152 14.108993530273438
153 12.729301452636719
154 9.394599914550781
155 10.274703979492188
156 10.891502380371094
157 11.493400573730469
158 11.186294555664063
159 9.550895690917969
160 11.85589599609375
161 12.376602172851563
162 9.674301147460938
163 7.794303894042969
164 10.97540283203125
165 10.738502502441406
166 12.298103332519531
167 10.470802307128906
168 12.645095825195313
169 10.013099670410156
170 14.01080322265625
171 13.612800598144531
172 12.893295288085938
173 16.06360626220703
174 9.577705383300781
175 10.343307495117188
176 10.504302978515625
177 10.828201293945313
178 12.751106262207031
179 12.13909912109375
180 8.326606750488281
181 10.5093994140625
182 10.649200439453125
183 9.783699035644531
184 8.217201232910156
185 11.745796203613281
186 11.109298706054688
187 10.97869873046875
188 11.161903381347656
189 8.477798461914063
190 8.516403198242188
191 8.279899597167969
192 10.063407897949219
193 6.308494567871094
194 8.950302124023438
195 9.326606750488281
196 11.297103881835938
197 9.493202209472656
198 6.438201904296875
199 11.220001220703125
200 10.940399169921875
201 11.425300598144531
202 12.748001098632813
203 13.047103881835938
204 13.844703674316406
205 11.917594909667969
206 9.293106079101563
207 9.227294921875
208 11.835700988769531
209 14.135307312011719
210 14.005096435546875
211 12.91510009765625
212 14.375091552734375
213 12.725997924804688
214 14.147407531738281
215 12.425804138183594
216 11.492599487304688
217 13.907005310058594
218 14.711006164550781
219 13.315605163574219
220 12.975494384765625
221 11.713401794433594
222 13.164299011230469
223 13.215904235839844
224 13.452499389648438
225 10.942604064941406
226 12.805496215820313
227 13.850799560546875
228 14.273101806640625
229 13.702003479003906
230 14.930694580078125
231 12.294906616210938
232 12.181098937988281
233 11.622200012207031
234 13.130699157714844
235 9.692001342773438
236 12.568000793457031
237 12.125602722167969
238 13.385597229003906
239 12.48480224609375
240 15.1199951171875
241 14.145896911621094
242 15.993995666503906
243 16.789794921875
244 19.0989990234375
245 16.54669952392578
246 14.691001892089844
247 15.768501281738281
248 14.511993408203125
249 15.314804077148438
250 15.044700622558594
251 14.291297912597656
252 16.632598876953125
253 11.998504638671875
254 10.257705688476563
255 12.00250244140625
256 14.718399047851563
257 14.4208984375
258 11.087104797363281
259 13.245101928710938
260 11.938201904296875
261 13.267303466796875
262 12.993598937988281
263 11.968498229980469
264 13.317703247070313
265 12.603103637695313
266 13.214797973632813
267 14.699203491210938
268 12.351394653320313
269 17.50739288330078
270 16.092697143554688
271 13.4617919921875
272 13.493301391601563
273 15.674102783203125
274 14.651603698730469
275 15.515998840332031
276 15.06109619140625
277 14.801902770996094
278 15.226097106933594
279 14.183998107910156
280 14.13079833984375
281 14.898689270019531
282 16.62030029296875
283 13.752601623535156
284 16.143592834472656
285 17.593704223632813
286 17.764801025390625
287 15.5155029296875
288 15.788299560546875
289 15.573501586914063
290 15.184707641601563
291 14.729499816894531
292 13.707099914550781
293 15.007400512695313
294 11.408905029296875
295 12.790397644042969
296 11.697898864746094
297 12.421600341796875
298 12.812507629394531
299 13.913894653320313
300 11.754302978515625
301 14.695304870605469
302 14.855094909667969
303 16.003097534179688
304 16.156700134277344
305 14.109703063964844
306 16.49230194091797
307 15.106704711914063
308 16.565406799316406
309 16.005401611328125
310 12.105995178222656
311 12.170005798339844
312 18.647605895996094
313 18.348892211914063
314 16.239608764648438
315 16.079200744628906
316 16.692703247070313
317 15.720100402832031
318 13.608497619628906
319 13.9010009765625
320 15.560600280761719
321 16.25689697265625
322 13.761505126953125
323 12.620101928710938
324 12.108108520507813
325 11.473197937011719
326 12.197196960449219
327 10.229293823242188
328 15.192405700683594
329 13.705101013183594
330 15.867095947265625
331 13.5802001953125
332 17.157493591308594
333 16.328094482421875
334 16.610801696777344
335 15.073699951171875
336 13.010307312011719
337 13.186302185058594
338 15.427993774414063
339 14.884803771972656
340 14.982902526855469
341 16.453292846679688
342 16.575698852539063
343 14.308799743652344
344 13.155799865722656
345 15.916000366210938
346 13.491493225097656
347 12.722801208496094
348 11.83160400390625
349 14.337196350097656
350 12.595802307128906
351 11.724998474121094
352 13.985504150390625
353 13.466400146484375
354 13.93719482421875
355 16.971107482910156
356 16.552200317382813
357 14.8385009765625
358 14.165603637695313
359 10.759796142578125
360 16.360198974609375
361 14.992202758789063
362 14.0198974609375
363 13.399101257324219
364 16.625808715820313
365 14.559898376464844
366 16.972702026367188
367 16.05810546875
368 13.299301147460938
369 14.600303649902344
370 15.860000610351563
371 18.384193420410156
372 16.19300079345703
373 15.344596862792969
374 13.585098266601563
375 14.481796264648438
376 14.403602600097656
377 14.460098266601563
378 18.47949981689453
379 15.699104309082031
380 15.632301330566406
381 17.503395080566406
382 15.49530029296875
383 17.570594787597656
384 17.259597778320313
385 13.74639892578125
386 12.850700378417969
387 11.791305541992188
388 10.261802673339844
389 12.586196899414063
390 12.464202880859375
391 14.053802490234375
392 12.194602966308594
393 13.363899230957031
394 11.065299987792969
395 12.059700012207031
396 13.516609191894531
397 9.877700805664063
398 9.825599670410156
399 9.912506103515625
400 9.816902160644531
401 10.239402770996094
402 12.62750244140625
403 12.416397094726563
404 11.313400268554688
405 12.786201477050781
406 12.502403259277344
407 14.021804809570313
408 15.531005859375
409 15.809906005859375
410 15.4208984375
411 15.607101440429688
412 14.37750244140625
413 13.920608520507813
414 15.242401123046875
415 13.709403991699219
416 11.013397216796875
417 12.939796447753906
418 13.044105529785156
419 13.332794189453125
420 14.023696899414063
421 14.027595520019531
422 15.618110656738281
423 14.846794128417969
424 19.315505981445313
425 17.624107360839844
426 16.848304748535156
427 16.972305297851563
428 13.672698974609375
429 15.678009033203125
430 17.35399627685547
431 13.597099304199219
432 15.64599609375
433 17.780006408691406
434 16.562599182128906
435 16.1798095703125
436 15.9490966796875
437 14.484306335449219
438 14.209503173828125
439 14.809196472167969
440 16.218597412109375
441 15.5166015625
442 13.138603210449219
443 14.017112731933594
444 16.103599548339844
445 14.84320068359375
446 15.243499755859375
447 12.93609619140625
448 13.548606872558594
449 11.340293884277344
450 12.783401489257813
451 14.030502319335938
452 12.873405456542969
453 14.975395202636719
454 16.809402465820313
455 14.329200744628906
456 14.039306640625
457 13.813507080078125
458 15.725502014160156
459 12.765205383300781
460 12.73480224609375
461 11.529502868652344
462 14.239105224609375
463 12.354202270507813
464 10.558998107910156
465 12.453598022460938
466 10.846099853515625
467 13.6260986328125
468 16.729598999023438
469 16.172393798828125
470 15.362091064453125
471 14.430892944335938
472 13.46710205078125
473 11.9425048828125
474 14.410491943359375
475 13.836708068847656
476 16.18199920654297
477 15.106391906738281
478 14.985504150390625
479 12.591995239257813
480 12.689598083496094
481 12.437705993652344
482 10.769798278808594
483 13.099998474121094
484 14.696693420410156
485 13.86279296875
486 14.228897094726563
487 15.769798278808594
488 16.052505493164063
489 17.399200439453125
490 15.690200805664063
491 16.49390411376953
492 17.050498962402344
493 16.11280059814453
494 13.11920166015625
495 11.613899230957031
496 14.625801086425781
497 12.47650146484375
498 14.188606262207031
499 14.194007873535156
500 13.678009033203125
