0 16.355606079101563
1 16.35559844970703
2 17.68470001220703
3 16.151100158691406
4 15.452796936035156
5 10.930206298828125
6 13.048500061035156
7 10.788597106933594
8 15.270606994628906
9 14.833198547363281
10 12.61529541015625
11 12.2113037109375
12 12.778999328613281
13 11.184005737304688
14 12.758201599121094
15 9.91180419921875
16 8.2781982421875
17 5.553703308105469
18 5.1977996826171875
19 6.514701843261719
20 5.471199035644531
21 7.326896667480469
22 7.791900634765625
23 4.939300537109375
24 6.634101867675781
25 6.210197448730469
26 4.814605712890625
27 5.762603759765625
28 5.47900390625
29 9.554206848144531
30 6.071006774902344
31 6.434303283691406
32 6.750701904296875
33 6.511100769042969
34 6.042198181152344
35 4.000602722167969
36 5.06890869140625
37 4.423004150390625
38 5.548500061035156
39 3.427093505859375
40 2.451507568359375
41 5.591705322265625
42 4.980094909667969
43 4.3368988037109375
44 7.629600524902344
45 7.316795349121094
46 4.996002197265625
47 4.9691925048828125
48 6.0968017578125
49 4.876899719238281
50 6.2292022705078125
51 3.7046966552734375
52 4.4579010009765625
53 3.5894012451171875
54 6.3159027099609375
55 5.453399658203125
56 5.120796203613281
57 5.88360595703125
58 6.611305236816406
59 7.97210693359375
60 6.747200012207031
61 7.438194274902344
62 7.442604064941406
63 7.099998474121094
64 7.16259765625
65 9.243904113769531
66 7.478996276855469
67 7.7285003662109375
68 5.280204772949219
69 5.699897766113281
70 6.906593322753906
71 4.830802917480469
72 3.4272003173828125
73 5.111602783203125
74 5.194801330566406
75 5.773796081542969
76 5.423500061035156
77 5.2283935546875
78 6.0050048828125
79 4.890594482421875
80 5.4430999755859375
81 6.3372039794921875
82 5.225502014160156
83 3.1879043579101563
84 4.8278045654296875
85 4.862205505371094
86 6.378593444824219
87 7.243904113769531
88 6.57659912109375
89 4.674903869628906
90 4.099601745605469
91 3.0331039428710938
92 2.9995956420898438
93 4.095001220703125
94 3.274505615234375
95 3.1222000122070313
96 2.09320068359375
97 3.4832000732421875
98 3.257598876953125
99 4.83880615234375
100 6.7339019775390625
101 7.238594055175781
102 8.072700500488281
103 6.5175018310546875
104 8.097702026367188
105 6.4210968017578125
106 7.360099792480469
107 10.487197875976563
108 8.077301025390625
109 8.809600830078125
110 6.267601013183594
111 8.204498291015625
112 7.2415008544921875
113 8.248497009277344
114 8.484596252441406
115 7.148200988769531
116 5.226707458496094
117 4.888603210449219
118 5.261100769042969
119 5.135101318359375
120 6.621795654296875
121 5.597198486328125
122 6.615898132324219
123 6.702201843261719
124 6.3126983642578125
125 5.336906433105469
126 9.038803100585938
127 6.9980010986328125
128 8.079200744628906
129 6.620094299316406
130 5.951904296875
131 7.4989013671875
132 7.276496887207031
133 5.931999206542969
134 5.592506408691406
135 4.225898742675781
136 4.899101257324219
137 4.417396545410156
138 3.4904937744140625
139 5.1992950439453125
140 5.987396240234375
141 5.410797119140625
142 5.157096862792969
143 6.016899108886719
144 6.0428009033203125
145 5.803306579589844
146 5.756500244140625
147 6.531402587890625
148 5.211601257324219
149 6.347099304199219
150 5.316596984863281
151 7.331306457519531
152 6.338996887207031
153 5.309303283691406
154 3.8945999145507813
155 5.544700622558594
156 4.721504211425781
157 4.483406066894531
158 3.926300048828125
159 4.310905456542969
160 5.425895690917969
161 3.95660400390625
162 4.804298400878906
163 6.3643035888671875
164 5.335395812988281
165 4.958503723144531
166 7.218101501464844
167 5.480804443359375
168 6.445098876953125
169 4.673095703125
170 7.750801086425781
171 7.922798156738281
172 6.69329833984375
173 7.63360595703125
174 4.257698059082031
175 4.13330078125
176 3.3342971801757813
177 5.58819580078125
178 4.561103820800781
179 5.1591033935546875
180 2.5866012573242188
181 3.9594039916992188
182 4.359199523925781
183 4.35369873046875
184 4.607200622558594
185 3.7957992553710938
186 5.319297790527344
187 6.058692932128906
188 5.531898498535156
189 3.0978012084960938
190 3.846405029296875
191 2.7499008178710938
192 2.5934066772460938
193 1.2884979248046875
194 2.9203033447265625
195 4.2465972900390625
196 3.9470977783203125
197 3.943206787109375
198 4.4282073974609375
199 4.8800048828125
200 5.810394287109375
201 4.155296325683594
202 3.5779953002929688
203 4.827095031738281
204 4.9047088623046875
205 4.887596130371094
206 4.5731048583984375
207 2.7372970581054688
208 3.9256973266601563
209 5.505302429199219
210 4.875099182128906
211 4.885101318359375
212 5.255096435546875
213 4.736000061035156
214 5.987403869628906
215 4.875801086425781
216 2.2926025390625
217 4.777000427246094
218 5.351005554199219
219 3.42559814453125
220 2.6455001831054688
221 2.2834014892578125
222 4.1143035888671875
223 3.6259002685546875
224 4.1725006103515625
225 1.7425994873046875
226 2.2654953002929688
227 1.4007949829101563
228 2.643096923828125
229 3.6520004272460938
230 5.330696105957031
231 3.1448974609375
232 2.8910980224609375
233 3.8621978759765625
234 4.2006988525390625
235 1.5719985961914063
236 3.7480010986328125
237 1.8155975341796875
238 3.1856002807617188
239 2.4148025512695313
240 4.019996643066406
241 3.2558975219726563
242 4.674003601074219
243 3.8797988891601563
244 5.759002685546875
245 4.076698303222656
246 3.3909988403320313
247 2.6385040283203125
248 4.522003173828125
249 4.8448028564453125
250 1.8647003173828125
251 3.4813003540039063
252 5.98260498046875
253 3.9785003662109375
254 2.8777008056640625
255 4.00250244140625
256 3.2983932495117188
257 4.7509002685546875
258 3.187103271484375
259 4.845100402832031
260 3.2981948852539063
261 3.5573043823242188
262 2.9935989379882813
263 4.27850341796875
264 3.4976959228515625
265 1.8130950927734375
266 3.1548004150390625
267 2.3792037963867188
268 1.2613983154296875
269 4.377403259277344
270 3.7527008056640625
271 2.1417999267578125
272 3.3632965087890625
273 4.324104309082031
274 2.33160400390625
275 1.3460006713867188
276 2.3611068725585938
277 3.7818984985351563
278 2.9961013793945313
279 1.7040023803710938
280 1.410797119140625
281 1.7286911010742188
282 2.1603012084960938
283 1.9926071166992188
284 2.2935943603515625
285 3.0336990356445313
286 2.5948028564453125
287 1.0254974365234375
288 1.2482986450195313
289 3.6135025024414063
290 3.0947036743164063
291 1.269500732421875
292 1.057098388671875
293 2.6974029541015625
294 1.2089004516601563
295 1.6403961181640625
296 1.9878997802734375
297 1.95159912109375
298 2.0125045776367188
299 1.5638961791992188
300 0.49430084228515625
301 1.9152984619140625
302 2.0651016235351563
303 2.8631057739257813
304 3.8467025756835938
305 2.8197021484375
306 4.762298583984375
307 1.7467041015625
308 3.72540283203125
309 3.3253936767578125
310 2.4059982299804688
311 3.3000030517578125
312 5.257606506347656
313 5.05889892578125
314 3.599609375
315 3.459197998046875
316 3.1527023315429688
317 2.8400955200195313
318 2.2985000610351563
319 3.281005859375
320 4.360603332519531
321 4.4468994140625
322 4.861503601074219
323 2.6100997924804688
324 2.208099365234375
325 3.813201904296875
326 2.0271987915039063
327 1.5692977905273438
328 3.7323989868164063
329 4.4351043701171875
330 5.287101745605469
331 3.7801971435546875
332 4.4174957275390625
333 4.698097229003906
334 5.010795593261719
335 5.0536956787109375
336 3.5103073120117188
337 2.2163009643554688
338 4.7480010986328125
339 4.994804382324219
340 4.3529052734375
341 5.1132965087890625
342 3.9256973266601563
343 2.6187973022460938
344 1.5858001708984375
345 1.45599365234375
346 1.9214935302734375
347 1.092803955078125
348 0.45159912109375
349 0.9972000122070313
350 1.5958023071289063
351 0.68499755859375
352 1.5155029296875
353 1.3863983154296875
354 1.6171951293945313
355 3.6211090087890625
356 3.8422012329101563
357 2.9684982299804688
358 2.2555999755859375
359 -0.050201416015625
360 3.7101974487304688
361 3.0821990966796875
362 3.1598968505859375
363 3.1090927124023438
364 3.9658050537109375
365 4.109901428222656
366 3.2626953125
367 3.0680999755859375
368 2.0692977905273438
369 2.8502960205078125
370 3.8800048828125
371 5.174201965332031
372 4.2129974365234375
373 4.8246002197265625
374 3.5150985717773438
375 3.1417999267578125
376 2.62359619140625
377 3.4200973510742188
378 5.529502868652344
379 3.1791000366210938
380 5.362297058105469
381 5.1533966064453125
382 3.4153060913085938
383 5.4705963134765625
384 4.809600830078125
385 2.7863998413085938
386 1.9506988525390625
387 1.52130126953125
388 1.5618057250976563
389 3.136199951171875
390 4.49420166015625
391 3.053802490234375
392 2.4746017456054688
393 4.023902893066406
394 1.4552993774414063
395 2.0496978759765625
396 4.166603088378906
397 0.9576950073242188
398 2.8855972290039063
399 2.5425033569335938
400 3.0369033813476563
401 1.32940673828125
402 2.2275009155273438
403 1.1464004516601563
404 1.4734039306640625
405 1.4162063598632813
406 1.802398681640625
407 1.1218032836914063
408 3.4910049438476563
409 3.0699005126953125
410 3.1509017944335938
411 4.647102355957031
412 1.49749755859375
413 2.3206024169921875
414 2.0723953247070313
415 1.0194015502929688
416 -0.8766021728515625
417 1.8597946166992188
418 1.0741043090820313
419 2.3727951049804688
420 3.3436965942382813
421 2.4675979614257813
422 3.0381088256835938
423 2.4468002319335938
424 5.425498962402344
425 4.414100646972656
426 2.4682998657226563
427 2.7123031616210938
428 2.7126998901367188
429 3.2080001831054688
430 4.2039947509765625
431 2.5171051025390625
432 3.9959945678710938
433 2.8300018310546875
434 3.0426025390625
435 2.9897994995117188
436 5.069099426269531
437 4.264305114746094
438 1.6194992065429688
439 3.4091949462890625
440 4.9385986328125
441 3.4365997314453125
442 3.1386032104492188
443 2.96710205078125
444 5.0236053466796875
445 3.3331985473632813
446 3.243499755859375
447 1.7260971069335938
448 3.1986083984375
449 3.0102920532226563
450 3.0334014892578125
451 1.8105010986328125
452 3.2533950805664063
453 4.525398254394531
454 4.399406433105469
455 2.1692047119140625
456 3.58929443359375
457 4.183502197265625
458 4.005500793457031
459 2.1651992797851563
460 0.6948013305664063
461 0.7895050048828125
462 2.6891021728515625
463 2.3642044067382813
464 0.5189971923828125
465 1.5635986328125
466 0.256103515625
467 3.1060943603515625
468 4.269599914550781
469 5.282402038574219
470 4.482093811035156
471 3.2108993530273438
472 3.70709228515625
473 2.0525054931640625
474 3.1104965209960938
475 2.3266983032226563
476 3.23199462890625
477 1.4863967895507813
478 2.6455001831054688
479 1.6920013427734375
480 1.6996002197265625
481 1.4377059936523438
482 1.4397964477539063
483 2.0400009155273438
484 3.776702880859375
485 3.9227981567382813
486 2.3488998413085938
487 1.9598007202148438
488 2.00250244140625
489 5.419197082519531
490 4.5001983642578125
491 4.283897399902344
492 4.95050048828125
493 4.332801818847656
494 1.8292007446289063
495 2.7739028930664063
496 4.0558013916015625
497 3.6964950561523438
498 3.7086029052734375
499 3.0839996337890625
500 2.7180023193359375
