0 26.30560302734375
1 26.30559539794922
2 25.674697875976563
3 27.161102294921875
4 28.00279998779297
5 23.110206604003906
6 25.95850372314453
7 22.518600463867188
8 27.760604858398438
9 26.983200073242188
10 25.345306396484375
11 25.731307983398438
12 24.48900604248047
13 23.454002380371094
14 26.148193359375
15 23.371803283691406
16 21.64820098876953
17 18.90369415283203
18 18.997802734375
19 20.804702758789063
20 19.321205139160156
21 20.776893615722656
22 21.5718994140625
23 18.78929901123047
24 20.63409423828125
25 20.09020233154297
26 18.734603881835938
27 18.952598571777344
28 18.388999938964844
29 22.164199829101563
30 19.261009216308594
31 19.334304809570313
32 19.390701293945313
33 19.00110626220703
34 18.482200622558594
35 17.00060272216797
36 18.12890625
37 17.413002014160156
38 19.058502197265625
39 16.947097778320313
40 15.821502685546875
41 18.781700134277344
42 17.80010223388672
43 17.716903686523438
44 19.509605407714844
45 19.52680206298828
46 17.555999755859375
47 17.41919708251953
48 18.696800231933594
49 17.94690704345703
50 19.229202270507813
51 16.68470001220703
52 17.547897338867188
53 16.82940673828125
54 19.515899658203125
55 18.87340545654297
56 18.520797729492188
57 19.613601684570313
58 19.191307067871094
59 20.302101135253906
60 18.467201232910156
61 20.26819610595703
62 19.812606811523438
63 19.709999084472656
64 18.80260467529297
65 20.953903198242188
66 20.08899688720703
67 20.26850128173828
68 18.300201416015625
69 19.0198974609375
70 19.006591796875
71 16.18079376220703
72 15.997200012207031
73 17.731605529785156
74 17.894798278808594
75 18.303794860839844
76 18.303504943847656
77 18.67839813232422
78 19.534996032714844
79 18.270599365234375
80 18.763092041015625
81 19.727203369140625
82 18.985504150390625
83 16.337905883789063
84 17.73779296875
85 18.26219940185547
86 19.838600158691406
87 20.94390106201172
88 19.626602172851563
89 18.46490478515625
90 18.259605407714844
91 16.523094177246094
92 16.379592895507813
93 18.235000610351563
94 17.704498291015625
95 17.392196655273438
96 15.983200073242188
97 17.603195190429688
98 17.59760284423828
99 17.748802185058594
100 20.393905639648438
101 21.288597106933594
102 22.102706909179688
103 20.217506408691406
104 22.297698974609375
105 20.021102905273438
106 21.250099182128906
107 24.807205200195313
108 21.337303161621094
109 22.679603576660156
110 19.967605590820313
111 21.874496459960938
112 20.811500549316406
113 21.76850128173828
114 20.054595947265625
115 20.558204650878906
116 19.17669677734375
117 17.67859649658203
118 18.221107482910156
119 18.075103759765625
120 20.011795043945313
121 18.7572021484375
122 19.93590545654297
123 20.12220001220703
124 19.782699584960938
125 18.2069091796875
126 22.34880828857422
127 20.618003845214844
128 22.12920379638672
129 20.24010467529297
130 19.271896362304688
131 20.138900756835938
132 20.756500244140625
133 19.6820068359375
134 19.06250762939453
135 18.035903930664063
136 18.469093322753906
137 18.317398071289063
138 17.21050262451172
139 18.70928955078125
140 19.997406005859375
141 19.25080108642578
142 18.927101135253906
143 19.94690704345703
144 19.94280242919922
145 20.053306579589844
146 19.936492919921875
147 20.421409606933594
148 19.491600036621094
149 20.917098999023438
150 19.966598510742188
151 20.741302490234375
152 20.019004821777344
153 19.679298400878906
154 18.204605102539063
155 19.734703063964844
156 19.211502075195313
157 18.193405151367188
158 17.476295471191406
159 17.80089569091797
160 19.815902709960938
161 17.50659942626953
162 18.66429901123047
163 18.96430206298828
164 18.89539337158203
165 18.308502197265625
166 21.338096618652344
167 19.620803833007813
168 20.35509490966797
169 19.063095092773438
170 21.770797729492188
171 22.022796630859375
172 20.923294067382813
173 21.20360565185547
174 18.377708435058594
175 18.43329620361328
176 17.664306640625
177 19.428192138671875
178 18.771102905273438
179 18.9490966796875
180 17.246604919433594
181 18.179397583007813
182 18.389205932617188
183 18.683700561523438
184 18.617202758789063
185 18.345794677734375
186 19.419296264648438
187 20.59870147705078
188 20.161903381347656
189 17.147796630859375
190 18.11639404296875
191 16.689903259277344
192 16.72339630126953
193 15.378501892089844
194 16.810302734375
195 18.176597595214844
196 17.577102661132813
197 18.33319854736328
198 17.708206176757813
199 18.650001525878906
200 19.97039794921875
201 18.675308227539063
202 17.857994079589844
203 18.917091369628906
204 18.95470428466797
205 18.897605895996094
206 18.42310333251953
207 17.007301330566406
208 17.735702514648438
209 19.525299072265625
210 18.09510040283203
211 18.825103759765625
212 18.625099182128906
213 18.056007385253906
214 19.297409057617188
215 19.365798950195313
216 16.012603759765625
217 18.277000427246094
218 18.440994262695313
219 17.205604553222656
220 16.0054931640625
221 16.583404541015625
222 17.71430206298828
223 16.845901489257813
224 17.32250213623047
225 15.402595520019531
226 16.02550506591797
227 14.930793762207031
228 15.74310302734375
229 16.712005615234375
230 17.53070068359375
231 16.57489776611328
232 15.951103210449219
233 17.07220458984375
234 17.740699768066406
235 15.001998901367188
236 17.51799774169922
237 14.835594177246094
238 17.16559600830078
239 16.754798889160156
240 17.93999481201172
241 17.125900268554688
242 17.7239990234375
243 16.48979949951172
244 18.618995666503906
245 17.80670166015625
246 17.180999755859375
247 16.008499145507813
248 17.621994018554688
249 17.964805603027344
250 14.614700317382813
251 17.041305541992188
252 19.392601013183594
253 17.188499450683594
254 16.257705688476563
255 17.722496032714844
256 15.978401184082031
257 18.190902709960938
258 16.76709747314453
259 18.195106506347656
260 17.2781982421875
261 17.837310791015625
262 16.473594665527344
263 17.27850341796875
264 16.95770263671875
265 15.93310546875
266 16.714797973632813
267 16.129196166992188
268 13.881393432617188
269 16.757400512695313
270 16.312698364257813
271 15.591796875
272 16.653297424316406
273 16.664100646972656
274 15.711601257324219
275 14.015998840332031
276 14.651100158691406
277 16.46190643310547
278 15.496101379394531
279 14.314002990722656
280 14.740798950195313
281 14.758689880371094
282 14.740303039550781
283 15.212608337402344
284 15.113594055175781
285 14.673698425292969
286 13.564796447753906
287 12.615501403808594
288 14.25830078125
289 16.483505249023438
290 16.864707946777344
291 14.849494934082031
292 13.947097778320313
293 15.297401428222656
294 14.608901977539063
295 14.360397338867188
296 15.817901611328125
297 14.971603393554688
298 15.592506408691406
299 13.673896789550781
300 12.974296569824219
301 15.045303344726563
302 13.795097351074219
303 15.68310546875
304 16.526702880859375
305 15.569694519042969
306 17.97229766845703
307 14.406700134277344
308 16.195404052734375
309 15.695404052734375
310 16.34600067138672
311 16.470008850097656
312 17.767608642578125
313 17.648895263671875
314 16.40960693359375
315 16.689193725585938
316 14.962699890136719
317 15.110099792480469
318 14.908500671386719
319 17.52100372314453
320 17.510604858398438
321 17.156906127929688
322 17.991500854492188
323 15.970100402832031
324 16.55810546875
325 17.71319580078125
326 15.817207336425781
327 16.20929718017578
328 15.712394714355469
329 17.825103759765625
330 17.937103271484375
331 17.2001953125
332 16.907501220703125
333 18.24810028076172
334 18.780799865722656
335 18.583709716796875
336 17.37030792236328
337 15.376304626464844
338 18.158004760742188
339 18.524810791015625
340 18.332901000976563
341 17.803298950195313
342 16.47570037841797
343 14.358802795410156
344 13.735801696777344
345 14.255996704101563
346 14.761505126953125
347 14.292800903320313
348 14.671600341796875
349 13.2572021484375
350 15.105796813964844
351 13.594993591308594
352 13.725502014160156
353 13.906402587890625
354 14.507194519042969
355 16.231101989746094
356 16.18219757080078
357 16.168495178222656
358 16.315597534179688
359 13.969795227050781
360 16.060203552246094
361 15.702201843261719
362 16.7799072265625
363 16.3291015625
364 16.8258056640625
365 17.82990264892578
366 16.042694091796875
367 15.348098754882813
368 15.599296569824219
369 16.12029266357422
370 16.870010375976563
371 17.084197998046875
372 16.57300567626953
373 17.934608459472656
374 16.365097045898438
375 15.701797485351563
376 15.5635986328125
377 16.700096130371094
378 17.709503173828125
379 15.469108581542969
380 17.74230194091797
381 17.1033935546875
382 15.735298156738281
383 17.270599365234375
384 17.429603576660156
385 16.286399841308594
386 15.700698852539063
387 15.191299438476563
388 15.471809387207031
389 16.336196899414063
390 17.49420166015625
391 16.943801879882813
392 15.8345947265625
393 17.48389434814453
394 15.74530029296875
395 15.599700927734375
396 18.356605529785156
397 14.997695922851563
398 17.015594482421875
399 16.272499084472656
400 17.676902770996094
401 16.249404907226563
402 16.177505493164063
403 14.926399230957031
404 15.263404846191406
405 15.286201477050781
406 16.242401123046875
407 14.271797180175781
408 16.691001892089844
409 16.069908142089844
410 16.630897521972656
411 18.017105102539063
412 15.297500610351563
413 15.880599975585938
414 14.982398986816406
415 14.279396057128906
416 12.643394470214844
417 14.899795532226563
418 14.244102478027344
419 15.712799072265625
420 16.47369384765625
421 15.237594604492188
422 15.828109741210938
423 15.606803894042969
424 17.89550018310547
425 16.844100952148438
426 14.408302307128906
427 14.982307434082031
428 16.182701110839844
429 16.938003540039063
430 16.90399932861328
431 15.837104797363281
432 17.63599395751953
433 16.12000274658203
434 15.522598266601563
435 16.29979705810547
436 18.75910186767578
437 17.664306640625
438 14.339500427246094
439 16.23919677734375
440 17.778594970703125
441 15.82659912109375
442 15.868606567382813
443 15.667106628417969
444 16.643600463867188
445 16.08319854736328
446 16.7135009765625
447 14.976097106933594
448 16.43860626220703
449 16.37030029296875
450 16.473403930664063
451 15.330497741699219
452 17.273399353027344
453 17.785400390625
454 17.369400024414063
455 15.419204711914063
456 17.449295043945313
457 17.813507080078125
458 16.77550506591797
459 15.185195922851563
460 13.534797668457031
461 14.239501953125
462 15.619102478027344
463 15.474205017089844
464 14.168998718261719
465 13.953598022460938
466 13.966102600097656
467 15.976097106933594
468 17.89959716796875
469 18.33240509033203
470 17.452102661132813
471 16.470901489257813
472 16.71710205078125
473 15.902503967285156
474 15.57049560546875
475 15.276710510253906
476 15.851997375488281
477 13.786392211914063
478 14.735504150390625
479 14.87200927734375
480 14.679603576660156
481 14.437705993652344
482 14.789802551269531
483 14.399993896484375
484 16.30670166015625
485 16.872802734375
486 15.42889404296875
487 14.089797973632813
488 14.0625
489 17.659202575683594
490 17.13019561767578
491 16.463897705078125
492 17.19049835205078
493 16.472801208496094
494 14.639205932617188
495 15.863899230957031
496 17.44580078125
497 16.72650146484375
498 16.25859832763672
499 15.984001159667969
500 15.01800537109375
