0 20.93560028076172
1 20.93560028076172
2 20.12469482421875
3 18.601104736328125
4 18.98279571533203
5 15.170204162597656
6 16.97850799560547
7 17.148590087890625
8 19.11060333251953
9 20.173202514648438
10 16.855300903320313
11 20.97130584716797
12 19.10900115966797
13 21.644004821777344
14 21.758193969726563
15 21.02179718017578
16 20.65819549560547
17 18.793701171875
18 17.077796936035156
19 17.524703979492188
20 13.171195983886719
21 14.146896362304688
22 15.431907653808594
23 11.949295043945313
24 13.914093017578125
25 13.000205993652344
26 12.004600524902344
27 12.23260498046875
28 11.309005737304688
29 13.044204711914063
30 11.131004333496094
31 9.924301147460938
32 10.000701904296875
33 9.711097717285156
34 9.032203674316406
35 9.530601501464844
36 10.598907470703125
37 9.753005981445313
38 10.77850341796875
39 9.117095947265625
40 7.511505126953125
41 10.441703796386719
42 8.860099792480469
43 8.176902770996094
44 8.629600524902344
45 8.556800842285156
46 8.066001892089844
47 8.319198608398438
48 9.836807250976563
49 10.026901245117188
50 11.389198303222656
51 7.4546966552734375
52 9.007896423339844
53 8.439407348632813
54 11.035903930664063
55 11.983406066894531
56 11.890800476074219
57 12.25360107421875
58 10.501304626464844
59 11.252098083496094
60 8.637199401855469
61 11.068199157714844
62 10.422599792480469
63 10.019996643066406
64 7.722602844238281
65 10.493904113769531
66 10.399002075195313
67 10.818496704101563
68 10.820205688476563
69 10.119895935058594
70 9.726593017578125
71 6.0207977294921875
72 5.917198181152344
73 8.381599426269531
74 9.634796142578125
75 9.063796997070313
76 9.463508605957031
77 11.178398132324219
78 11.765007019042969
79 10.100601196289063
80 10.8031005859375
81 11.94720458984375
82 10.235504150390625
83 8.677902221679688
84 9.80780029296875
85 10.232208251953125
86 11.738601684570313
87 11.743904113769531
88 11.436599731445313
89 10.794898986816406
90 8.89959716796875
91 7.623100280761719
92 7.709602355957031
93 11.31500244140625
94 11.514503479003906
95 8.732200622558594
96 8.763198852539063
97 10.713203430175781
98 8.927597045898438
99 8.048805236816406
100 12.363906860351563
101 14.898597717285156
102 15.552696228027344
103 12.527503967285156
104 16.397705078125
105 13.841102600097656
106 15.740097045898438
107 19.897201538085938
108 14.54730224609375
109 15.7196044921875
110 13.9075927734375
111 13.864501953125
112 12.821502685546875
113 13.438499450683594
114 9.884605407714844
115 12.058204650878906
116 10.376701354980469
117 9.148597717285156
118 8.741096496582031
119 9.585098266601563
120 11.271797180175781
121 10.587196350097656
122 10.335899353027344
123 10.802200317382813
124 10.412704467773438
125 9.216903686523438
126 13.118804931640625
127 11.498001098632813
128 14.919204711914063
129 11.630096435546875
130 10.121902465820313
131 10.648902893066406
132 11.866493225097656
133 11.402000427246094
134 13.572502136230469
135 12.705902099609375
136 11.849098205566406
137 12.64739990234375
138 9.520500183105469
139 13.439300537109375
140 14.14739990234375
141 12.840805053710938
142 12.797096252441406
143 14.116905212402344
144 13.942794799804688
145 14.973304748535156
146 14.716499328613281
147 13.781402587890625
148 14.2716064453125
149 15.817108154296875
150 14.796592712402344
151 16.481300354003906
152 15.428993225097656
153 13.889297485351563
154 12.164604187011719
155 15.774703979492188
156 12.671501159667969
157 12.403404235839844
158 12.526298522949219
159 15.600906372070313
160 16.955894470214844
161 14.696601867675781
162 15.554306030273438
163 19.824302673339844
164 18.575401306152344
165 19.02849578857422
166 19.29810333251953
167 17.20079803466797
168 16.325096130371094
169 16.523101806640625
170 19.430801391601563
171 18.102798461914063
172 14.69329833984375
173 15.363609313964844
174 13.277702331542969
175 13.803306579589844
176 11.644302368164063
177 13.708198547363281
178 13.241104125976563
179 13.7091064453125
180 12.976600646972656
181 14.919395446777344
182 14.319198608398438
183 14.803695678710938
184 13.957199096679688
185 12.985794067382813
186 15.649299621582031
187 16.71869659423828
188 14.621902465820313
189 15.067802429199219
190 15.6864013671875
191 12.629898071289063
192 13.3634033203125
193 13.168495178222656
194 13.560302734375
195 16.166603088378906
196 13.84710693359375
197 14.303199768066406
198 16.89820098876953
199 16.850006103515625
200 16.78040313720703
201 13.925300598144531
202 12.477996826171875
203 16.557090759277344
204 15.514701843261719
205 15.437599182128906
206 15.353103637695313
207 14.287300109863281
208 15.865699768066406
209 17.535293579101563
210 16.625099182128906
211 16.35511016845703
212 15.205093383789063
213 16.676002502441406
214 17.20740509033203
215 16.495803833007813
216 11.522598266601563
217 15.346992492675781
218 14.991004943847656
219 14.325599670410156
220 12.225502014160156
221 14.163398742675781
222 14.694305419921875
223 15.335899353027344
224 15.962501525878906
225 12.392601013183594
226 13.025505065917969
227 9.920799255371094
228 12.933097839355469
229 14.002006530761719
230 17.110702514648438
231 13.464897155761719
232 10.971099853515625
233 17.152206420898438
234 15.540702819824219
235 13.351997375488281
236 14.377998352050781
237 12.405601501464844
238 13.775596618652344
239 10.73480224609375
240 12.290000915527344
241 11.615898132324219
242 15.624000549316406
243 11.909797668457031
244 14.359001159667969
245 12.876701354980469
246 11.691001892089844
247 9.018501281738281
248 13.48199462890625
249 16.16480255126953
250 11.734695434570313
251 13.871299743652344
252 16.322593688964844
253 15.14849853515625
254 14.387702941894531
255 16.452499389648438
256 14.578399658203125
257 16.580909729003906
258 15.337104797363281
259 15.705101013183594
260 14.158195495605469
261 13.397308349609375
262 13.393600463867188
263 16.718505859375
264 14.287704467773438
265 9.793106079101563
266 11.524795532226563
267 7.609199523925781
268 8.321395874023438
269 10.007392883300781
270 7.992698669433594
271 8.351799011230469
272 11.393302917480469
273 11.4541015625
274 8.691596984863281
275 6.305999755859375
276 6.69110107421875
277 10.201904296875
278 7.316108703613281
279 8.253997802734375
280 8.540802001953125
281 8.158699035644531
282 8.680305480957031
283 8.832603454589844
284 7.6436004638671875
285 7.483695983886719
286 5.614799499511719
287 6.225502014160156
288 6.50830078125
289 9.413505554199219
290 9.714698791503906
291 8.029495239257813
292 6.71710205078125
293 6.937400817871094
294 6.838905334472656
295 5.980400085449219
296 10.277900695800781
297 8.551605224609375
298 8.662506103515625
299 7.583900451660156
300 6.684295654296875
301 9.005302429199219
302 8.115097045898438
303 9.893104553222656
304 11.366706848144531
305 9.479698181152344
306 11.912300109863281
307 9.146697998046875
308 9.875396728515625
309 10.945396423339844
310 8.736000061035156
311 12.340003967285156
312 11.067604064941406
313 12.628898620605469
314 9.869606018066406
315 10.219200134277344
316 9.752700805664063
317 9.770095825195313
318 9.128501892089844
319 10.871002197265625
320 9.960609436035156
321 11.336898803710938
322 11.681503295898438
323 8.67010498046875
324 9.55810546875
325 11.263198852539063
326 9.127197265625
327 9.949295043945313
328 7.7223968505859375
329 10.745101928710938
330 10.757095336914063
331 10.000198364257813
332 10.037498474121094
333 11.258094787597656
334 11.51080322265625
335 11.73370361328125
336 10.170303344726563
337 8.556297302246094
338 10.987998962402344
339 10.784805297851563
340 12.312904357910156
341 9.103302001953125
342 7.2156982421875
343 6.848793029785156
344 7.405799865722656
345 6.215995788574219
346 7.97149658203125
347 8.222801208496094
348 8.921600341796875
349 8.047195434570313
350 10.13580322265625
351 10.614997863769531
352 7.845497131347656
353 8.646408081054688
354 8.097198486328125
355 10.0111083984375
356 9.642196655273438
357 9.678497314453125
358 11.385604858398438
359 9.699790954589844
360 10.39019775390625
361 12.3822021484375
362 10.449905395507813
363 10.999099731445313
364 10.935806274414063
365 12.70989990234375
366 11.362693786621094
367 10.198097229003906
368 9.819297790527344
369 9.000297546386719
370 11.919998168945313
371 10.49420166015625
372 11.642997741699219
373 12.454597473144531
374 12.585098266601563
375 10.451797485351563
376 9.953605651855469
377 8.500099182128906
378 9.949501037597656
379 10.319099426269531
380 10.452301025390625
381 9.073402404785156
382 9.285301208496094
383 7.6006011962890625
384 9.889602661132813
385 10.11639404296875
386 10.580703735351563
387 11.111305236816406
388 10.031806945800781
389 9.826202392578125
390 9.084205627441406
391 11.653793334960938
392 8.124603271484375
393 9.953895568847656
394 9.205299377441406
395 9.5697021484375
396 12.126602172851563
397 10.937698364257813
398 11.735595703125
399 13.222503662109375
400 14.106895446777344
401 11.409400939941406
402 11.467498779296875
403 10.936393737792969
404 8.803398132324219
405 9.316200256347656
406 10.892402648925781
407 9.011802673339844
408 8.961006164550781
409 9.539901733398438
410 11.470893859863281
411 10.957099914550781
412 8.917495727539063
413 11.650604248046875
414 10.992401123046875
415 8.669403076171875
416 8.593399047851563
417 8.599800109863281
418 8.254104614257813
419 9.622795104980469
420 10.60369873046875
421 8.357597351074219
422 9.948104858398438
423 9.926795959472656
424 10.295501708984375
425 9.604103088378906
426 6.548301696777344
427 8.832298278808594
428 10.882698059082031
429 11.587997436523438
430 12.173995971679688
431 9.777099609375
432 11.515998840332031
433 10.439994812011719
434 8.822601318359375
435 8.879798889160156
436 11.859100341796875
437 10.194305419921875
438 6.289497375488281
439 8.099197387695313
440 11.268600463867188
441 8.6466064453125
442 7.648597717285156
443 8.677101135253906
444 7.953605651855469
445 7.96319580078125
446 9.933502197265625
447 9.296104431152344
448 10.368606567382813
449 9.630294799804688
450 10.323402404785156
451 9.70050048828125
452 12.163398742675781
453 11.97540283203125
454 11.459403991699219
455 8.079200744628906
456 9.579299926757813
457 11.613502502441406
458 10.165504455566406
459 8.795204162597656
460 7.254791259765625
461 7.779502868652344
462 8.419105529785156
463 8.014205932617188
464 7.278999328613281
465 7.8135986328125
466 7.106101989746094
467 8.076103210449219
468 9.549598693847656
469 11.512405395507813
470 10.572097778320313
471 9.050895690917969
472 11.027091979980469
473 10.292503356933594
474 9.040496826171875
475 8.716705322265625
476 10.661994934082031
477 8.49639892578125
478 8.465499877929688
479 7.732002258300781
480 7.849601745605469
481 8.157707214355469
482 8.4197998046875
483 7.5399932861328125
484 10.026702880859375
485 10.982795715332031
486 9.858901977539063
487 9.159797668457031
488 9.822502136230469
489 11.359207153320313
490 11.290199279785156
491 9.953895568847656
492 11.340499877929688
493 10.692802429199219
494 7.919197082519531
495 9.013900756835938
496 9.155799865722656
497 7.876495361328125
498 9.448600769042969
499 9.244003295898438
500 8.978004455566406
