0 14.125602722167969
1 14.125595092773438
2 12.864700317382813
3 14.171104431152344
4 15.652801513671875
5 13.430206298828125
6 11.428504943847656
7 9.37860107421875
8 12.380599975585938
9 13.773200988769531
10 10.955299377441406
11 13.161300659179688
12 11.048995971679688
13 10.424003601074219
14 14.968193054199219
15 14.341796875
16 19.638206481933594
17 14.593696594238281
18 10.827804565429688
19 12.844696044921875
20 8.251197814941406
21 11.00689697265625
22 13.281898498535156
23 9.759300231933594
24 9.874099731445313
25 11.410202026367188
26 9.174606323242188
27 8.442604064941406
28 6.3990020751953125
29 8.724205017089844
30 4.861000061035156
31 5.684303283691406
32 5.620704650878906
33 4.1110992431640625
34 3.4222030639648438
35 2.520599365234375
36 5.6089019775390625
37 4.803001403808594
38 6.188499450683594
39 4.567100524902344
40 3.0515060424804688
41 6.211700439453125
42 5.380096435546875
43 5.63690185546875
44 4.909599304199219
45 4.976799011230469
46 4.5260009765625
47 4.449195861816406
48 6.636802673339844
49 6.6968994140625
50 6.959197998046875
51 4.154701232910156
52 3.2079010009765625
53 3.919403076171875
54 6.635902404785156
55 6.393402099609375
56 6.4608001708984375
57 7.38360595703125
58 4.771308898925781
59 8.432106018066406
60 4.727195739746094
61 6.938201904296875
62 6.3726043701171875
63 5.019996643066406
64 3.2725982666015625
65 6.003898620605469
66 5.248992919921875
67 5.8484954833984375
68 6.540199279785156
69 5.899894714355469
70 4.5265960693359375
71 0.5107955932617188
72 -0.1728057861328125
73 3.2715988159179688
74 4.304801940917969
75 4.493797302246094
76 5.273506164550781
77 6.648399353027344
78 8.194999694824219
79 6.960601806640625
80 5.433097839355469
81 8.677200317382813
82 6.82550048828125
83 4.5579071044921875
84 6.777801513671875
85 7.782203674316406
86 8.678596496582031
87 8.583900451660156
88 10.546600341796875
89 8.734901428222656
90 9.049598693847656
91 5.563102722167969
92 6.5395965576171875
93 9.995002746582031
94 6.7845001220703125
95 5.7422027587890625
96 6.413200378417969
97 6.543205261230469
98 6.767601013183594
99 5.608802795410156
100 11.333900451660156
101 14.828598022460938
102 14.222709655761719
103 13.207496643066406
104 15.20770263671875
105 12.051101684570313
106 14.490097045898438
107 15.347198486328125
108 11.257301330566406
109 17.40959930419922
110 16.987594604492188
111 12.414497375488281
112 11.371498107910156
113 13.428497314453125
114 10.764602661132813
115 11.128204345703125
116 8.896697998046875
117 9.898597717285156
118 9.091094970703125
119 10.005096435546875
120 15.90179443359375
121 9.247200012207031
122 8.755897521972656
123 8.012199401855469
124 9.83270263671875
125 8.236900329589844
126 13.1488037109375
127 12.13800048828125
128 15.419204711914063
129 12.9801025390625
130 7.811897277832031
131 9.208900451660156
132 13.166496276855469
133 10.482002258300781
134 9.642501831054688
135 9.155899047851563
136 8.38909912109375
137 8.737396240234375
138 6.600502014160156
139 10.569297790527344
140 9.727401733398438
141 9.250801086425781
142 9.977096557617188
143 9.726898193359375
144 7.8227996826171875
145 9.843299865722656
146 10.386497497558594
147 9.721397399902344
148 11.471603393554688
149 11.797103881835938
150 11.906600952148438
151 12.031303405761719
152 10.258995056152344
153 9.389297485351563
154 9.004600524902344
155 12.244697570800781
156 8.551498413085938
157 7.883399963378906
158 7.726295471191406
159 9.680900573730469
160 14.685897827148438
161 11.20660400390625
162 13.754302978515625
163 17.03429412841797
164 16.245399475097656
165 11.948501586914063
166 13.858100891113281
167 11.400802612304688
168 9.385101318359375
169 9.423095703125
170 15.490798950195313
171 14.682792663574219
172 14.313301086425781
173 9.703598022460938
174 10.417701721191406
175 10.653297424316406
176 8.044303894042969
177 10.83819580078125
178 8.821098327636719
179 10.2091064453125
180 10.0166015625
181 10.519401550292969
182 12.319198608398438
183 11.293701171875
184 11.647201538085938
185 7.855796813964844
186 9.769302368164063
187 17.748695373535156
188 17.46190643310547
189 18.17780303955078
190 16.706398010253906
191 10.589897155761719
192 10.283401489257813
193 5.918495178222656
194 7.750297546386719
195 9.946601867675781
196 8.697097778320313
197 8.403205871582031
198 14.048202514648438
199 10.780006408691406
200 12.510398864746094
201 9.355300903320313
202 6.467994689941406
203 10.797096252441406
204 10.794700622558594
205 13.197601318359375
206 12.3031005859375
207 10.977302551269531
208 9.975700378417969
209 10.585296630859375
210 8.865097045898438
211 10.29510498046875
212 5.6450958251953125
213 8.646003723144531
214 10.137405395507813
215 9.615798950195313
216 6.23260498046875
217 9.537002563476563
218 7.081001281738281
219 5.05560302734375
220 6.455497741699219
221 7.5334014892578125
222 12.684303283691406
223 9.495903015136719
224 8.492500305175781
225 6.6526031494140625
226 8.165504455566406
227 7.500801086425781
228 10.163101196289063
229 7.982002258300781
230 11.660697937011719
231 8.634902954101563
232 5.44110107421875
233 11.6322021484375
234 9.770698547363281
235 9.082000732421875
236 9.017997741699219
237 10.80560302734375
238 8.54559326171875
239 7.144798278808594
240 6.799995422363281
241 6.865898132324219
242 10.243995666503906
243 5.6697998046875
244 8.8489990234375
245 9.346702575683594
246 7.6309967041015625
247 5.5885009765625
248 9.371994018554688
249 14.384803771972656
250 7.544700622558594
251 12.191307067871094
252 12.802597045898438
253 16.15850067138672
254 10.367698669433594
255 11.642501831054688
256 7.268402099609375
257 11.170906066894531
258 10.297103881835938
259 11.665107727050781
260 8.188201904296875
261 7.197303771972656
262 8.333595275878906
263 10.988502502441406
264 8.007705688476563
265 3.4430999755859375
266 3.5847930908203125
267 0.36920166015625
268 1.6413955688476563
269 2.5774002075195313
270 1.5727005004882813
271 1.5817947387695313
272 5.2433013916015625
273 4.494102478027344
274 1.421600341796875
275 -0.6439971923828125
276 1.3911056518554688
277 3.6819000244140625
278 1.7461013793945313
279 0.9540023803710938
280 1.4907989501953125
281 1.6386947631835938
282 1.1103057861328125
283 1.10260009765625
284 -0.19640350341796875
285 1.7737045288085938
286 -2.0352020263671875
287 -2.7145004272460938
288 -1.3217010498046875
289 0.7935028076171875
290 1.4347076416015625
291 -0.760498046875
292 -0.26290130615234375
293 1.1974029541015625
294 2.1789016723632813
295 0.6203994750976563
296 5.527900695800781
297 3.4115982055664063
298 3.6525039672851563
299 1.403900146484375
300 1.374298095703125
301 2.6352996826171875
302 0.27509307861328125
303 2.49310302734375
304 4.086700439453125
305 1.7097015380859375
306 4.262298583984375
307 1.1567001342773438
308 2.7453994750976563
309 3.1454010009765625
310 2.7959976196289063
311 5.400001525878906
312 4.1876068115234375
313 6.2888946533203125
314 2.8596038818359375
315 2.5492019653320313
316 1.2327041625976563
317 1.6100997924804688
318 1.8084945678710938
319 3.811004638671875
320 3.1906051635742188
321 4.346900939941406
322 4.761497497558594
323 1.6400985717773438
324 2.398101806640625
325 5.553199768066406
326 2.847198486328125
327 3.3992919921875
328 0.5324020385742188
329 3.8551025390625
330 3.1270980834960938
331 2.9301986694335938
332 1.9174957275390625
333 3.48809814453125
334 4.4907989501953125
335 4.643699645996094
336 3.060302734375
337 1.1563034057617188
338 3.8079986572265625
339 3.4048004150390625
340 4.322906494140625
341 1.6433029174804688
342 0.7257003784179688
343 -0.141204833984375
344 -0.11419677734375
345 -1.1440048217773438
346 0.49149322509765625
347 0.5727996826171875
348 0.231597900390625
349 0.9972000122070313
350 3.0658035278320313
351 2.8149948120117188
352 0.45549774169921875
353 -0.30359649658203125
354 0.347198486328125
355 1.7011032104492188
356 1.8221969604492188
357 1.8284988403320313
358 3.2656021118164063
359 1.2898025512695313
360 1.6902008056640625
361 3.9722061157226563
362 2.45989990234375
363 3.789093017578125
364 4.0258026123046875
365 6.1298980712890625
366 4.32269287109375
367 1.7880935668945313
368 1.96929931640625
369 1.5702972412109375
370 3.9500045776367188
371 2.5641937255859375
372 3.7229995727539063
373 4.944602966308594
374 5.125099182128906
375 2.6617965698242188
376 2.783599853515625
377 2.630096435546875
378 2.7194976806640625
379 2.1591033935546875
380 3.2123031616210938
381 1.6933975219726563
382 1.685302734375
383 1.4805984497070313
384 2.6096038818359375
385 3.026397705078125
386 3.1306991577148438
387 3.681304931640625
388 3.41180419921875
389 3.106201171875
390 3.1142044067382813
391 4.613800048828125
392 2.3445968627929688
393 3.9839019775390625
394 2.5652999877929688
395 2.0196990966796875
396 5.226600646972656
397 4.3777008056640625
398 5.8455963134765625
399 6.662498474121094
400 7.726898193359375
401 4.389404296875
402 4.907501220703125
403 2.99639892578125
404 2.5734024047851563
405 1.4462051391601563
406 3.71240234375
407 0.7718048095703125
408 0.7010040283203125
409 1.8599014282226563
410 3.200897216796875
411 3.6771011352539063
412 1.407501220703125
413 3.9206008911132813
414 3.0023956298828125
415 0.7094039916992188
416 0.27339935302734375
417 1.4697952270507813
418 0.8841018676757813
419 2.462799072265625
420 3.3036956787109375
421 0.7775955200195313
422 1.6581039428710938
423 1.9567947387695313
424 2.32550048828125
425 1.5840988159179688
426 -0.9216995239257813
427 0.6523056030273438
428 1.922698974609375
429 4.4680023193359375
430 2.78399658203125
431 2.0970993041992188
432 3.58599853515625
433 1.4099960327148438
434 0.8626022338867188
435 1.579803466796875
436 4.75909423828125
437 4.014305114746094
438 -0.1204986572265625
439 1.3191986083984375
440 3.9986038208007813
441 1.5065994262695313
442 1.5586013793945313
443 2.0471038818359375
444 0.443603515625
445 0.933197021484375
446 1.9834976196289063
447 1.5261001586914063
448 1.8685989379882813
449 2.210296630859375
450 2.2434005737304688
451 3.100494384765625
452 5.273399353027344
453 5.515403747558594
454 3.8494033813476563
455 1.4792022705078125
456 2.8192977905273438
457 3.873504638671875
458 2.70550537109375
459 0.9952011108398438
460 -0.7152023315429688
461 -0.670501708984375
462 0.25910186767578125
463 0.8142013549804688
464 0.30899810791015625
465 0.5835952758789063
466 0.536102294921875
467 1.6960983276367188
468 2.7095947265625
469 4.742401123046875
470 4.782096862792969
471 3.4009017944335938
472 5.1470947265625
473 4.63250732421875
474 3.1804962158203125
475 2.9867019653320313
476 4.101997375488281
477 2.056396484375
478 1.8455047607421875
479 1.4520034790039063
480 2.5795974731445313
481 2.147705078125
482 2.0797958374023438
483 0.9199981689453125
484 2.7867050170898438
485 4.5428009033203125
486 3.6688995361328125
487 2.079803466796875
488 2.592498779296875
489 5.0092010498046875
490 5.2801971435546875
491 3.80389404296875
492 5.33050537109375
493 3.8127975463867188
494 0.0592041015625
495 2.0338973999023438
496 3.6157989501953125
497 1.656494140625
498 2.4886016845703125
499 1.7739944458007813
500 1.4080047607421875
