0 32.465599060058594
1 32.465599060058594
2 38.284706115722656
3 33.77110290527344
4 23.592796325683594
5 20.920196533203125
6 22.33850860595703
7 26.94860076904297
8 27.000595092773438
9 26.573204040527344
10 25.025299072265625
11 25.171310424804688
12 30.069000244140625
13 24.124008178710938
14 19.438201904296875
15 21.48180389404297
16 14.818199157714844
17 12.153701782226563
18 15.027801513671875
19 16.284706115722656
20 18.001197814941406
21 14.296897888183594
22 9.141899108886719
23 12.479301452636719
24 12.904098510742188
25 10.970199584960938
26 11.814605712890625
27 14.602607727050781
28 16.089004516601563
29 18.584205627441406
30 17.421005249023438
31 13.194305419921875
32 14.960700988769531
33 15.711097717285156
34 16.26219940185547
35 16.330604553222656
36 15.608901977539063
37 14.063003540039063
38 14.138496398925781
39 13.537094116210938
40 13.551506042480469
41 16.25170135498047
42 13.000099182128906
43 11.736907958984375
44 12.449600219726563
45 14.236793518066406
46 14.08599853515625
47 15.659194946289063
48 13.5968017578125
49 17.12689971923828
50 11.769203186035156
51 10.974693298339844
52 12.02789306640625
53 9.099403381347656
54 12.5458984375
55 12.8634033203125
56 12.700798034667969
57 12.093605041503906
58 13.65130615234375
59 10.502098083496094
60 11.727195739746094
61 12.018196105957031
62 13.572601318359375
63 16.470008850097656
64 14.232597351074219
65 14.55389404296875
66 13.90899658203125
67 17.738502502441406
68 13.380203247070313
69 11.919898986816406
70 16.116600036621094
71 18.840797424316406
72 14.467193603515625
73 12.611602783203125
74 11.964797973632813
75 13.163795471191406
76 11.033500671386719
77 10.178398132324219
78 9.584999084472656
79 9.9906005859375
80 13.293098449707031
81 14.037200927734375
82 12.695503234863281
83 15.107902526855469
84 15.777801513671875
85 15.382209777832031
86 13.398597717285156
87 12.053901672363281
88 11.786605834960938
89 13.824905395507813
90 11.599601745605469
91 14.083099365234375
92 10.649604797363281
93 12.535003662109375
94 13.9945068359375
95 12.562202453613281
96 12.043205261230469
97 14.763198852539063
98 11.247596740722656
99 13.348808288574219
100 10.973907470703125
101 9.858596801757813
102 11.452705383300781
103 11.6875
104 13.757705688476563
105 12.351097106933594
106 12.250099182128906
107 15.897201538085938
108 17.04730224609375
109 14.909599304199219
110 10.817596435546875
111 16.24449920654297
112 17.681503295898438
113 14.088493347167969
114 14.294601440429688
115 12.878196716308594
116 12.68670654296875
117 10.048599243164063
118 9.281097412109375
119 7.035102844238281
120 7.401802062988281
121 7.907203674316406
122 8.675895690917969
123 11.772201538085938
124 12.092704772949219
125 11.126907348632813
126 13.048805236816406
127 10.117996215820313
128 12.379203796386719
129 10.310096740722656
130 10.121902465820313
131 12.278900146484375
132 12.34649658203125
133 12.821998596191406
134 14.652503967285156
135 14.825904846191406
136 12.369094848632813
137 10.64739990234375
138 11.760498046875
139 14.639297485351563
140 13.277397155761719
141 15.750808715820313
142 13.397102355957031
143 15.806900024414063
144 16.222801208496094
145 15.193305969238281
146 11.946495056152344
147 13.431404113769531
148 9.08160400390625
149 11.197105407714844
150 12.916595458984375
151 16.28130340576172
152 11.15899658203125
153 11.759300231933594
154 8.494606018066406
155 8.394699096679688
156 10.441497802734375
157 10.373397827148438
158 11.306297302246094
159 9.560905456542969
160 12.375900268554688
161 12.716606140136719
162 8.97430419921875
163 6.654304504394531
164 11.915397644042969
165 11.0885009765625
166 11.538108825683594
167 8.540802001953125
168 11.795097351074219
169 9.373100280761719
170 13.63079833984375
171 12.852798461914063
172 11.493293762207031
173 15.603599548339844
174 7.307701110839844
175 8.933303833007813
176 9.34429931640625
177 9.938194274902344
178 11.551101684570313
179 12.629104614257813
180 7.6266021728515625
181 10.059402465820313
182 9.799201965332031
183 9.893699645996094
184 5.377197265625
185 10.105796813964844
186 9.809295654296875
187 9.198699951171875
188 10.021903991699219
189 8.30780029296875
190 7.5464019775390625
191 6.899894714355469
192 9.873405456542969
193 7.0384979248046875
194 9.420303344726563
195 10.326606750488281
196 11.557098388671875
197 9.163200378417969
198 6.7982025146484375
199 10.580001831054688
200 9.980400085449219
201 12.435302734375
202 13.147994995117188
203 14.007095336914063
204 15.044708251953125
205 11.827598571777344
206 9.453102111816406
207 8.91729736328125
208 12.395698547363281
209 14.535301208496094
210 14.805099487304688
211 13.635101318359375
212 15.085098266601563
213 14.256004333496094
214 14.887397766113281
215 12.875801086425781
216 12.252601623535156
217 14.717002868652344
218 15.771003723144531
219 14.005607604980469
220 13.485496520996094
221 11.743400573730469
222 13.124305725097656
223 14.785896301269531
224 14.852500915527344
225 11.482597351074219
226 13.705497741699219
227 15.590797424316406
228 15.813102722167969
229 15.1820068359375
230 16.630691528320313
231 12.154899597167969
232 12.221099853515625
233 11.612197875976563
234 13.200706481933594
235 9.641998291015625
236 12.877998352050781
237 12.465599060058594
238 13.475601196289063
239 13.094795227050781
240 14.610000610351563
241 14.905899047851563
242 16.944000244140625
243 17.429794311523438
244 19.95899200439453
245 16.92669677734375
246 14.560997009277344
247 15.128509521484375
248 14.511993408203125
249 15.134803771972656
250 16.464691162109375
251 15.351310729980469
252 18.432601928710938
253 13.798500061035156
254 12.087699890136719
255 13.202507019042969
256 16.708404541015625
257 15.510902404785156
258 12.277107238769531
259 14.045097351074219
260 12.768196105957031
261 14.417304992675781
262 14.473594665527344
263 13.878501892089844
264 13.447700500488281
265 13.063095092773438
266 12.954795837402344
267 14.799201965332031
268 14.421394348144531
269 17.627395629882813
270 16.33270263671875
271 12.931800842285156
272 13.933296203613281
273 16.724105834960938
274 14.931602478027344
275 17.2760009765625
276 15.501106262207031
277 15.171897888183594
278 16.6361083984375
279 15.763999938964844
280 14.610801696777344
281 16.578697204589844
282 18.38030242919922
283 15.312599182128906
284 17.793594360351563
285 18.61370086669922
286 19.914794921875
287 16.545494079589844
288 15.868309020996094
289 16.763504028320313
290 16.37470245361328
291 15.219497680664063
292 14.427101135253906
293 15.997398376464844
294 11.898895263671875
295 12.320396423339844
296 12.077896118164063
297 12.08160400390625
298 12.902503967285156
299 15.223899841308594
300 12.314300537109375
301 15.305305480957031
302 15.435096740722656
303 17.353103637695313
304 16.966705322265625
305 14.249702453613281
306 17.30230712890625
307 16.606704711914063
308 17.395401000976563
309 16.705398559570313
310 12.805999755859375
311 12.470001220703125
312 19.387603759765625
313 20.04889678955078
314 17.569610595703125
315 17.509201049804688
316 20.222702026367188
317 17.30010223388672
318 15.01849365234375
319 15.391006469726563
320 16.700599670410156
321 18.826904296875
322 15.011505126953125
323 12.66009521484375
324 12.538108825683594
325 11.313201904296875
326 12.137199401855469
327 9.799293518066406
328 14.812400817871094
329 13.065101623535156
330 16.21710205078125
331 12.460197448730469
332 17.887496948242188
333 16.43810272216797
334 15.300796508789063
335 14.503707885742188
336 11.920303344726563
337 11.706298828125
338 14.8280029296875
339 14.23480224609375
340 14.29290771484375
341 15.7532958984375
342 16.725692749023438
343 13.728790283203125
344 14.095802307128906
345 14.976005554199219
346 13.311492919921875
347 12.642799377441406
348 11.661598205566406
349 16.157203674316406
350 12.365806579589844
351 12.034996032714844
352 15.195503234863281
353 13.116409301757813
354 13.967201232910156
355 17.5111083984375
356 17.37220001220703
357 15.278495788574219
358 15.665603637695313
359 11.189796447753906
360 17.820205688476563
361 16.532203674316406
362 14.259902954101563
363 14.849098205566406
364 17.455795288085938
365 14.969902038574219
366 17.77269744873047
367 17.798095703125
368 13.109298706054688
369 14.350296020507813
370 17.279998779296875
371 18.974197387695313
372 17.83300018310547
373 15.914596557617188
374 14.865097045898438
375 15.731796264648438
376 15.153594970703125
377 13.85009765625
378 17.909500122070313
379 17.44910430908203
380 15.842308044433594
381 18.303390502929688
382 15.545303344726563
383 17.400596618652344
384 16.45960235595703
385 14.666397094726563
386 12.220703125
387 11.90130615234375
388 10.171806335449219
389 12.136199951171875
390 10.314201354980469
391 13.213798522949219
392 11.074600219726563
393 11.653900146484375
394 9.115303039550781
395 10.439704895019531
396 12.616600036621094
397 8.747695922851563
398 9.6156005859375
399 10.712501525878906
400 8.496902465820313
401 9.399398803710938
402 12.847503662109375
403 13.326400756835938
404 9.92340087890625
405 13.946205139160156
406 10.872398376464844
407 13.821800231933594
408 16.051002502441406
409 14.14990234375
410 15.010902404785156
411 16.077102661132813
412 12.917495727539063
413 13.550605773925781
414 15.132392883300781
415 14.069404602050781
416 10.893402099609375
417 11.899795532226563
418 12.114105224609375
419 13.612800598144531
420 13.943702697753906
421 13.577598571777344
422 16.388107299804688
423 16.14679718017578
424 19.595504760742188
425 17.404098510742188
426 17.08831024169922
427 17.56230926513672
428 14.382698059082031
429 16.238006591796875
430 18.66399383544922
431 14.877105712890625
432 16.055992126464844
433 18.51000213623047
434 16.36260223388672
435 15.7998046875
436 15.969093322753906
437 14.334304809570313
438 14.449501037597656
439 15.019195556640625
440 16.018600463867188
441 16.496597290039063
442 12.538604736328125
443 15.327102661132813
444 16.303604125976563
445 14.933197021484375
446 14.323501586914063
447 14.646095275878906
448 13.578605651855469
449 11.060295104980469
450 13.4833984375
451 14.910499572753906
452 12.463401794433594
453 14.025398254394531
454 17.55939483642578
455 14.979202270507813
456 13.799301147460938
457 14.273506164550781
458 15.595504760742188
459 13.315208435058594
460 14.85479736328125
461 12.939498901367188
462 15.149101257324219
463 11.984199523925781
464 10.609001159667969
465 11.993598937988281
466 9.756103515625
467 12.636100769042969
468 16.319595336914063
469 15.812393188476563
470 15.382102966308594
471 14.11090087890625
472 13.357101440429688
473 12.292503356933594
474 15.740501403808594
475 14.116706848144531
476 17.72199249267578
477 16.906394958496094
478 15.615501403808594
479 12.6820068359375
480 13.209602355957031
481 12.887702941894531
482 10.429801940917969
483 13.19000244140625
484 14.486701965332031
485 12.982803344726563
486 15.258903503417969
487 16.27979278564453
488 17.592506408691406
489 16.92920684814453
490 15.27020263671875
491 16.62389373779297
492 18.100509643554688
493 14.93280029296875
494 11.749198913574219
495 10.673896789550781
496 13.415802001953125
497 10.176498413085938
498 13.1885986328125
499 13.464004516601563
500 13.197998046875
