0 44.075599670410156
1 44.075599670410156
2 46.75469970703125
3 45.89109802246094
4 40.332794189453125
5 36.500205993652344
6 36.90850067138672
7 39.6885986328125
8 40.85060119628906
9 42.243202209472656
10 40.155303955078125
11 40.231300354003906
12 40.35900115966797
13 37.694000244140625
14 38.298194885253906
15 37.061798095703125
16 30.558204650878906
17 30.73370361328125
18 29.587806701660156
19 32.01470184326172
20 32.871192932128906
21 28.616897583007813
22 26.221900939941406
23 29.199302673339844
24 30.174102783203125
25 28.38019561767578
26 28.244606018066406
27 30.92259979248047
28 32.41899871826172
29 34.264198303222656
30 32.631004333496094
31 28.074302673339844
32 31.260704040527344
33 30.69110107421875
34 32.472198486328125
35 32.80059814453125
36 31.838897705078125
37 31.94300079345703
38 30.618499755859375
39 27.83709716796875
40 29.621505737304688
41 34.42170715332031
42 28.390098571777344
43 27.736900329589844
44 28.369598388671875
45 28.296798706054688
46 30.356002807617188
47 30.639190673828125
48 30.136802673339844
49 30.88690185546875
50 28.5592041015625
51 26.844696044921875
52 29.197898864746094
53 28.189407348632813
54 26.575904846191406
55 28.903404235839844
56 27.990798950195313
57 28.543601989746094
58 30.861305236816406
59 31.122100830078125
60 27.717201232910156
61 25.988204956054688
62 28.47260284423828
63 30.20000457763672
64 29.622596740722656
65 28.823898315429688
66 26.448997497558594
67 32.64849853515625
68 29.410202026367188
69 28.919898986816406
70 31.25659942626953
71 31.76080322265625
72 28.977195739746094
73 31.421600341796875
74 29.534805297851563
75 29.163803100585938
76 28.893508911132813
77 27.278404235839844
78 26.24500274658203
79 28.2406005859375
80 28.763092041015625
81 29.13719940185547
82 27.125503540039063
83 31.28790283203125
84 29.43779754638672
85 29.852203369140625
86 29.168594360351563
87 28.713905334472656
88 29.096603393554688
89 31.554901123046875
90 28.71959686279297
91 30.763099670410156
92 27.2196044921875
93 31.294998168945313
94 30.41449737548828
95 28.542205810546875
96 29.603195190429688
97 30.703201293945313
98 27.757598876953125
99 28.808799743652344
100 26.26390838623047
101 26.67859649658203
102 28.022705078125
103 28.967506408691406
104 29.897705078125
105 29.551101684570313
106 28.760101318359375
107 33.31719970703125
108 32.91730499267578
109 32.249603271484375
110 28.887596130371094
111 32.29449462890625
112 32.1715087890625
113 30.368499755859375
114 30.804595947265625
115 29.868202209472656
116 29.06670379638672
117 26.37859344482422
118 26.64110565185547
119 27.615097045898438
120 27.441795349121094
121 25.127197265625
122 26.86589813232422
123 27.932205200195313
124 28.58270263671875
125 29.33690643310547
126 28.728805541992188
127 26.858001708984375
128 29.389198303222656
129 29.04009246826172
130 28.26190185546875
131 29.92890167236328
132 29.77649688720703
133 30.891998291015625
134 31.20250701904297
135 29.98590087890625
136 29.45909881591797
137 27.71739959716797
138 29.560501098632813
139 31.439300537109375
140 31.167404174804688
141 31.340805053710938
142 28.357093811035156
143 34.4468994140625
144 31.632797241210938
145 31.113304138183594
146 29.766502380371094
147 30.301406860351563
148 29.231605529785156
149 28.447105407714844
150 28.8966064453125
151 32.72130584716797
152 28.02899932861328
153 29.509292602539063
154 23.814605712890625
155 27.474700927734375
156 26.861495971679688
157 27.8634033203125
158 26.996299743652344
159 25.890899658203125
160 28.60589599609375
161 29.566604614257813
162 27.694305419921875
163 24.10430145263672
164 26.98540496826172
165 25.57849884033203
166 28.648101806640625
167 26.740806579589844
168 30.54509735107422
169 25.81310272216797
170 31.150802612304688
171 28.882797241210938
172 29.853302001953125
173 33.30360412597656
174 27.46770477294922
175 27.163299560546875
176 26.634300231933594
177 27.048194885253906
178 31.57109832763672
179 26.88910675048828
180 24.856597900390625
181 25.20940399169922
182 27.959197998046875
183 27.28369903564453
184 23.497207641601563
185 25.955795288085938
186 28.239295959472656
187 27.90869903564453
188 26.531898498535156
189 25.777801513671875
190 23.736404418945313
191 23.07990264892578
192 26.153404235839844
193 23.77849578857422
194 23.67029571533203
195 25.7666015625
196 29.527099609375
197 26.383201599121094
198 22.22820281982422
199 27.159996032714844
200 26.890396118164063
201 28.62530517578125
202 32.157997131347656
203 31.727096557617188
204 29.51470947265625
205 28.377601623535156
206 26.463104248046875
207 26.157302856445313
208 30.39569854736328
209 30.835304260253906
210 32.55509948730469
211 28.23509979248047
212 29.895095825195313
213 30.70600128173828
214 31.557403564453125
215 28.905799865722656
216 28.472610473632813
217 31.027000427246094
218 32.35100555419922
219 30.705604553222656
220 30.94550323486328
221 29.62340545654297
222 29.22429656982422
223 29.455902099609375
224 30.722503662109375
225 26.942596435546875
226 30.51549530029297
227 30.230804443359375
228 30.593101501464844
229 32.07200622558594
230 34.440696716308594
231 27.27490997314453
232 29.031097412109375
233 27.002197265625
234 28.070701599121094
235 24.332000732421875
236 29.69800567626953
237 27.67559814453125
238 30.485595703125
239 29.194801330566406
240 30.279991149902344
241 30.225906372070313
242 31.393997192382813
243 31.889801025390625
244 34.069000244140625
245 32.576698303222656
246 31.60100555419922
247 29.988510131835938
248 29.441993713378906
249 30.754806518554688
250 29.674697875976563
251 29.491302490234375
252 31.132606506347656
253 28.168495178222656
254 26.407699584960938
255 28.13249969482422
256 29.468399047851563
257 30.390899658203125
258 26.517105102539063
259 28.905105590820313
260 28.0281982421875
261 30.6173095703125
262 29.273597717285156
263 28.89849853515625
264 29.347702026367188
265 29.923095703125
266 31.304794311523438
267 31.719200134277344
268 30.57140350341797
269 33.59739685058594
270 31.382705688476563
271 28.9718017578125
272 30.08330535888672
273 31.65410614013672
274 31.651596069335938
275 30.33599853515625
276 29.641098022460938
277 32.55189514160156
278 32.76610565185547
279 30.754005432128906
280 29.13079833984375
281 33.21869659423828
282 31.93030548095703
283 31.032608032226563
284 31.893600463867188
285 31.543701171875
286 31.754798889160156
287 29.595497131347656
288 30.548301696777344
289 31.41350555419922
290 32.06470489501953
291 33.36949920654297
292 28.567100524902344
293 30.01740264892578
294 25.81890106201172
295 25.660400390625
296 27.307899475097656
297 27.871597290039063
298 28.552505493164063
299 29.843902587890625
300 28.734298706054688
301 31.11530303955078
302 31.995094299316406
303 31.823104858398438
304 31.836708068847656
305 30.719703674316406
306 31.682296752929688
307 31.516708374023438
308 32.05540466308594
309 33.05540466308594
310 29.176002502441406
311 30.06000518798828
312 34.877601623535156
313 34.158897399902344
314 31.889602661132813
315 33.59919738769531
316 32.65270233154297
317 30.570098876953125
318 31.258499145507813
319 29.511001586914063
320 32.080604553222656
321 31.106895446777344
322 31.461502075195313
323 28.950103759765625
324 29.098098754882813
325 30.363197326660156
326 29.63720703125
327 28.989295959472656
328 31.432395935058594
329 29.955101013183594
330 31.227096557617188
331 29.2001953125
332 31.777503967285156
333 32.578094482421875
334 32.15080261230469
335 31.05370330810547
336 28.790306091308594
337 31.27629852294922
338 32.20800018310547
339 31.324806213378906
340 30.002899169921875
341 31.723297119140625
342 29.725692749023438
343 29.598800659179688
344 29.035804748535156
345 29.236000061035156
346 29.311500549316406
347 29.162803649902344
348 26.82160186767578
349 29.74720001220703
350 27.51580047607422
351 27.48499298095703
352 30.805503845214844
353 29.116409301757813
354 30.477195739746094
355 31.7510986328125
356 31.51219940185547
357 30.90850067138672
358 29.145599365234375
359 27.4197998046875
360 31.990203857421875
361 32.732200622558594
362 33.39990234375
363 33.859092712402344
364 34.50580596923828
365 32.189903259277344
366 34.912696838378906
367 34.66810607910156
368 31.859298706054688
369 30.24030303955078
370 34.290000915527344
371 34.774192810058594
372 33.25300598144531
373 31.984603881835938
374 30.42510223388672
375 30.89179229736328
376 30.8135986328125
377 30.110092163085938
378 31.769500732421875
379 34.3291015625
380 29.74230194091797
381 31.973403930664063
382 32.655303955078125
383 31.55060577392578
384 33.589599609375
385 28.706390380859375
386 27.760696411132813
387 28.41130828857422
388 28.181808471679688
389 26.566192626953125
390 28.394203186035156
391 28.033798217773438
392 25.714599609375
393 27.80390167236328
394 25.715293884277344
395 26.479698181152344
396 27.83660888671875
397 25.747695922851563
398 26.49559783935547
399 26.832504272460938
400 25.866905212402344
401 23.609405517578125
402 28.93750762939453
403 26.446395874023438
404 27.1134033203125
405 29.576202392578125
406 28.71239471435547
407 28.741806030273438
408 30.29100799560547
409 30.59990692138672
410 30.010902404785156
411 31.28710174560547
412 28.417503356933594
413 29.110610961914063
414 29.192398071289063
415 29.69940948486328
416 25.92339324951172
417 29.379791259765625
418 25.95410919189453
419 27.832801818847656
420 29.503700256347656
421 30.09759521484375
422 30.12810516357422
423 30.106796264648438
424 34.45550537109375
425 33.27410125732422
426 31.788299560546875
427 31.902305603027344
428 31.57269287109375
429 31.277999877929688
430 33.933998107910156
431 29.697105407714844
432 32.47599792480469
433 32.57000732421875
434 31.082603454589844
435 30.619796752929688
436 30.64910125732422
437 29.824302673339844
438 29.769500732421875
439 30.439193725585938
440 31.288597106933594
441 32.036598205566406
442 29.50859832763672
443 29.677108764648438
444 31.18360137939453
445 30.133201599121094
446 29.413497924804688
447 28.276100158691406
448 29.928604125976563
449 27.12030029296875
450 28.463401794433594
451 30.170501708984375
452 27.133399963378906
453 30.765403747558594
454 32.19940948486328
455 27.769203186035156
456 29.699302673339844
457 27.933502197265625
458 29.925498962402344
459 28.44519805908203
460 28.524795532226563
461 27.759506225585938
462 29.63910675048828
463 27.284202575683594
464 25.77899932861328
465 26.36359405517578
466 24.576095581054688
467 27.99610137939453
468 30.64960479736328
469 31.542404174804688
470 29.492095947265625
471 29.50090789794922
472 27.34709930419922
473 27.082504272460938
474 30.27050018310547
475 28.596702575683594
476 30.68199920654297
477 31.94640350341797
478 29.305503845214844
479 29.132003784179688
480 27.01959991455078
481 29.437705993652344
482 26.079795837402344
483 28.079994201660156
484 31.54669952392578
485 29.522796630859375
486 30.048904418945313
487 30.209800720214844
488 30.662506103515625
489 33.159210205078125
490 31.110198974609375
491 31.603897094726563
492 31.680503845214844
493 32.082801818847656
494 28.73919677734375
495 26.17389678955078
496 28.88579559326172
497 28.026504516601563
498 29.148605346679688
499 28.333999633789063
500 30.038002014160156
