0 22.275604248046875
1 22.275596618652344
2 21.524696350097656
3 19.871109008789063
4 19.032798767089844
5 15.380203247070313
6 16.76850128173828
7 17.418594360351563
8 19.360595703125
9 20.33319854736328
10 17.87529754638672
11 20.191307067871094
12 19.818992614746094
13 19.964004516601563
14 20.048194885253906
15 18.83179473876953
16 17.818206787109375
17 15.563697814941406
18 14.857810974121094
19 15.364700317382813
20 13.031196594238281
21 12.676902770996094
22 13.531906127929688
23 10.829299926757813
24 13.2041015625
25 11.700202941894531
26 10.934600830078125
27 11.2926025390625
28 11.129005432128906
29 13.374198913574219
30 10.920997619628906
31 9.964302062988281
32 10.320701599121094
33 9.401100158691406
34 9.402198791503906
35 9.62060546875
36 10.538902282714844
37 10.223007202148438
38 10.76849365234375
39 8.937095642089844
40 7.4615020751953125
41 10.131706237792969
42 8.570098876953125
43 8.176902770996094
44 8.9696044921875
45 8.896797180175781
46 8.646003723144531
47 9.119194030761719
48 9.706802368164063
49 9.716903686523438
50 10.639198303222656
51 7.3047027587890625
52 8.777900695800781
53 8.32940673828125
54 10.625900268554688
55 11.223403930664063
56 11.090797424316406
57 10.913604736328125
58 10.141304016113281
59 10.992103576660156
60 9.007194519042969
61 10.688201904296875
62 10.282600402832031
63 10.640007019042969
64 8.612594604492188
65 10.813896179199219
66 10.248992919921875
67 11.428497314453125
68 10.2001953125
69 9.20989990234375
70 9.726593017578125
71 7.26080322265625
72 7.477195739746094
73 8.931602478027344
74 9.524803161621094
75 9.393798828125
76 8.933509826660156
77 10.308395385742188
78 10.655006408691406
79 10.18060302734375
80 9.773101806640625
81 11.077201843261719
82 9.645500183105469
83 9.16790771484375
84 9.177803039550781
85 10.312202453613281
86 11.028594970703125
87 11.913902282714844
88 10.526603698730469
89 10.914901733398438
90 9.669601440429688
91 8.5531005859375
92 8.419601440429688
93 10.584999084472656
94 10.754501342773438
95 8.952201843261719
96 9.103202819824219
97 11.123199462890625
98 8.837593078613281
99 8.608802795410156
100 11.343902587890625
101 13.628593444824219
102 14.022697448730469
103 11.397499084472656
104 14.307708740234375
105 12.641098022460938
106 14.310104370117188
107 17.737205505371094
108 14.437309265136719
109 14.929595947265625
110 12.627593994140625
111 13.514503479003906
112 13.171501159667969
113 13.728492736816406
114 10.784599304199219
115 12.438201904296875
116 10.296699523925781
117 9.12860107421875
118 9.101104736328125
119 9.075103759765625
120 10.65179443359375
121 9.117202758789063
122 9.73590087890625
123 10.702201843261719
124 10.272705078125
125 9.396903991699219
126 12.818801879882813
127 11.63800048828125
128 13.449203491210938
129 11.480094909667969
130 10.471893310546875
131 11.078903198242188
132 11.34649658203125
133 11.772003173828125
134 12.152503967285156
135 11.605903625488281
136 10.849098205566406
137 10.847396850585938
138 8.840499877929688
139 11.979293823242188
140 12.477401733398438
141 12.420806884765625
142 11.277099609375
143 12.606903076171875
144 12.582801818847656
145 13.503303527832031
146 13.646499633789063
147 13.391403198242188
148 12.58160400390625
149 13.667106628417969
150 12.916595458984375
151 15.391304016113281
152 13.148994445800781
153 12.169296264648438
154 10.484603881835938
155 12.844696044921875
156 11.251502990722656
157 11.17340087890625
158 10.776298522949219
159 13.410903930664063
160 14.495895385742188
161 12.796600341796875
162 13.554298400878906
163 16.184295654296875
164 15.515403747558594
165 15.578498840332031
166 16.10810089111328
167 15.170799255371094
168 14.215103149414063
169 13.813102722167969
170 17.240798950195313
171 16.772804260253906
172 13.303298950195313
173 13.683601379394531
174 10.577705383300781
175 11.173301696777344
176 9.704299926757813
177 11.308197021484375
178 11.631103515625
179 11.959098815917969
180 10.576606750488281
181 12.169403076171875
182 12.609207153320313
183 12.1737060546875
184 10.907203674316406
185 10.975799560546875
186 12.789299011230469
187 13.548698425292969
188 12.991905212402344
189 11.957801818847656
190 12.476402282714844
191 10.309898376464844
192 10.443405151367188
193 10.028495788574219
194 11.520301818847656
195 13.626602172851563
196 12.187103271484375
197 12.583198547363281
198 14.008209228515625
199 14.32000732421875
200 14.420402526855469
201 11.595306396484375
202 11.428001403808594
203 14.497100830078125
204 13.244705200195313
205 13.437599182128906
206 12.573104858398438
207 11.787300109863281
208 13.685699462890625
209 14.495292663574219
210 14.015106201171875
211 14.365104675292969
212 13.795097351074219
213 14.306007385253906
214 15.017402648925781
215 14.365806579589844
216 11.062599182128906
217 13.977005004882813
218 13.4010009765625
219 12.785606384277344
220 10.485496520996094
221 11.67340087890625
222 12.5343017578125
223 13.055900573730469
224 13.382499694824219
225 10.872604370117188
226 12.435501098632813
227 9.810798645019531
228 10.943099975585938
229 12.672004699707031
230 15.430694580078125
231 11.434898376464844
232 10.381095886230469
233 14.022201538085938
234 12.980705261230469
235 11.052001953125
236 13.458000183105469
237 10.80560302734375
238 12.475593566894531
239 9.594802856445313
240 11.6199951171875
241 10.825904846191406
242 13.793998718261719
243 11.909797668457031
244 13.698997497558594
245 11.876701354980469
246 10.801002502441406
247 8.818504333496094
248 12.1719970703125
249 14.164802551269531
250 10.204696655273438
251 12.551300048828125
252 14.752601623535156
253 12.788505554199219
254 12.217704772949219
255 13.492500305175781
256 12.378395080566406
257 15.030899047851563
258 12.307098388671875
259 13.585105895996094
260 12.418197631835938
261 12.487297058105469
262 11.563591003417969
263 14.02850341796875
264 12.477699279785156
265 10.18310546875
266 10.394798278808594
267 8.109199523925781
268 7.2014007568359375
269 9.447395324707031
270 8.252700805664063
271 8.021797180175781
272 9.983299255371094
273 10.224105834960938
274 8.891593933105469
275 7.346000671386719
276 7.561103820800781
277 10.3218994140625
278 7.986106872558594
279 8.833999633789063
280 7.6508026123046875
281 9.028701782226563
282 8.920303344726563
283 8.23260498046875
284 8.593597412109375
285 7.98370361328125
286 6.9947967529296875
287 6.9954986572265625
288 6.778297424316406
289 9.15350341796875
290 9.464706420898438
291 7.629493713378906
292 7.777099609375
293 7.217399597167969
294 6.438896179199219
295 6.060394287109375
296 9.65789794921875
297 8.071601867675781
298 8.242500305175781
299 8.413902282714844
300 6.46429443359375
301 9.275299072265625
302 8.91510009765625
303 10.483100891113281
304 10.916702270507813
305 9.649703979492188
306 11.67230224609375
307 9.356704711914063
308 10.675407409667969
309 10.575401306152344
310 9.755996704101563
311 12.040000915527344
312 11.297607421875
313 12.128898620605469
314 9.889602661132813
315 10.3092041015625
316 10.122703552246094
317 9.7301025390625
318 9.738494873046875
319 10.941001892089844
320 10.390602111816406
321 11.776901245117188
322 11.6614990234375
323 9.000099182128906
324 9.468101501464844
325 10.663200378417969
326 8.527198791503906
327 8.779296875
328 8.762397766113281
329 11.035102844238281
330 11.107101440429688
331 9.910194396972656
332 9.987503051757813
333 11.468101501464844
334 11.280799865722656
335 11.753700256347656
336 9.9403076171875
337 8.346298217773438
338 10.467994689941406
339 10.4248046875
340 12.072906494140625
341 9.933303833007813
342 8.565696716308594
343 6.518791198730469
344 6.395805358886719
345 6.8860015869140625
346 7.401496887207031
347 8.092803955078125
348 7.901603698730469
349 7.547203063964844
350 8.855804443359375
351 9.125
352 8.615501403808594
353 9.176406860351563
354 7.667198181152344
355 9.881103515625
356 9.972198486328125
357 10.198501586914063
358 11.405601501464844
359 8.059799194335938
360 11.090194702148438
361 11.26220703125
362 9.669898986816406
363 11.419097900390625
364 11.055801391601563
365 11.479904174804688
366 10.592697143554688
367 10.60809326171875
368 8.96929931640625
369 8.370292663574219
370 11.450004577636719
371 10.654197692871094
372 11.292999267578125
373 11.454605102539063
374 11.345100402832031
375 10.381797790527344
376 9.623603820800781
377 8.780097961425781
378 10.779502868652344
379 10.029106140136719
380 10.592300415039063
381 10.033401489257813
382 8.775299072265625
383 8.55059814453125
384 9.389602661132813
385 10.216400146484375
386 9.450698852539063
387 9.511299133300781
388 9.041801452636719
389 8.756202697753906
390 9.324203491210938
391 10.70379638671875
392 8.124603271484375
393 9.353897094726563
394 7.6952972412109375
395 8.039703369140625
396 10.546600341796875
397 8.587699890136719
398 9.375595092773438
399 10.032501220703125
400 11.276901245117188
401 8.959403991699219
402 9.807502746582031
403 9.146400451660156
404 7.243400573730469
405 7.856208801269531
406 9.302398681640625
407 8.011802673339844
408 8.911003112792969
409 8.719902038574219
410 9.990898132324219
411 10.727104187011719
412 7.877494812011719
413 10.160606384277344
414 9.672393798828125
415 7.609397888183594
416 7.513397216796875
417 7.629798889160156
418 7.2841033935546875
419 8.752799987792969
420 9.223701477050781
421 8.607597351074219
422 9.188102722167969
423 9.146797180175781
424 10.575508117675781
425 10.39410400390625
426 7.94830322265625
427 8.882301330566406
428 9.682701110839844
429 10.527999877929688
430 11.7239990234375
431 8.757102966308594
432 10.2760009765625
433 9.649993896484375
434 8.392601013183594
435 8.35980224609375
436 10.879096984863281
437 9.404304504394531
438 6.249504089355469
439 7.559196472167969
440 10.708602905273438
441 8.356597900390625
442 7.348602294921875
443 8.487106323242188
444 8.493606567382813
445 7.813201904296875
446 9.123497009277344
447 8.286102294921875
448 9.548606872558594
449 8.330299377441406
450 9.04339599609375
451 8.70050048828125
452 10.273399353027344
453 10.645401000976563
454 10.609397888183594
455 7.4792022705078125
456 8.709297180175781
457 10.323501586914063
458 9.445503234863281
459 7.435203552246094
460 6.864799499511719
461 6.67950439453125
462 7.869102478027344
463 7.584205627441406
464 5.698997497558594
465 7.193595886230469
466 5.8961029052734375
467 7.43609619140625
468 9.459602355957031
469 11.402397155761719
470 9.96209716796875
471 8.610893249511719
472 10.037094116210938
473 8.902503967285156
474 8.870498657226563
475 7.7967071533203125
476 10.341995239257813
477 7.716400146484375
478 7.6855010986328125
479 7.332000732421875
480 7.3896026611328125
481 7.177703857421875
482 7.269798278808594
483 7.189994812011719
484 9.346702575683594
485 10.382797241210938
486 9.038902282714844
487 8.60980224609375
488 9.412506103515625
489 11.029205322265625
490 10.920204162597656
491 9.533897399902344
492 10.930503845214844
493 10.022804260253906
494 7.049201965332031
495 8.153900146484375
496 9.205795288085938
497 7.946502685546875
498 9.818603515625
499 9.003997802734375
500 9.447998046875
