0 33.22560119628906
1 33.22560119628906
2 37.814697265625
3 33.70110321044922
4 24.62279510498047
5 22.240203857421875
6 23.21849822998047
7 27.228599548339844
8 27.780601501464844
9 28.563201904296875
10 26.12530517578125
11 26.491302490234375
12 31.069000244140625
13 26.064010620117188
14 21.71819305419922
15 23.61180877685547
16 17.958206176757813
17 15.203697204589844
18 17.537803649902344
19 18.464698791503906
20 19.131202697753906
21 16.37689971923828
22 11.501899719238281
23 14.479301452636719
24 14.944107055664063
25 13.430198669433594
26 13.674606323242188
27 16.572601318359375
28 17.569000244140625
29 19.714202880859375
30 18.741004943847656
31 14.814300537109375
32 15.810707092285156
33 16.581100463867188
34 17.112197875976563
35 17.2406005859375
36 16.598907470703125
37 15.2030029296875
38 15.95849609375
39 15.547103881835938
40 14.811508178710938
41 17.56170654296875
42 13.930099487304688
43 12.50689697265625
44 13.139602661132813
45 14.856803894042969
46 15.376007080078125
47 16.2991943359375
48 14.616806030273438
49 18.076904296875
50 13.649200439453125
51 12.374702453613281
52 13.317901611328125
53 11.19940185546875
54 14.24591064453125
55 14.943397521972656
56 14.990791320800781
57 13.933601379394531
58 14.90130615234375
59 12.062103271484375
60 12.887199401855469
61 13.228195190429688
62 14.952606201171875
63 17.540000915527344
64 15.342597961425781
65 15.403900146484375
66 14.918998718261719
67 18.52849578857422
68 14.960197448730469
69 13.609901428222656
70 16.89659881591797
71 18.25079345703125
72 15.127189636230469
73 14.061599731445313
74 14.264801025390625
75 14.503799438476563
76 12.593505859375
77 12.008399963378906
78 11.605003356933594
79 11.730598449707031
80 14.5531005859375
81 14.747200012207031
82 13.845504760742188
83 15.377906799316406
84 16.337799072265625
85 15.342201232910156
86 14.61859130859375
87 13.383903503417969
88 13.376602172851563
89 15.484901428222656
90 13.549606323242188
91 14.983100891113281
92 12.059600830078125
93 13.995002746582031
94 15.80450439453125
95 13.772201538085938
96 13.733200073242188
97 16.503204345703125
98 12.947601318359375
99 14.068801879882813
100 12.983901977539063
101 12.098594665527344
102 13.572700500488281
103 13.767501831054688
104 15.95770263671875
105 14.451103210449219
106 14.900100708007813
107 18.61719512939453
108 18.73729705810547
109 16.729598999023438
110 13.317596435546875
111 17.574493408203125
112 18.131507873535156
113 15.598495483398438
114 15.754592895507813
115 14.438201904296875
116 14.716697692871094
117 11.858604431152344
118 10.841102600097656
119 9.015098571777344
120 9.281791687011719
121 9.777198791503906
122 10.405899047851563
123 13.482208251953125
124 13.682708740234375
125 12.646903991699219
126 14.658805847167969
127 12.087997436523438
128 14.409194946289063
129 12.660102844238281
130 11.841896057128906
131 12.978897094726563
132 14.036491394042969
133 15.091995239257813
134 16.852500915527344
135 16.655899047851563
136 14.499099731445313
137 12.917404174804688
138 13.20050048828125
139 16.359298706054688
140 15.387397766113281
141 16.900802612304688
142 15.047103881835938
143 17.93689727783203
144 18.032798767089844
145 17.38330841064453
146 14.256492614746094
147 15.541397094726563
148 11.771598815917969
149 13.447105407714844
150 15.006591796875
151 18.611305236816406
152 13.708992004394531
153 13.769302368164063
154 10.424598693847656
155 11.37469482421875
156 12.291496276855469
157 12.29339599609375
158 12.996299743652344
159 11.950904846191406
160 14.565895080566406
161 14.936599731445313
162 12.304298400878906
163 10.234298706054688
164 14.945396423339844
165 14.108497619628906
166 15.028106689453125
167 11.630805969238281
168 14.615104675292969
169 12.433097839355469
170 16.4407958984375
171 15.462799072265625
172 13.603302001953125
173 17.12360382080078
174 9.5177001953125
175 11.593307495117188
176 11.104301452636719
177 12.178199768066406
178 13.601097106933594
179 13.859100341796875
180 10.406600952148438
181 12.679405212402344
182 12.389198303222656
183 12.323707580566406
184 8.117195129394531
185 11.725799560546875
186 12.639305114746094
187 11.818702697753906
188 12.111900329589844
189 10.937797546386719
190 10.326400756835938
191 9.129898071289063
192 12.123405456542969
193 9.358497619628906
194 11.880294799804688
195 12.796600341796875
196 13.357101440429688
197 11.753204345703125
198 10.008201599121094
199 13.500007629394531
200 12.500396728515625
201 14.255302429199219
202 14.867996215820313
203 16.40709686279297
204 16.844711303710938
205 13.737594604492188
206 11.87310791015625
207 11.437301635742188
208 15.205703735351563
209 16.81529998779297
210 17.215103149414063
211 16.455101013183594
212 17.15509033203125
213 16.435997009277344
214 17.297401428222656
215 15.355796813964844
216 14.672607421875
217 17.097000122070313
218 17.811004638671875
219 16.855606079101563
220 15.665496826171875
221 14.30340576171875
222 15.484306335449219
223 16.87590789794922
224 17.26250457763672
225 14.012596130371094
226 15.975502014160156
227 16.920799255371094
228 18.213096618652344
229 17.842002868652344
230 18.950698852539063
231 14.314903259277344
232 14.451095581054688
233 14.542198181152344
234 15.610694885253906
235 12.352005004882813
236 15.498001098632813
237 15.135604858398438
238 15.965599060058594
239 14.544807434082031
240 16.529991149902344
241 16.695899963378906
242 19.013999938964844
243 18.97980499267578
244 21.72899627685547
245 19.036705017089844
246 16.810997009277344
247 16.478500366210938
248 16.941993713378906
249 17.904808044433594
250 18.024696350097656
251 17.311302185058594
252 19.962600708007813
253 15.808494567871094
254 14.067695617675781
255 15.472496032714844
256 18.7283935546875
257 17.73090362548828
258 14.047103881835938
259 15.995101928710938
260 14.878204345703125
261 16.36730194091797
262 16.453598022460938
263 16.078506469726563
264 15.877700805664063
265 14.833099365234375
266 15.044792175292969
267 15.939193725585938
268 15.721397399902344
269 18.71739959716797
270 17.112701416015625
271 14.451789855957031
272 15.503303527832031
273 17.46410369873047
274 16.421600341796875
275 17.866004943847656
276 16.351104736328125
277 16.741905212402344
278 17.19610595703125
279 17.064002990722656
280 15.540802001953125
281 17.47869873046875
282 19.14031219482422
283 16.42259979248047
284 18.213600158691406
285 19.023704528808594
286 20.154800415039063
287 17.845497131347656
288 16.908302307128906
289 17.90351104736328
290 17.654701232910156
291 16.219497680664063
292 15.887100219726563
293 16.4674072265625
294 13.088905334472656
295 13.5303955078125
296 13.947898864746094
297 13.311599731445313
298 14.622505187988281
299 16.743896484375
300 14.124298095703125
301 17.035301208496094
302 16.965103149414063
303 18.383094787597656
304 18.30670166015625
305 16.149703979492188
306 19.03229522705078
307 17.896697998046875
308 18.535400390625
309 18.46539306640625
310 14.765998840332031
311 14.920005798339844
312 20.53760528564453
313 21.18890380859375
314 18.669601440429688
315 18.519203186035156
316 20.70270538330078
317 18.650100708007813
318 16.8284912109375
319 16.52100372314453
320 18.00060272216797
321 20.166900634765625
322 16.6614990234375
323 14.120101928710938
324 14.348106384277344
325 13.033203125
326 13.587196350097656
327 11.819297790527344
328 15.922401428222656
329 15.095100402832031
330 17.507102966308594
331 14.060195922851563
332 18.50749969482422
333 17.60810089111328
334 16.81079864501953
335 15.743698120117188
336 13.660301208496094
337 13.756301879882813
338 16.358001708984375
339 16.014808654785156
340 16.09290313720703
341 16.593307495117188
342 16.505699157714844
343 14.258796691894531
344 14.905807495117188
345 16.246002197265625
346 14.761505126953125
347 14.222801208496094
348 13.211601257324219
349 16.797203063964844
350 14.225807189941406
351 14.034996032714844
352 16.795501708984375
353 15.166404724121094
354 15.557197570800781
355 18.5111083984375
356 18.332199096679688
357 16.52849578857422
358 17.095596313476563
359 13.029792785644531
360 19.180198669433594
361 17.992202758789063
362 16.189903259277344
363 16.95909881591797
364 18.415802001953125
365 16.39990234375
366 19.13269805908203
367 19.528091430664063
368 14.729293823242188
369 15.410293579101563
370 18.3800048828125
371 20.034194946289063
372 19.432998657226563
373 17.444595336914063
374 16.645095825195313
375 16.881790161132813
376 16.55359649658203
377 15.10009765625
378 18.749496459960938
379 18.849098205566406
380 17.392303466796875
381 19.10340118408203
382 16.62529754638672
383 17.12059783935547
384 17.639602661132813
385 15.666397094726563
386 13.880699157714844
387 13.861305236816406
388 11.961807250976563
389 13.116195678710938
390 11.764205932617188
391 14.743797302246094
392 11.834602355957031
393 12.553901672363281
394 10.635299682617188
395 11.909706115722656
396 13.7666015625
397 11.197700500488281
398 11.475593566894531
399 12.562507629394531
400 10.836906433105469
401 11.529403686523438
402 14.737503051757813
403 15.136398315429688
404 11.343406677246094
405 14.656196594238281
406 12.832405090332031
407 14.811798095703125
408 16.250999450683594
409 15.589897155761719
410 16.73090362548828
411 16.78710174560547
412 14.277496337890625
413 15.490608215332031
414 17.112396240234375
415 15.229400634765625
416 12.573394775390625
417 13.439796447753906
418 13.9541015625
419 15.012794494628906
420 15.273696899414063
421 14.767593383789063
422 17.6781005859375
423 16.84679412841797
424 20.485504150390625
425 18.82410430908203
426 17.798301696777344
427 18.712303161621094
428 15.262702941894531
429 17.3280029296875
430 20.40399932861328
431 16.267105102539063
432 17.2760009765625
433 19.470001220703125
434 17.362594604492188
435 16.61980438232422
436 17.299095153808594
437 15.544303894042969
438 15.119499206542969
439 15.839195251464844
440 17.658599853515625
441 17.02660369873047
442 14.048599243164063
443 16.08710479736328
444 16.75360870361328
445 15.703201293945313
446 15.65350341796875
447 15.366104125976563
448 14.908607482910156
449 12.360298156738281
450 15.063400268554688
451 16.620498657226563
452 13.953399658203125
453 15.605392456054688
454 18.679405212402344
455 15.399208068847656
456 14.889305114746094
457 15.373504638671875
458 16.425506591796875
459 14.605201721191406
460 15.814796447753906
461 14.249496459960938
462 15.809104919433594
463 13.154205322265625
464 12.299003601074219
465 13.173599243164063
466 10.826103210449219
467 13.946098327636719
468 16.9696044921875
469 17.182395935058594
470 16.042098999023438
471 14.880897521972656
472 14.817092895507813
473 13.742507934570313
474 16.540496826171875
475 14.756706237792969
476 18.691993713378906
477 17.956398010253906
478 16.345497131347656
479 13.812004089355469
480 14.27960205078125
481 14.447700500488281
482 12.439796447753906
483 14.659996032714844
484 16.18669891357422
485 15.042793273925781
486 16.36890411376953
487 17.85979461669922
488 19.13249969482422
489 18.449203491210938
490 16.89019775390625
491 18.133895874023438
492 19.370506286621094
493 16.75279998779297
494 13.509201049804688
495 12.443901062011719
496 14.805801391601563
497 11.72650146484375
498 14.908599853515625
499 14.813995361328125
500 14.758003234863281
