0 11.645599365234375
1 11.645599365234375
2 12.864700317382813
3 10.951103210449219
4 7.642799377441406
5 3.6302032470703125
6 6.158500671386719
7 3.2085952758789063
8 7.830596923828125
9 7.1432037353515625
10 4.6652984619140625
11 4.121299743652344
12 4.999000549316406
13 2.9039993286132813
14 4.8582000732421875
15 1.5418014526367188
16 -0.2218017578125
17 -3.1063003540039063
18 -2.8221969604492188
19 -1.715301513671875
20 -2.3588027954101563
21 -0.2530975341796875
22 1.2219009399414063
23 -1.9906997680664063
24 0.0641021728515625
25 -0.6898040771484375
26 -3.2253990173339844
27 -1.6273956298828125
28 -2.1910018920898438
29 2.8542022705078125
30 -0.22899627685546875
31 0.3943023681640625
32 -0.01929473876953125
33 0.42110443115234375
34 -0.6877975463867188
35 -3.4193954467773438
36 -2.06109619140625
37 -2.73699951171875
38 -1.381500244140625
39 -3.9029006958007813
40 -4.108497619628906
41 -1.348297119140625
42 -2.1399002075195313
43 -1.9730987548828125
44 1.1696014404296875
45 1.6968002319335938
46 -2.2739944458007813
47 -1.1808013916015625
48 -0.743194580078125
49 -2.203094482421875
50 -0.5907974243164063
51 -3.5053024291992188
52 -2.4621009826660156
53 -3.2205963134765625
54 -0.294097900390625
55 -1.856597900390625
56 -2.889202117919922
57 -1.7563934326171875
58 -0.15869140625
59 1.3820953369140625
60 1.097198486328125
61 0.5681991577148438
62 0.9426040649414063
63 -0.37000274658203125
64 0.66259765625
65 3.3739013671875
66 0.5289993286132813
67 1.178497314453125
68 -2.47979736328125
69 -1.0301055908203125
70 0.0166015625
71 -1.4191970825195313
72 -3.6628036499023438
73 -2.1084022521972656
74 -1.6352005004882813
75 -0.8162002563476563
76 -1.5264968872070313
77 -2.091602325439453
78 -1.2949981689453125
79 -2.3394012451171875
80 -1.2069015502929688
81 -0.8227996826171875
82 -1.834503173828125
83 -3.9320945739746094
84 -2.44219970703125
85 -2.3677978515625
86 -1.00140380859375
87 -0.11609649658203125
88 -1.133392333984375
89 -2.7451019287109375
90 -3.0403976440429688
91 -3.826904296875
92 -4.790397644042969
93 -2.8949966430664063
94 -4.5854949951171875
95 -3.9777984619140625
96 -5.186798095703125
97 -4.006801605224609
98 -3.0024032592773438
99 -1.3711929321289063
100 0.1139068603515625
101 0.4886016845703125
102 0.5027008056640625
103 -1.1125030517578125
104 0.27770233154296875
105 -1.4289016723632813
106 -0.9198989868164063
107 2.1872024536132813
108 1.0672988891601563
109 1.0395965576171875
110 -1.0824050903320313
111 0.8344955444335938
112 0.29149627685546875
113 1.2584991455078125
114 1.0946044921875
115 -0.07180023193359375
116 -1.8032989501953125
117 -1.9113998413085938
118 -1.1489028930664063
119 -0.96490478515625
120 0.8317947387695313
121 -0.23279571533203125
122 0.36589813232421875
123 0.102203369140625
124 -0.5172958374023438
125 -2.0330963134765625
126 1.808807373046875
127 0.108001708984375
128 1.0991973876953125
129 -0.12990570068359375
130 -0.7281036376953125
131 1.718902587890625
132 0.38649749755859375
133 -1.5380020141601563
134 -2.3774986267089844
135 -3.3340988159179688
136 -2.850902557373047
137 -3.7925987243652344
138 -3.6495018005371094
139 -2.4806976318359375
140 -1.2126007080078125
141 -2.7292022705078125
142 -2.472900390625
143 -1.963104248046875
144 -1.8972015380859375
145 -2.5666961669921875
146 -2.6635055541992188
147 -0.8586044311523438
148 -3.1083984375
149 -2.1229019165039063
150 -2.643402099609375
151 -0.9286956787109375
152 -0.9509963989257813
153 -2.3207015991210938
154 -4.245399475097656
155 -2.5552978515625
156 -2.678497314453125
157 -3.376598358154297
158 -3.7137069702148438
159 -3.8390960693359375
160 -2.7441024780273438
161 -4.883396148681641
162 -3.5257034301757813
163 -1.3556976318359375
164 -2.8846054077148438
165 -3.551502227783203
166 -1.4419021606445313
167 -2.1691970825195313
168 -1.8449020385742188
169 -3.4369049072265625
170 -0.649200439453125
171 -0.16719818115234375
172 -1.2566986083984375
173 0.0836029052734375
174 -3.242298126220703
175 -3.416698455810547
176 -4.105701446533203
177 -2.3018035888671875
178 -3.3988990783691406
179 -2.5608978271484375
180 -5.633399963378906
181 -4.540599822998047
182 -3.7807998657226563
183 -3.5763015747070313
184 -3.2827987670898438
185 -3.9742050170898438
186 -2.800701141357422
187 -2.051300048828125
188 -2.8480987548828125
189 -4.872200012207031
190 -3.9535980224609375
191 -5.760105133056641
192 -5.576595306396484
193 -6.721504211425781
194 -5.339702606201172
195 -4.29339599609375
196 -4.7729034423828125
197 -4.6067962646484375
198 -3.8917999267578125
199 -3.339996337890625
200 -2.2096023559570313
201 -4.254703521728516
202 -4.61199951171875
203 -3.702899932861328
204 -3.4252967834472656
205 -3.302398681640625
206 -3.8568954467773438
207 -5.662700653076172
208 -4.59429931640625
209 -2.9847030639648438
210 -3.8649024963378906
211 -3.6848983764648438
212 -3.554901123046875
213 -4.1439971923828125
214 -2.6125946044921875
215 -3.6842002868652344
216 -6.297401428222656
217 -3.9530029296875
218 -2.9589996337890625
219 -4.5243988037109375
220 -5.864505767822266
221 -5.9965972900390625
222 -4.40570068359375
223 -4.984096527099609
224 -4.347496032714844
225 -6.737400054931641
226 -6.234500885009766
227 -6.929203033447266
228 -6.0269012451171875
229 -4.777996063232422
230 -3.4593048095703125
231 -5.545097351074219
232 -6.018901824951172
233 -4.9777984619140625
234 -4.529300689697266
235 -7.088001251220703
236 -4.6620025634765625
237 -6.084400177001953
238 -4.834403991699219
239 -5.9552001953125
240 -4.040000915527344
241 -5.1540985107421875
242 -4.0160064697265625
243 -4.140205383300781
244 -2.4210052490234375
245 -4.5233001708984375
246 -4.819000244140625
247 -5.391498565673828
248 -3.9380035400390625
249 -3.4151992797851563
250 -6.185302734375
251 -4.9286956787109375
252 -2.2574005126953125
253 -4.311500549316406
254 -5.4022979736328125
255 -4.337501525878906
256 -5.0316009521484375
257 -3.669097900390625
258 -5.272899627685547
259 -3.5648956298828125
260 -5.041797637939453
261 -4.8726959228515625
262 -5.7364044189453125
263 -4.001499176025391
264 -4.222297668457031
265 -6.406902313232422
266 -5.625205993652344
267 -5.4008026123046875
268 -7.218597412109375
269 -3.7325973510742188
270 -4.4073028564453125
271 -6.058204650878906
272 -4.6667022705078125
273 -4.145896911621094
274 -5.778404235839844
275 -6.3639984130859375
276 -5.2588958740234375
277 -4.158100128173828
278 -5.213897705078125
279 -6.8560028076171875
280 -7.249202728271484
281 -6.281303405761719
282 -5.8596954345703125
283 -5.837394714355469
284 -5.856407165527344
285 -4.796295166015625
286 -4.9552001953125
287 -6.654502868652344
288 -6.641700744628906
289 -4.2864990234375
290 -5.345298767089844
291 -6.920501708984375
292 -7.412895202636719
293 -5.60260009765625
294 -7.651100158691406
295 -7.339599609375
296 -6.252105712890625
297 -6.488395690917969
298 -6.3874969482421875
299 -6.6761016845703125
300 -7.395698547363281
301 -5.894702911376953
302 -5.794902801513672
303 -5.356895446777344
304 -4.263298034667969
305 -5.690299987792969
306 -3.1677017211914063
307 -5.8032989501953125
308 -4.514595031738281
309 -4.694602966308594
310 -6.204006195068359
311 -4.9499969482421875
312 -2.172393798828125
313 -2.9811019897460938
314 -3.97039794921875
315 -4.170803070068359
316 -5.047298431396484
317 -5.699901580810547
318 -6.121501922607422
319 -5.109001159667969
320 -4.059398651123047
321 -3.8931045532226563
322 -2.9185028076171875
323 -5.219902038574219
324 -5.971897125244141
325 -4.126800537109375
326 -6.002799987792969
327 -6.250701904296875
328 -3.7176055908203125
329 -3.864898681640625
330 -2.6128997802734375
331 -4.319801330566406
332 -3.8525009155273438
333 -3.7019004821777344
334 -3.1292037963867188
335 -3.3762969970703125
336 -4.679698944091797
337 -5.4636993408203125
338 -3.542003631591797
339 -2.6251983642578125
340 -3.33709716796875
341 -2.9766998291015625
342 -3.2042999267578125
343 -4.5612030029296875
344 -6.1342010498046875
345 -6.0540008544921875
346 -6.008506774902344
347 -6.977199554443359
348 -8.078399658203125
349 -7.222801208496094
350 -7.0041961669921875
351 -7.475002288818359
352 -6.334499359130859
353 -6.0635986328125
354 -5.4828033447265625
355 -3.9788970947265625
356 -3.8478012084960938
357 -4.971504211425781
358 -5.8843994140625
359 -8.640201568603516
360 -4.549797058105469
361 -5.307796478271484
362 -4.750099182128906
363 -4.950904846191406
364 -4.144199371337891
365 -3.9300994873046875
366 -4.707302093505859
367 -5.0919036865234375
368 -5.8907012939453125
369 -5.4897003173828125
370 -4.089996337890625
371 -2.6858062744140625
372 -3.687000274658203
373 -2.8853988647460938
374 -4.6649017333984375
375 -4.658203125
376 -5.536399841308594
377 -4.499904632568359
378 -2.7205047607421875
379 -4.620899200439453
380 -2.4376983642578125
381 -2.486602783203125
382 -4.274696350097656
383 -0.9593963623046875
384 -2.330402374267578
385 -4.7136077880859375
386 -6.369300842285156
387 -6.308696746826172
388 -6.238197326660156
389 -4.7238006591796875
390 -3.5557937622070313
391 -5.2162017822265625
392 -4.755401611328125
393 -3.646099090576172
394 -6.134700775146484
395 -5.250301361083984
396 -3.5233993530273438
397 -6.772304534912109
398 -4.3444061279296875
399 -5.74749755859375
400 -4.843101501464844
401 -7.090599060058594
402 -5.832496643066406
403 -6.853607177734375
404 -6.206596374511719
405 -6.363800048828125
406 -6.447601318359375
407 -6.958198547363281
408 -3.9189987182617188
409 -5.040096282958984
410 -5.119102478027344
411 -3.6729049682617188
412 -6.3925018310546875
413 -5.919399261474609
414 -6.3076019287109375
415 -7.150596618652344
416 -9.186603546142578
417 -6.290203094482422
418 -6.705894470214844
419 -5.877201080322266
420 -4.586299896240234
421 -5.472404479980469
422 -4.781898498535156
423 -5.153202056884766
424 -2.0344924926757813
425 -3.3159027099609375
426 -5.151699066162109
427 -5.5177001953125
428 -4.9373016357421875
429 -5.121997833251953
430 -4.266002655029297
431 -6.072898864746094
432 -4.394001007080078
433 -5.370002746582031
434 -4.767398834228516
435 -4.9701995849609375
436 -2.7108993530273438
437 -3.5656967163085938
438 -6.300498962402344
439 -4.210807800292969
440 -3.2414016723632813
441 -4.573398590087891
442 -4.101398468017578
443 -4.742897033691406
444 -1.7264022827148438
445 -4.0467987060546875
446 -4.696498870849609
447 -5.8238983154296875
448 -4.8813934326171875
449 -4.889701843261719
450 -4.4665985107421875
451 -6.3695068359375
452 -4.626598358154297
453 -3.204601287841797
454 -3.3606033325195313
455 -4.840797424316406
456 -4.260700225830078
457 -3.3164939880371094
458 -3.6544952392578125
459 -5.264797210693359
460 -6.605201721191406
461 -7.1405029296875
462 -5.320896148681641
463 -5.5657958984375
464 -7.661003112792969
465 -5.9364013671875
466 -7.093898773193359
467 -4.743900299072266
468 -3.270404815673828
469 -2.1576004028320313
470 -3.2179031372070313
471 -4.459098815917969
472 -4.672901153564453
473 -5.787498474121094
474 -4.869503021240234
475 -5.1432952880859375
476 -4.318004608154297
477 -5.63360595703125
478 -4.67449951171875
479 -5.887996673583984
480 -5.910404205322266
481 -6.632297515869141
482 -6.800201416015625
483 -5.590003967285156
484 -4.503299713134766
485 -4.367198944091797
486 -5.461101531982422
487 -5.4102020263671875
488 -5.847496032714844
489 -2.350799560546875
490 -3.629802703857422
491 -3.1561050415039063
492 -2.989501953125
493 -3.9071998596191406
494 -5.470798492431641
495 -4.846099853515625
496 -3.3342056274414063
497 -4.193504333496094
498 -4.3513946533203125
499 -5.336002349853516
500 -5.541999816894531
