0 10.405609130859375
1 10.405601501464844
2 9.50469970703125
3 9.451103210449219
4 10.412796020507813
5 7.540199279785156
6 6.968505859375
7 6.478599548339844
8 8.000602722167969
9 11.053199768066406
10 7.965301513671875
11 10.731307983398438
12 9.288993835449219
13 10.03399658203125
14 12.358200073242188
15 11.601799011230469
16 13.768196105957031
17 10.293701171875
18 10.247802734375
19 8.854698181152344
20 4.4311981201171875
21 6.1968994140625
22 7.471900939941406
23 4.379302978515625
24 5.1840972900390625
25 5.460197448730469
26 2.6446075439453125
27 2.4026031494140625
28 1.3389968872070313
29 4.084205627441406
30 1.6310043334960938
31 0.97430419921875
32 1.060699462890625
33 0.0511016845703125
34 -0.7877960205078125
35 -0.7694015502929688
36 0.7689056396484375
37 0.5830078125
38 0.6585006713867188
39 -0.1829071044921875
40 -2.1084976196289063
41 1.0817031860351563
42 -0.5399017333984375
43 -0.0531005859375
44 -0.410400390625
45 -0.02320098876953125
46 -1.4239959716796875
47 -0.2108001708984375
48 1.5867996215820313
49 1.6769027709960938
50 1.9492034912109375
51 -0.6053009033203125
52 -0.30210113525390625
53 -0.270599365234375
54 2.0459060668945313
55 1.7234039306640625
56 2.4207992553710938
57 3.1836013793945313
58 0.6713027954101563
59 3.2920989990234375
60 0.7172012329101563
61 2.5382003784179688
62 1.512603759765625
63 0.8900070190429688
64 -1.0674057006835938
65 1.80389404296875
66 1.0989990234375
67 1.5384979248046875
68 0.8702011108398438
69 1.2498931884765625
70 0.28659820556640625
71 -3.2491989135742188
72 -4.2028045654296875
73 -1.8384017944335938
74 -0.07520294189453125
75 0.43379974365234375
76 0.5835037231445313
77 2.5183944702148438
78 4.3350067138671875
79 1.6505966186523438
80 1.7130966186523438
81 3.627197265625
82 2.0954971313476563
83 0.347900390625
84 1.5977935791015625
85 2.5222015380859375
86 4.778594970703125
87 3.8239059448242188
88 4.986602783203125
89 2.7549057006835938
90 2.7096023559570313
91 0.5130996704101563
92 0.29959869384765625
93 4.0749969482421875
94 2.0645065307617188
95 0.20220184326171875
96 0.503204345703125
97 2.2332000732421875
98 1.1975936889648438
99 0.428802490234375
100 4.93389892578125
101 8.4385986328125
102 11.382698059082031
103 7.677497863769531
104 10.117706298828125
105 6.8910980224609375
106 12.560104370117188
107 12.337196350097656
108 7.017295837402344
109 11.549598693847656
110 11.78759765625
111 7.624504089355469
112 6.2415008544921875
113 8.058502197265625
114 5.114601135253906
115 6.378204345703125
116 4.486701965332031
117 4.478599548339844
118 3.911102294921875
119 5.065101623535156
120 9.631797790527344
121 9.207199096679688
122 7.355903625488281
123 6.032203674316406
124 6.112701416015625
125 4.816902160644531
126 9.248802185058594
127 7.13800048828125
128 10.839202880859375
129 9.10009765625
130 6.641899108886719
131 8.278900146484375
132 9.916496276855469
133 9.541999816894531
134 7.422508239746094
135 7.545906066894531
136 6.3990936279296875
137 5.427398681640625
138 1.4504928588867188
139 6.709297180175781
140 7.2274017333984375
141 7.910797119140625
142 7.617095947265625
143 6.726905822753906
144 5.812797546386719
145 8.993301391601563
146 9.156501770019531
147 7.331398010253906
148 8.301605224609375
149 10.367103576660156
150 9.036598205566406
151 10.141304016113281
152 8.78900146484375
153 6.709297180175781
154 5.2346038818359375
155 9.424697875976563
156 5.8715057373046875
157 5.603401184082031
158 6.826301574707031
159 7.770896911621094
160 14.075897216796875
161 9.486602783203125
162 9.964302062988281
163 15.014305114746094
164 14.385398864746094
165 12.89849853515625
166 12.888107299804688
167 8.160804748535156
168 8.22509765625
169 7.923103332519531
170 13.100799560546875
171 12.782798767089844
172 9.813301086425781
173 6.683601379394531
174 8.807708740234375
175 7.033302307128906
176 5.374305725097656
177 9.598197937011719
178 7.0511016845703125
179 9.119102478027344
180 8.486602783203125
181 7.989402770996094
182 7.919197082519531
183 8.283706665039063
184 8.477203369140625
185 5.0157928466796875
186 6.83929443359375
187 13.178695678710938
188 11.851898193359375
189 16.1278076171875
190 14.12640380859375
191 8.249893188476563
192 10.453407287597656
193 5.828498840332031
194 5.330299377441406
195 11.196601867675781
196 7.067100524902344
197 7.1132049560546875
198 12.688201904296875
199 12.120002746582031
200 11.480400085449219
201 6.9752960205078125
202 5.1179962158203125
203 9.627098083496094
204 10.224708557128906
205 10.667594909667969
206 9.223098754882813
207 8.677299499511719
208 11.105705261230469
209 11.005302429199219
210 8.695098876953125
211 7.325103759765625
212 4.8050994873046875
213 8.086006164550781
214 7.5373992919921875
215 9.025802612304688
216 4.222602844238281
217 9.347000122070313
218 5.1009979248046875
219 5.485603332519531
220 3.7954940795898438
221 7.853401184082031
222 8.854301452636719
223 6.6759033203125
224 6.6725006103515625
225 4.442596435546875
226 3.9355010986328125
227 4.600799560546875
228 6.013099670410156
229 7.332000732421875
230 9.700698852539063
231 8.354904174804688
232 6.5211029052734375
233 13.922203063964844
234 7.260704040527344
235 5.582000732421875
236 6.327995300292969
237 6.17559814453125
238 5.205596923828125
239 5.034797668457031
240 5.319999694824219
241 5.385902404785156
242 7.763999938964844
243 3.7397994995117188
244 6.359001159667969
245 6.42669677734375
246 4.221000671386719
247 1.5784988403320313
248 5.652000427246094
249 9.574798583984375
250 4.37469482421875
251 8.001304626464844
252 9.472602844238281
253 10.748504638671875
254 5.677703857421875
255 8.042503356933594
256 7.298393249511719
257 8.890899658203125
258 6.057106018066406
259 8.525100708007813
260 4.8282012939453125
261 3.7173004150390625
262 4.9835968017578125
263 8.988502502441406
264 4.987701416015625
265 -0.63690185546875
266 0.6847991943359375
267 -4.140800476074219
268 -2.9385986328125
269 -2.1126022338867188
270 -3.04730224609375
271 -3.3082046508789063
272 -0.18669891357421875
273 -0.33589935302734375
274 -3.3183975219726563
275 -4.964000701904297
276 -4.2288970947265625
277 -1.0680999755859375
278 -2.903900146484375
279 -2.0960006713867188
280 -2.23919677734375
281 -2.2612991333007813
282 -1.8897018432617188
283 -2.6673965454101563
284 -3.5264053344726563
285 -3.0062942504882813
286 -5.8451995849609375
287 -5.794502258300781
288 -5.251701354980469
289 -2.9464950561523438
290 -1.9352989196777344
291 -1.9705047607421875
292 -4.042900085449219
293 -3.8825950622558594
294 -2.6610984802246094
295 -3.8296051025390625
296 1.1879043579101563
297 -1.578399658203125
298 -1.5574951171875
299 -2.9661026000976563
300 -2.865703582763672
301 -1.4847030639648438
302 -3.8749046325683594
303 -1.3169021606445313
304 -0.26329803466796875
305 -2.4203033447265625
306 0.452301025390625
307 -2.8632965087890625
308 -0.8545989990234375
309 -1.03460693359375
310 -1.824005126953125
311 1.1800003051757813
312 -0.8323974609375
313 1.708892822265625
314 -1.5303955078125
315 -1.7907981872558594
316 -2.3072967529296875
317 -1.7599029541015625
318 -2.301502227783203
319 -0.6989974975585938
320 -1.349395751953125
321 0.4669036865234375
322 0.7314987182617188
323 -2.7599029541015625
324 -1.4419021606445313
325 1.3631973266601563
326 -1.4527969360351563
327 -0.6107025146484375
328 -3.327606201171875
329 -0.10489654541015625
330 -1.132904052734375
331 -1.579803466796875
332 -0.782501220703125
333 0.5980987548828125
334 0.910797119140625
335 0.5236968994140625
336 -1.0996932983398438
337 -2.7236976623535156
338 -0.34200286865234375
339 -0.27519989013671875
340 0.45290374755859375
341 -2.8567047119140625
342 -4.164302825927734
343 -4.951202392578125
344 -4.264198303222656
345 -5.534004211425781
346 -3.608501434326172
347 -3.3572006225585938
348 -2.3384017944335938
349 -3.5727996826171875
350 -1.3542022705078125
351 -0.725006103515625
352 -3.0045013427734375
353 -3.00360107421875
354 -2.872802734375
355 -2.2388992309570313
356 -2.0378036499023438
357 -2.0415000915527344
358 -0.28440093994140625
359 -1.4202041625976563
360 -1.35980224609375
361 0.5522003173828125
362 -0.8600997924804688
363 -0.4709014892578125
364 -1.0041961669921875
365 1.869903564453125
366 -0.197296142578125
367 -1.0819091796875
368 -1.3006973266601563
369 -2.2696990966796875
370 1.279998779296875
371 -0.5457992553710938
372 0.5830001831054688
373 1.304595947265625
374 1.7650985717773438
375 -1.158203125
376 -1.0564041137695313
377 -1.70989990234375
378 -1.510498046875
379 -1.0208969116210938
380 -1.2176971435546875
381 -2.6766014099121094
382 -2.5946998596191406
383 -3.599395751953125
384 -1.8903999328613281
385 -0.5136032104492188
386 -0.5093002319335938
387 0.22130584716796875
388 -1.178192138671875
389 -1.493804931640625
390 -1.75579833984375
391 0.48380279541015625
392 -2.6353988647460938
393 -0.6761016845703125
394 -1.4547042846679688
395 -1.7602996826171875
396 1.3965988159179688
397 0.5876922607421875
398 1.4056015014648438
399 2.8725051879882813
400 3.606903076171875
401 1.3094024658203125
402 1.7775039672851563
403 -0.25360107421875
404 -0.9166030883789063
405 -2.5637969970703125
406 0.96240234375
407 -2.21820068359375
408 -2.259002685546875
409 -1.10009765625
410 0.21089935302734375
411 0.27710723876953125
412 -1.4625015258789063
413 0.8006057739257813
414 0.40239715576171875
415 -3.2705955505371094
416 -2.8266029357910156
417 -2.4502029418945313
418 -2.885894775390625
419 -0.63720703125
420 0.013702392578125
421 -2.3524093627929688
422 -1.7219009399414063
423 -1.6432037353515625
424 -0.9744949340820313
425 -1.98590087890625
426 -5.221698760986328
427 -2.5076980590820313
428 -0.5073013305664063
429 1.1180038452148438
430 0.16399383544921875
431 -1.9328994750976563
432 0.1959991455078125
433 -1.9599990844726563
434 -3.117401123046875
435 -2.6702041625976563
436 0.7690963745117188
437 -0.27569580078125
438 -3.4605026245117188
439 -2.1707992553710938
440 0.7885971069335938
441 -2.183399200439453
442 -2.9914016723632813
443 -1.5928955078125
444 -3.2063980102539063
445 -2.9168014526367188
446 -1.7065048217773438
447 -1.9939041137695313
448 -1.5013961791992188
449 -0.919708251953125
450 -1.0666046142578125
451 -0.41950225830078125
452 1.2134017944335938
453 1.3653945922851563
454 0.289398193359375
455 -3.0307960510253906
456 -1.8207015991210938
457 0.25350189208984375
458 -1.54449462890625
459 -3.10479736328125
460 -3.9151992797851563
461 -4.010498046875
462 -3.240894317626953
463 -2.5158004760742188
464 -3.131000518798828
465 -3.676403045654297
466 -2.763896942138672
467 -3.353900909423828
468 -1.8003997802734375
469 1.0624008178710938
470 -0.1179046630859375
471 -1.2191009521484375
472 1.4370956420898438
473 0.7025070190429688
474 -1.1695022583007813
475 -1.723297119140625
476 -0.01800537109375
477 -1.9336013793945313
478 -2.7845001220703125
479 -3.1779937744140625
480 -2.2404022216796875
481 -2.2522964477539063
482 -2.9802017211914063
483 -3.8300018310546875
484 -1.4932937622070313
485 0.36279296875
486 0.718902587890625
487 -0.46019744873046875
488 0.4824981689453125
489 1.5592041015625
490 1.2901992797851563
491 -0.3961029052734375
492 1.4605026245117188
493 0.30280303955078125
494 -3.1408004760742188
495 -2.06610107421875
496 -1.1042022705078125
497 -2.9334983825683594
498 -1.87139892578125
499 -0.9359970092773438
500 -1.9719924926757813
