0 34.31560516357422
1 34.31560516357422
2 33.36470031738281
3 35.89109802246094
4 35.66279602050781
5 32.000205993652344
6 34.15850830078125
7 30.9385986328125
8 37.00059509277344
9 36.04320526123047
10 33.895294189453125
11 34.561309814453125
12 32.72899627685547
13 32.04400634765625
14 35.2781982421875
15 32.53180694580078
16 29.508201599121094
17 27.48370361328125
18 27.3778076171875
19 30.144699096679688
20 27.84119415283203
21 29.4468994140625
22 29.621902465820313
23 27.819297790527344
24 28.724098205566406
25 28.02021026611328
26 27.064605712890625
27 27.55260467529297
28 26.90900421142578
29 30.094200134277344
30 28.02100372314453
31 27.434295654296875
32 27.67070770263672
33 27.32109832763672
34 27.18219757080078
35 25.450607299804688
36 26.99890899658203
37 26.093002319335938
38 28.298500061035156
39 25.46709442138672
40 24.251510620117188
41 27.921707153320313
42 25.90009307861328
43 25.836898803710938
44 26.70960235595703
45 27.046798706054688
46 25.34600830078125
47 26.029197692871094
48 27.41680145263672
49 26.866897583007813
50 27.449203491210938
51 25.394699096679688
52 25.52790069580078
53 24.889404296875
54 28.035903930664063
55 27.86341094970703
56 27.150802612304688
57 27.88360595703125
58 27.371307373046875
59 27.992103576660156
60 25.917198181152344
61 27.738204956054688
62 27.952606201171875
63 27.960006713867188
64 26.872596740722656
65 28.263900756835938
66 27.929000854492188
67 28.538497924804688
68 26.290199279785156
69 27.0198974609375
70 27.996597290039063
71 24.56079864501953
72 24.57720184326172
73 25.7615966796875
74 27.034805297851563
75 26.533798217773438
76 26.353500366210938
77 26.86840057373047
78 26.975006103515625
79 26.380599975585938
80 26.763099670410156
81 28.057205200195313
82 27.37549591064453
83 25.077896118164063
84 26.327796936035156
85 26.57220458984375
86 28.158599853515625
87 28.743896484375
88 27.556594848632813
89 27.504905700683594
90 25.559593200683594
91 25.203094482421875
92 25.139602661132813
93 26.705001831054688
94 26.224502563476563
95 25.88220977783203
96 24.333206176757813
97 25.943206787109375
98 26.137603759765625
99 26.598800659179688
100 28.603897094726563
101 29.608604431152344
102 31.182708740234375
103 28.737503051757813
104 31.607696533203125
105 28.75110626220703
106 28.750099182128906
107 32.98719787597656
108 29.72730255126953
109 30.569595336914063
110 28.46759796142578
111 30.114501953125
112 29.42150115966797
113 29.308502197265625
114 28.364601135253906
115 29.02820587158203
116 26.976707458496094
117 25.988601684570313
118 26.2510986328125
119 25.335098266601563
120 27.191795349121094
121 26.587196350097656
122 27.445899963378906
123 27.25220489501953
124 27.992706298828125
125 25.606903076171875
126 29.918807983398438
127 27.608001708984375
128 30.019210815429688
129 27.65009307861328
130 26.541900634765625
131 27.61890411376953
132 29.10649871826172
133 28.532005310058594
134 27.76250457763672
135 27.515907287597656
136 27.20909881591797
137 26.427406311035156
138 25.530502319335938
139 29.499298095703125
140 29.477401733398438
141 29.63079833984375
142 29.66710662841797
143 30.666900634765625
144 28.962806701660156
145 29.043312072753906
146 28.616493225097656
147 29.24140167236328
148 27.38159942626953
149 29.237106323242188
150 29.866592407226563
151 28.981300354003906
152 28.85900115966797
153 27.989303588867188
154 26.014610290527344
155 27.354705810546875
156 27.15149688720703
157 26.393402099609375
158 26.57630157470703
159 25.49089813232422
160 29.255905151367188
161 25.936607360839844
162 26.59429931640625
163 26.054298400878906
164 27.575401306152344
165 25.758499145507813
166 29.608108520507813
167 27.550796508789063
168 28.705093383789063
169 27.99309539794922
170 30.410804748535156
171 31.192794799804688
172 28.95330047607422
173 30.333602905273438
174 26.617698669433594
175 26.333297729492188
176 25.894302368164063
177 27.998199462890625
178 27.721107482910156
179 27.75910186767578
180 25.096595764160156
181 27.159400939941406
182 27.449203491210938
183 26.783706665039063
184 26.117202758789063
185 26.56580352783203
186 27.439292907714844
187 28.52869415283203
188 27.671905517578125
189 24.73779296875
190 25.92639923095703
191 24.69989776611328
192 25.083404541015625
193 23.138504028320313
194 24.960304260253906
195 26.52660369873047
196 25.167098999023438
197 26.053199768066406
198 25.16820526123047
199 26.260009765625
200 27.98040008544922
201 27.075294494628906
202 26.467994689941406
203 26.96709442138672
204 27.394699096679688
205 27.437599182128906
206 26.8031005859375
207 25.327301025390625
208 25.985702514648438
209 28.31529998779297
210 26.78509521484375
211 27.41510772705078
212 27.715103149414063
213 26.256004333496094
214 27.917404174804688
215 27.12580108642578
216 24.36260223388672
217 27.217002868652344
218 27.77100372314453
219 25.455604553222656
220 24.715499877929688
221 24.80339813232422
222 26.924301147460938
223 25.635902404785156
224 26.842506408691406
225 24.72259521484375
226 25.00550079345703
227 24.090797424316406
228 24.033096313476563
229 26.102005004882813
230 26.010704040527344
231 25.434906005859375
232 24.841102600097656
233 25.732200622558594
234 26.59070587158203
235 23.322006225585938
236 27.08800506591797
237 23.875595092773438
238 26.35559844970703
239 25.624801635742188
240 26.529991149902344
241 25.655899047851563
242 26.65399932861328
243 25.85980224609375
244 27.33899688720703
245 26.836700439453125
246 26.821006774902344
247 25.53850555419922
248 26.311996459960938
249 26.954803466796875
250 23.13470458984375
251 25.76129913330078
252 27.212608337402344
253 25.498497009277344
254 24.627700805664063
255 26.332496643066406
256 24.628402709960938
257 26.210899353027344
258 25.09709930419922
259 26.885101318359375
260 25.658203125
261 26.3572998046875
262 24.833602905273438
263 26.008506774902344
264 25.217697143554688
265 24.283103942871094
266 25.434799194335938
267 24.539199829101563
268 22.461402893066406
269 25.637405395507813
270 25.222702026367188
271 24.241798400878906
272 25.76329803466797
273 25.78411102294922
274 24.21160125732422
275 22.72600555419922
276 23.491104125976563
277 25.31189727783203
278 24.146102905273438
279 23.274002075195313
280 23.490798950195313
281 23.868698120117188
282 23.160301208496094
283 23.452598571777344
284 23.213600158691406
285 23.443702697753906
286 22.24480438232422
287 21.57550048828125
288 22.498306274414063
289 25.563507080078125
290 25.88470458984375
291 23.689498901367188
292 22.617103576660156
293 23.64739990234375
294 22.958900451660156
295 23.59040069580078
296 25.20789337158203
297 24.631607055664063
298 24.81250762939453
299 23.42389678955078
300 22.314300537109375
301 24.445297241210938
302 23.695091247558594
303 24.513107299804688
304 25.43670654296875
305 24.409706115722656
306 27.41230010986328
307 23.17669677734375
308 26.1654052734375
309 25.245399475097656
310 24.915992736816406
311 25.370010375976563
312 26.647605895996094
313 26.778900146484375
314 25.499603271484375
315 25.069198608398438
316 24.352699279785156
317 24.28009796142578
318 23.608497619628906
319 25.361000061035156
320 25.820602416992188
321 25.476898193359375
322 26.081504821777344
323 24.370101928710938
324 25.068099975585938
325 26.21319580078125
326 24.24720001220703
327 25.34929656982422
328 24.352394104003906
329 27.065101623535156
330 26.307098388671875
331 25.90019989013672
332 25.707504272460938
333 25.758094787597656
334 27.330795288085938
335 27.093704223632813
336 25.210304260253906
337 23.996299743652344
338 26.74799346923828
339 26.86480712890625
340 26.432907104492188
341 26.023300170898438
342 24.615699768066406
343 22.728797912597656
344 22.32579803466797
345 22.08599853515625
346 23.331497192382813
347 22.99280548095703
348 22.931602478027344
349 23.24720001220703
350 24.335800170898438
351 22.43499755859375
352 22.6455078125
353 22.396400451660156
354 23.207199096679688
355 24.93109893798828
356 25.26219940185547
357 25.008506774902344
358 24.525604248046875
359 22.749794006347656
360 25.02020263671875
361 24.242202758789063
362 25.739906311035156
363 24.919090270996094
364 25.295806884765625
365 27.479904174804688
366 24.372695922851563
367 23.658096313476563
368 24.309295654296875
369 24.640296936035156
370 25.710006713867188
371 25.414199829101563
372 25.022994995117188
373 26.134605407714844
374 25.455108642578125
375 24.951797485351563
376 24.5635986328125
377 25.440093994140625
378 27.17950439453125
379 23.94910430908203
380 26.54230499267578
381 25.703399658203125
382 24.73529815673828
383 25.710601806640625
384 25.999603271484375
385 24.92639923095703
386 24.690704345703125
387 23.76129913330078
388 23.72180938720703
389 24.216201782226563
390 25.164207458496094
391 25.89380645751953
392 23.984603881835938
393 25.06389617919922
394 24.285301208496094
395 23.869705200195313
396 25.7666015625
397 22.877700805664063
398 24.86559295654297
399 24.14250946044922
400 26.236900329589844
401 24.159408569335938
402 24.80750274658203
403 23.156394958496094
404 23.91339874267578
405 23.836204528808594
406 24.552406311035156
407 22.53180694580078
408 24.570999145507813
409 24.189903259277344
410 25.090896606445313
411 26.4071044921875
412 24.06749725341797
413 24.470603942871094
414 23.632400512695313
415 22.89940643310547
416 21.253395080566406
417 23.769798278808594
418 22.964096069335938
419 24.022796630859375
420 25.1636962890625
421 24.387603759765625
422 24.388107299804688
423 24.53679656982422
424 26.38550567626953
425 25.77410125732422
426 22.928306579589844
427 22.93230438232422
428 25.21269989013672
429 25.498001098632813
430 25.333999633789063
431 24.427101135253906
432 26.406005859375
433 25.800003051757813
434 23.932601928710938
435 25.36980438232422
436 27.44910430908203
437 26.264305114746094
438 23.079505920410156
439 25.10919952392578
440 26.6885986328125
441 24.806602478027344
442 24.17859649658203
443 24.10710906982422
444 24.963607788085938
445 24.373191833496094
446 24.613502502441406
447 24.096107482910156
448 25.108604431152344
449 25.400299072265625
450 24.79339599609375
451 23.900497436523438
452 26.16339874267578
453 26.195404052734375
454 25.76940155029297
455 23.839210510253906
456 25.699295043945313
457 26.193504333496094
458 25.505508422851563
459 23.15520477294922
460 21.98480224609375
461 22.659500122070313
462 24.2091064453125
463 22.88420867919922
464 22.298995971679688
465 22.213600158691406
466 22.1260986328125
467 23.856094360351563
468 26.15959930419922
469 26.422401428222656
470 25.292098999023438
471 24.900901794433594
472 25.387100219726563
473 24.862503051757813
474 24.590499877929688
475 24.476707458496094
476 24.402000427246094
477 22.266395568847656
478 23.775497436523438
479 22.902000427246094
480 23.2196044921875
481 23.70771026611328
482 24.389801025390625
483 22.449996948242188
484 25.206703186035156
485 25.68280029296875
486 24.078903198242188
487 23.149803161621094
488 22.782508850097656
489 25.759201049804688
490 25.930198669433594
491 25.543899536132813
492 25.6405029296875
493 25.4927978515625
494 23.599197387695313
495 24.44390106201172
496 26.80579376220703
497 25.316505432128906
498 25.00859832763672
499 24.27399444580078
500 23.597999572753906
