0 35.76560974121094
1 35.765602111816406
2 34.01470184326172
3 34.14111328125
4 33.37279510498047
5 30.190200805664063
6 32.22850036621094
7 31.75859832763672
8 34.78059387207031
9 36.08320617675781
10 31.895301818847656
11 35.34130859375
12 34.08900451660156
13 35.05400085449219
14 35.20819854736328
15 34.36180114746094
16 32.98820495605469
17 30.223709106445313
18 30.297805786132813
19 31.37470245361328
20 28.011192321777344
21 28.806900024414063
22 28.001907348632813
23 26.259292602539063
24 27.544097900390625
25 26.680198669433594
26 25.804595947265625
27 26.23260498046875
28 26.089004516601563
29 27.944198608398438
30 26.46099853515625
31 24.454307556152344
32 24.54070281982422
33 24.631103515625
34 24.022201538085938
35 24.640602111816406
36 25.548904418945313
37 24.483009338378906
38 26.3385009765625
39 24.377090454101563
40 22.071502685546875
41 25.451698303222656
42 23.680091857910156
43 22.94690704345703
44 22.90959930419922
45 22.66680145263672
46 22.84600830078125
47 23.129196166992188
48 24.576805114746094
49 25.156906127929688
50 25.36920166015625
51 21.81470489501953
52 23.997901916503906
53 22.869400024414063
54 25.265899658203125
55 26.883399963378906
56 26.860794067382813
57 26.68360137939453
58 25.77130126953125
59 24.932106018066406
60 21.967201232910156
61 25.258201599121094
62 24.74260711669922
63 25.290000915527344
64 22.002601623535156
65 24.31389617919922
66 24.91899871826172
67 25.76849365234375
68 25.720199584960938
69 24.25989532470703
70 24.846603393554688
71 21.400802612304688
72 20.407203674316406
73 22.96160125732422
74 24.344802856445313
75 23.863800048828125
76 24.4635009765625
77 25.7283935546875
78 25.485000610351563
79 24.50060272216797
80 25.193099975585938
81 26.2572021484375
82 24.32550811767578
83 23.597900390625
84 24.80780029296875
85 24.45220184326172
86 26.298599243164063
87 25.413894653320313
88 25.83660125732422
89 25.864898681640625
90 23.53960418701172
91 22.273101806640625
92 22.78960418701172
93 26.12500762939453
94 25.644508361816406
95 23.272201538085938
96 23.873199462890625
97 25.533203125
98 23.947601318359375
99 23.27880859375
100 26.25390625
101 28.548606872558594
102 29.412704467773438
103 26.427505493164063
104 30.32770538330078
105 27.74109649658203
106 29.590103149414063
107 33.4971923828125
108 28.897300720214844
109 29.489601135253906
110 27.84759521484375
111 29.05450439453125
112 27.251502990722656
113 27.84850311279297
114 24.78460693359375
115 26.448204040527344
116 25.706703186035156
117 23.6885986328125
118 22.971099853515625
119 22.825096130371094
120 24.301795959472656
121 23.837203979492188
122 24.29590606689453
123 24.95220947265625
124 24.58270263671875
125 23.376907348632813
126 26.548797607421875
127 24.70800018310547
128 27.959205627441406
129 25.010093688964844
130 23.841896057128906
131 23.62889862060547
132 26.126502990722656
133 25.9320068359375
134 28.00251007080078
135 27.215896606445313
136 26.849098205566406
137 25.687400817871094
138 23.340499877929688
139 27.919296264648438
140 27.507400512695313
141 27.650802612304688
142 27.067100524902344
143 29.00690460205078
144 29.512802124023438
145 29.64330291748047
146 28.586502075195313
147 28.541397094726563
148 27.051605224609375
149 28.53710174560547
150 28.666595458984375
151 30.621299743652344
152 28.89899444580078
153 27.149307250976563
154 25.884605407714844
155 28.654701232910156
156 27.071510314941406
157 26.16339874267578
158 26.65630340576172
159 27.880897521972656
160 29.54590606689453
161 27.70660400390625
162 28.374305725097656
163 29.03430938720703
164 30.865394592285156
165 30.358497619628906
166 31.30810546875
167 29.240806579589844
168 29.60509490966797
169 28.62310028076172
170 31.460800170898438
171 31.102798461914063
172 28.583297729492188
173 28.63359832763672
174 25.907699584960938
175 26.363304138183594
176 24.954307556152344
177 26.518203735351563
178 27.531105041503906
179 27.62909698486328
180 26.07660675048828
181 28.719398498535156
182 27.479202270507813
183 26.953697204589844
184 25.537200927734375
185 25.74579620361328
186 28.379295349121094
187 27.71869659423828
188 28.281898498535156
189 27.287796020507813
190 27.00640869140625
191 25.619895935058594
192 26.663406372070313
193 25.57849884033203
194 26.92029571533203
195 28.256607055664063
196 26.96710205078125
197 27.21320343017578
198 27.998207092285156
199 28.490005493164063
200 29.180404663085938
201 27.235305786132813
202 26.207992553710938
203 29.237098693847656
204 29.26470184326172
205 28.647598266601563
206 28.44310760498047
207 27.227294921875
208 28.955703735351563
209 31.045303344726563
210 29.615097045898438
211 29.625099182128906
212 28.72509765625
213 29.47600555419922
214 29.937400817871094
215 29.735801696777344
216 25.202598571777344
217 28.956993103027344
218 28.941001892089844
219 27.94561004638672
220 25.995498657226563
221 27.223403930664063
222 28.924301147460938
223 27.98590850830078
224 29.222503662109375
225 26.432601928710938
226 26.655502319335938
227 25.01079559326172
228 26.913101196289063
229 27.462005615234375
230 29.77069854736328
231 26.96490478515625
232 25.431106567382813
233 28.70220184326172
234 28.640701293945313
235 26.192001342773438
236 27.967994689941406
237 26.54560089111328
238 27.11559295654297
239 25.124801635742188
240 27.94000244140625
241 26.765899658203125
242 29.753997802734375
243 26.699798583984375
244 28.749000549316406
245 28.106704711914063
246 26.660995483398438
247 24.178504943847656
248 28.702003479003906
249 28.994796752929688
250 25.484695434570313
251 27.301307678222656
252 29.762603759765625
253 28.198501586914063
254 26.807701110839844
255 29.592506408691406
256 27.79840087890625
257 29.320907592773438
258 27.747108459472656
259 29.195098876953125
260 27.96820068359375
261 27.467300415039063
262 27.273597717285156
263 29.048500061035156
264 28.057701110839844
265 24.233108520507813
266 26.22479248046875
267 22.23919677734375
268 23.481399536132813
269 25.117401123046875
270 24.042701721191406
271 23.501800537109375
272 26.733299255371094
273 27.01410675048828
274 23.661598205566406
275 21.886001586914063
276 21.44110107421875
277 25.741897583007813
278 22.356101989746094
279 23.29399871826172
280 23.290802001953125
281 23.078697204589844
282 23.63030242919922
283 23.11260986328125
284 21.973594665527344
285 22.30370330810547
286 21.004798889160156
287 21.0054931640625
288 21.12830352783203
289 24.52350616455078
290 25.114707946777344
291 23.189491271972656
292 22.52710723876953
293 21.977401733398438
294 22.098907470703125
295 20.830406188964844
296 24.497901916503906
297 23.0216064453125
298 23.352508544921875
299 22.50389862060547
300 21.634300231933594
301 23.715293884277344
302 22.90509796142578
303 24.383102416992188
304 25.55670166015625
305 23.869705200195313
306 26.85230255126953
307 24.156707763671875
308 24.85540008544922
309 25.765396118164063
310 24.386001586914063
311 26.030006408691406
312 26.10760498046875
313 27.368896484375
314 25.079605102539063
315 25.54920196533203
316 24.162704467773438
317 24.680099487304688
318 23.608497619628906
319 25.320999145507813
320 24.82061004638672
321 25.436904907226563
322 25.61150360107422
323 22.7301025390625
324 23.4281005859375
325 25.253204345703125
326 23.907203674316406
327 24.069297790527344
328 23.002395629882813
329 25.72510528564453
330 25.97710418701172
331 24.110198974609375
332 25.017501831054688
333 25.688095092773438
334 26.840797424316406
335 26.273704528808594
336 24.110305786132813
337 23.246299743652344
338 25.667999267578125
339 25.12480926513672
340 25.98291015625
341 24.223297119140625
342 21.53570556640625
343 20.63880157470703
344 21.76580047607422
345 21.09600067138672
346 22.361495971679688
347 22.212799072265625
348 23.21160125732422
349 22.49720001220703
350 24.18579864501953
351 24.44499969482422
352 22.985496520996094
353 22.81640625
354 23.88719940185547
355 25.76110076904297
356 25.81220245361328
357 24.558502197265625
358 25.6256103515625
359 23.79979705810547
360 25.89020538330078
361 26.232208251953125
362 25.439895629882813
363 25.52910614013672
364 25.935806274414063
365 27.14990234375
366 25.982696533203125
367 25.038101196289063
368 24.369308471679688
369 24.25029754638672
370 25.670005798339844
371 25.884193420410156
372 26.373001098632813
373 26.97460174560547
374 27.255096435546875
375 25.2218017578125
376 24.94359588623047
377 24.000091552734375
378 25.139503479003906
379 24.39910125732422
380 25.91230010986328
381 23.903396606445313
382 24.345298767089844
383 23.13060760498047
384 25.499603271484375
385 24.826400756835938
386 25.230697631835938
387 25.65130615234375
388 23.741806030273438
389 24.196197509765625
390 23.234207153320313
391 26.113800048828125
392 22.134597778320313
393 24.273902893066406
394 23.035301208496094
395 23.869705200195313
396 26.256607055664063
397 24.487693786621094
398 24.645599365234375
399 25.962509155273438
400 27.31690216064453
401 24.439407348632813
402 25.607505798339844
403 25.726402282714844
404 22.643402099609375
405 22.906204223632813
406 24.70240020751953
407 22.831802368164063
408 23.33100128173828
409 24.249900817871094
410 25.560897827148438
411 25.127098083496094
412 23.757492065429688
413 25.61060333251953
414 24.82239532470703
415 22.95940399169922
416 23.29340362548828
417 24.2998046875
418 23.2041015625
419 24.762802124023438
420 25.42369842529297
421 23.33759307861328
422 25.30810546875
423 25.376800537109375
424 26.07550048828125
425 24.254104614257813
426 21.308303833007813
427 22.85230255126953
428 24.742698669433594
429 26.678001403808594
430 26.90399932861328
431 24.507102966308594
432 26.65599822998047
433 25.479995727539063
434 23.952606201171875
435 24.179794311523438
436 27.01909637451172
437 24.90430450439453
438 21.989501953125
439 23.389198303222656
440 26.578598022460938
441 23.676605224609375
442 22.858596801757813
443 23.577102661132813
444 22.413604736328125
445 22.09320068359375
446 23.803497314453125
447 23.516098022460938
448 24.63860321044922
449 24.570297241210938
450 24.893402099609375
451 24.64049530029297
452 26.99340057373047
453 25.96540069580078
454 26.31940460205078
455 23.089195251464844
456 24.46930694580078
457 25.703506469726563
458 24.035499572753906
459 23.51519775390625
460 22.254791259765625
461 22.05950164794922
462 22.7091064453125
463 22.394203186035156
464 21.33899688720703
465 22.68360137939453
466 21.346099853515625
467 23.466102600097656
468 24.40959930419922
469 26.032394409179688
470 25.33209991455078
471 23.29090118408203
472 25.057098388671875
473 24.402511596679688
474 23.70049285888672
475 23.00670623779297
476 25.11199951171875
477 23.196395874023438
478 22.925498962402344
479 22.472007751464844
480 22.39959716796875
481 22.867698669433594
482 23.04979705810547
483 22.259994506835938
484 24.886695861816406
485 25.152801513671875
486 23.948898315429688
487 23.149803161621094
488 23.782501220703125
489 25.61920166015625
490 25.26020050048828
491 24.703895568847656
492 25.620506286621094
493 24.7427978515625
494 21.98919677734375
495 23.48389434814453
496 23.235801696777344
497 22.836502075195313
498 23.858604431152344
499 23.744003295898438
500 23.868003845214844
