0 32.785606384277344
1 32.78559875488281
2 37.70470428466797
3 32.491111755371094
4 22.782798767089844
5 20.52020263671875
6 21.568504333496094
7 26.228591918945313
8 26.650604248046875
9 27.673202514648438
10 24.915298461914063
11 26.141311645507813
12 31.638992309570313
13 26.22400665283203
14 21.008193969726563
15 23.29180145263672
16 17.768203735351563
17 15.583702087402344
18 17.577796936035156
19 17.854698181152344
20 17.211196899414063
21 14.476898193359375
22 9.3218994140625
23 13.159294128417969
24 13.614097595214844
25 12.630203247070313
26 11.994606018066406
27 15.852607727050781
28 16.29900360107422
29 17.9342041015625
30 17.321006774902344
31 13.354301452636719
32 13.66070556640625
33 14.511100769042969
34 15.332206726074219
35 15.81060791015625
36 14.498908996582031
37 13.39300537109375
38 14.668502807617188
39 14.137100219726563
40 13.4215087890625
41 16.331703186035156
42 11.79010009765625
43 9.776901245117188
44 10.749603271484375
45 12.576797485351563
46 13.886009216308594
47 14.559196472167969
48 12.626800537109375
49 16.436904907226563
50 12.019203186035156
51 10.644699096679688
52 11.377899169921875
53 9.309402465820313
54 12.835906982421875
55 13.333404541015625
56 13.760795593261719
57 12.493598937988281
58 13.191307067871094
59 9.762100219726563
60 10.527198791503906
61 11.178199768066406
62 12.852607727050781
63 15.209999084472656
64 12.972602844238281
65 13.013893127441406
66 12.388999938964844
67 15.888496398925781
68 13.400199890136719
69 11.599899291992188
70 14.266593933105469
71 16.14080047607422
72 12.557197570800781
73 12.091598510742188
74 12.284797668457031
75 12.493797302246094
76 11.053504943847656
77 10.378395080566406
78 9.145004272460938
79 9.860603332519531
80 12.443099975585938
81 12.087203979492188
82 10.805503845214844
83 12.397903442382813
84 13.547798156738281
85 13.492202758789063
86 12.368598937988281
87 10.603904724121094
88 10.686599731445313
89 13.944908142089844
90 12.119598388671875
91 13.0531005859375
92 10.259597778320313
93 12.4949951171875
94 14.04449462890625
95 12.022201538085938
96 11.903205871582031
97 15.383209228515625
98 11.437599182128906
99 11.8988037109375
100 11.213897705078125
101 10.098602294921875
102 12.052703857421875
103 11.37750244140625
104 14.567703247070313
105 13.591094970703125
106 13.390106201171875
107 17.74720001220703
108 17.30730438232422
109 15.109603881835938
110 11.887596130371094
111 15.80450439453125
112 15.97149658203125
113 14.218498229980469
114 13.514595031738281
115 12.478202819824219
116 13.096702575683594
117 10.798599243164063
118 8.721099853515625
119 6.8050994873046875
120 6.781791687011719
121 7.697196960449219
122 8.255897521972656
123 11.232200622558594
124 11.402702331542969
125 10.586906433105469
126 12.188796997070313
127 9.798004150390625
128 12.8092041015625
129 10.790092468261719
130 9.501899719238281
131 10.928901672363281
132 12.016494750976563
133 13.582000732421875
134 15.472503662109375
135 15.275901794433594
136 13.599098205566406
137 11.827400207519531
138 11.930496215820313
139 14.919296264648438
140 13.677398681640625
141 15.38079833984375
142 13.177101135253906
143 16.68689727783203
144 16.69280242919922
145 16.82331085205078
146 12.786491394042969
147 14.081405639648438
148 10.501602172851563
149 11.647102355957031
150 13.70660400390625
151 17.601303100585938
152 12.249000549316406
153 12.1593017578125
154 8.744598388671875
155 10.474700927734375
156 11.311500549316406
157 10.223403930664063
158 11.886299133300781
159 11.5509033203125
160 13.965896606445313
161 14.356605529785156
162 12.014305114746094
163 10.09429931640625
164 15.445396423339844
165 14.178497314453125
166 14.638099670410156
167 11.220802307128906
168 13.965095520019531
169 12.433097839355469
170 15.9407958984375
171 14.332801818847656
172 12.013298034667969
173 16.023605346679688
174 7.6977081298828125
175 10.543304443359375
176 9.444297790527344
177 10.668197631835938
178 12.261100769042969
179 11.989105224609375
180 9.20660400390625
181 11.549400329589844
182 11.829200744628906
183 10.693702697753906
184 6.327201843261719
185 9.715797424316406
186 11.809303283691406
187 11.168701171875
188 10.741897583007813
189 10.3677978515625
190 9.296401977539063
191 7.9698944091796875
192 11.163398742675781
193 9.038497924804688
194 11.05029296875
195 11.596603393554688
196 12.927101135253906
197 11.043205261230469
198 9.808204650878906
199 13.020004272460938
200 11.210403442382813
201 13.165298461914063
202 14.417999267578125
203 15.787101745605469
204 16.674705505371094
205 13.297599792480469
206 10.843101501464844
207 10.91729736328125
208 14.185699462890625
209 16.025291442871094
210 17.745094299316406
211 16.075096130371094
212 16.78509521484375
213 16.406005859375
214 16.867408752441406
215 14.775802612304688
216 14.432601928710938
217 16.836997985839844
218 17.441001892089844
219 16.99560546875
220 15.015495300292969
221 13.643402099609375
222 14.624298095703125
223 16.625900268554688
224 17.482498168945313
225 13.372604370117188
226 16.01549530029297
227 16.710800170898438
228 18.343101501464844
229 18.25200653076172
230 19.71070098876953
231 13.824905395507813
232 13.761100769042969
233 14.592201232910156
234 15.420700073242188
235 12.321998596191406
236 15.408004760742188
237 14.925605773925781
238 14.495597839355469
239 13.574806213378906
240 15.829994201660156
241 14.815902709960938
242 18.65399932861328
243 18.969802856445313
244 21.488990783691406
245 18.16669464111328
246 15.491004943847656
247 15.398506164550781
248 16.85199737548828
249 18.064804077148438
250 18.00469970703125
251 17.041305541992188
252 19.84259796142578
253 15.858497619628906
254 14.297706604003906
255 16.322494506835938
256 19.028396606445313
257 17.910903930664063
258 13.867103576660156
259 15.935104370117188
260 14.568199157714844
261 15.937301635742188
262 16.223602294921875
263 16.368499755859375
264 15.397705078125
265 13.603096008300781
266 13.914794921875
267 14.639205932617188
268 15.391395568847656
269 17.817398071289063
270 15.872695922851563
271 13.441795349121094
272 14.913299560546875
273 17.07410430908203
274 15.411598205566406
275 16.975997924804688
276 14.421104431152344
277 15.731895446777344
278 16.00609588623047
279 16.17400360107422
280 14.550796508789063
281 16.738693237304688
282 18.480308532714844
283 14.582603454589844
284 17.353591918945313
285 18.453697204589844
286 19.394798278808594
287 16.895492553710938
288 16.478302001953125
289 16.843505859375
290 16.614700317382813
291 15.229499816894531
292 14.647109985351563
293 14.827400207519531
294 11.068901062011719
295 11.85040283203125
296 12.687896728515625
297 11.751602172851563
298 13.622505187988281
299 16.023902893066406
300 14.304298400878906
301 16.535301208496094
302 16.33509063720703
303 17.463096618652344
304 17.646697998046875
305 14.889701843261719
306 17.722305297851563
307 17.706695556640625
308 18.625396728515625
309 18.125396728515625
310 14.296005249023438
311 14.540000915527344
312 19.627609252929688
313 20.668899536132813
314 18.259597778320313
315 17.849197387695313
316 20.622703552246094
317 18.520095825195313
318 16.298500061035156
319 14.761001586914063
320 16.81060028076172
321 19.676902770996094
322 16.021499633789063
323 13.190101623535156
324 13.268104553222656
325 12.203201293945313
326 12.5072021484375
327 10.819297790527344
328 14.322395324707031
329 13.695098876953125
330 16.357101440429688
331 12.280204772949219
332 16.6875
333 16.4180908203125
334 15.460792541503906
335 13.543701171875
336 11.75030517578125
337 12.606300354003906
338 15.038002014160156
339 15.10479736328125
340 14.942901611328125
341 15.203292846679688
342 14.435699462890625
343 12.398796081542969
344 14.105804443359375
345 15.515998840332031
346 14.001495361328125
347 13.462799072265625
348 11.361602783203125
349 15.407203674316406
350 13.125801086425781
351 13.274993896484375
352 16.31549835205078
353 14.206405639648438
354 14.777198791503906
355 17.661109924316406
356 17.232200622558594
357 15.428504943847656
358 16.855606079101563
359 11.329795837402344
360 18.860198974609375
361 17.802200317382813
362 15.919898986816406
363 16.469100952148438
364 17.665802001953125
365 15.109901428222656
366 18.472694396972656
367 18.73809814453125
368 14.299301147460938
369 13.490303039550781
370 17.740005493164063
371 18.574195861816406
372 18.69300079345703
373 16.15460205078125
374 16.305099487304688
375 16.16179656982422
376 15.573600769042969
377 13.010101318359375
378 16.989501953125
379 18.039100646972656
380 15.852302551269531
381 17.473403930664063
382 14.24530029296875
383 14.480606079101563
384 16.169601440429688
385 14.266395568847656
386 11.890701293945313
387 12.141304016113281
388 10.351806640625
389 10.736198425292969
390 9.014205932617188
391 12.943801879882813
392 9.844596862792969
393 9.533897399902344
394 8.405296325683594
395 9.479698181152344
396 11.606597900390625
397 10.007698059082031
398 9.005592346191406
399 10.352508544921875
400 9.536903381347656
401 9.719406127929688
402 12.827507019042969
403 13.576393127441406
404 9.353401184082031
405 12.196205139160156
406 11.592399597167969
407 13.861793518066406
408 14.101005554199219
409 14.139907836914063
410 15.990898132324219
411 14.827102661132813
412 12.667495727539063
413 14.630599975585938
414 15.782402038574219
415 13.07940673828125
416 12.113395690917969
417 12.22979736328125
418 12.714103698730469
419 13.602798461914063
420 13.643692016601563
421 13.387596130371094
422 15.86810302734375
423 15.976799011230469
424 18.925498962402344
425 17.664100646972656
426 16.418304443359375
427 16.712303161621094
428 13.122695922851563
429 16.277999877929688
430 19.923995971679688
431 14.427101135253906
432 15.676002502441406
433 17.720001220703125
434 15.472610473632813
435 15.069808959960938
436 15.779090881347656
437 13.834297180175781
438 13.489501953125
439 13.829193115234375
440 16.018600463867188
441 15.006599426269531
442 11.99859619140625
443 13.687110900878906
444 14.103599548339844
445 13.313201904296875
446 14.123497009277344
447 13.246101379394531
448 12.878608703613281
449 10.780296325683594
450 13.183403015136719
451 15.560501098632813
452 11.773399353027344
453 13.975395202636719
454 17.619407653808594
455 12.989204406738281
456 12.459304809570313
457 12.993507385253906
458 13.535499572753906
459 13.105201721191406
460 14.144798278808594
461 12.339500427246094
462 14.379104614257813
463 10.4342041015625
464 9.958999633789063
465 10.903594970703125
466 8.536102294921875
467 12.216102600097656
468 15.099601745605469
469 15.502403259277344
470 14.472099304199219
471 13.270904541015625
472 13.177093505859375
473 12.012504577636719
474 15.410499572753906
475 12.576698303222656
476 16.99199676513672
477 16.75640106201172
478 14.975494384765625
479 11.922004699707031
480 12.419601440429688
481 13.307708740234375
482 11.949798583984375
483 13.879989624023438
484 14.80670166015625
485 13.482803344726563
486 15.518905639648438
487 17.249794006347656
488 19.31250762939453
489 17.5491943359375
490 15.740196228027344
491 17.013893127441406
492 17.810501098632813
493 15.792800903320313
494 12.279205322265625
495 10.923896789550781
496 13.025794982910156
497 9.826499938964844
498 13.738601684570313
499 13.763999938964844
500 13.908004760742188
