0 27.86560821533203
1 27.8656005859375
2 26.93470001220703
3 25.841102600097656
4 24.732803344726563
5 21.430206298828125
6 23.468505859375
7 24.06859588623047
8 26.160598754882813
9 27.563209533691406
10 23.56529998779297
11 27.331298828125
12 26.688995361328125
13 27.763999938964844
14 27.158203125
15 26.931800842285156
16 25.758201599121094
17 23.783706665039063
18 22.797805786132813
19 23.37470245361328
20 19.581199645996094
21 20.4468994140625
22 20.371902465820313
23 17.699295043945313
24 19.184097290039063
25 18.170204162597656
26 17.384597778320313
27 17.812606811523438
28 17.47900390625
29 18.94420623779297
30 17.9010009765625
31 15.884300231933594
32 15.960700988769531
33 16.021102905273438
34 15.402206420898438
35 16.18060302734375
36 16.798904418945313
37 15.76300048828125
38 17.608497619628906
39 15.987098693847656
40 13.761505126953125
41 16.841697692871094
42 15.16009521484375
43 14.456893920898438
44 14.349601745605469
45 14.176803588867188
46 14.336006164550781
47 14.529190063476563
48 15.496803283691406
49 16.676895141601563
50 16.709197998046875
51 13.224700927734375
52 15.107902526855469
53 14.359405517578125
54 16.965896606445313
55 18.583404541015625
56 18.550804138183594
57 18.283599853515625
58 17.02130126953125
59 16.182106018066406
60 13.407196044921875
61 16.65819549560547
62 16.072608947753906
63 16.50000762939453
64 13.672599792480469
65 16.043899536132813
66 16.439002990722656
67 17.14849853515625
68 17.060195922851563
69 15.95989990234375
70 16.0166015625
71 12.88079833984375
72 12.18719482421875
73 14.271598815917969
74 15.954795837402344
75 15.46380615234375
76 15.28350830078125
77 17.058395385742188
78 17.095008850097656
79 16.080604553222656
80 16.5430908203125
81 17.7572021484375
82 15.615501403808594
83 15.057899475097656
84 16.217803955078125
85 16.112205505371094
86 17.728591918945313
87 16.983901977539063
88 17.63660430908203
89 17.234901428222656
90 15.109596252441406
91 13.973106384277344
92 14.329597473144531
93 18.014991760253906
94 17.474502563476563
95 14.812202453613281
96 15.283195495605469
97 17.113197326660156
98 15.597602844238281
99 14.728805541992188
100 17.913909912109375
101 21.038597106933594
102 21.102699279785156
103 18.00750732421875
104 22.237709045410156
105 19.43109893798828
106 21.530105590820313
107 25.307205200195313
108 20.137306213378906
109 21.2095947265625
110 19.807594299316406
111 20.624496459960938
112 18.68151092529297
113 19.618499755859375
114 16.244606018066406
115 17.96819305419922
116 17.10669708251953
117 15.058601379394531
118 14.44110107421875
119 14.745101928710938
120 16.491790771484375
121 15.847206115722656
122 16.375892639160156
123 16.76220703125
124 16.122703552246094
125 14.746910095214844
126 18.158798217773438
127 16.438003540039063
128 19.61920166015625
129 16.42009735107422
130 15.531906127929688
131 15.438896179199219
132 17.206497192382813
133 17.74200439453125
134 19.482505798339844
135 19.04590606689453
136 18.539100646972656
137 17.737396240234375
138 14.810493469238281
139 19.65929412841797
140 19.27739715576172
141 19.07080078125
142 18.877098083496094
143 20.486900329589844
144 21.06280517578125
145 21.613304138183594
146 20.456497192382813
147 20.13140106201172
148 19.26160430908203
149 20.247108459472656
150 20.786590576171875
151 22.89130401611328
152 20.579002380371094
153 19.199302673339844
154 17.77460479736328
155 20.714698791503906
156 18.891502380371094
157 17.963401794433594
158 18.116302490234375
159 20.9208984375
160 21.97589111328125
161 20.496597290039063
162 20.984298706054688
163 23.574302673339844
164 24.285400390625
165 24.238502502441406
166 24.24810028076172
167 21.740806579589844
168 21.865097045898438
169 21.063095092773438
170 23.800796508789063
171 23.192794799804688
172 20.233299255371094
173 20.543601989746094
174 17.847702026367188
175 18.43329620361328
176 16.584304809570313
177 18.508193969726563
178 19.671104431152344
179 19.39910125732422
180 18.796600341796875
181 20.679397583007813
182 19.699203491210938
183 19.623703002929688
184 18.617202758789063
185 17.735794067382813
186 20.629295349121094
187 20.628692626953125
188 20.08190155029297
189 20.257797241210938
190 19.67639923095703
191 17.549896240234375
192 18.963401794433594
193 18.598495483398438
194 19.150299072265625
195 20.756607055664063
196 19.677108764648438
197 19.72319793701172
198 21.558204650878906
199 21.75000762939453
200 21.42040252685547
201 18.965301513671875
202 18.097999572753906
203 21.557090759277344
204 22.174705505371094
205 20.85760498046875
206 20.583106994628906
207 20.027297973632813
208 21.825698852539063
209 23.215301513671875
210 22.40509796142578
211 22.125099182128906
212 20.71509552001953
213 22.706008911132813
214 22.667404174804688
215 21.905807495117188
216 17.502609252929688
217 21.477005004882813
218 20.891006469726563
219 20.525596618652344
220 17.865493774414063
221 19.773406982421875
222 21.21430206298828
223 21.11590576171875
224 22.112503051757813
225 18.55260467529297
226 19.50550079345703
227 17.43079376220703
228 19.43309783935547
229 20.192001342773438
230 22.610702514648438
231 19.284896850585938
232 17.32110595703125
233 22.482208251953125
234 20.950706481933594
235 19.222000122070313
236 20.52800750732422
237 18.965599060058594
238 19.515602111816406
239 17.03479766845703
240 19.709991455078125
241 18.67589569091797
242 22.374000549316406
243 18.79979705810547
244 21.16899871826172
245 19.946701049804688
246 18.40100860595703
247 15.648506164550781
248 20.55199432373047
249 21.784805297851563
250 18.00469970703125
251 20.061302185058594
252 22.61260223388672
253 20.868507385253906
254 19.647705078125
255 22.49250030517578
256 20.6083984375
257 22.42090606689453
258 20.677101135253906
259 22.015106201171875
260 20.34820556640625
261 19.457305908203125
262 19.833602905273438
263 22.20850372314453
264 20.627700805664063
265 16.093101501464844
266 18.164794921875
267 13.639205932617188
268 15.381401062011719
269 16.83740234375
270 15.372695922851563
271 15.011802673339844
272 18.433303833007813
273 18.564109802246094
274 15.301597595214844
275 13.2760009765625
276 13.301101684570313
277 17.111900329589844
278 13.656105041503906
279 14.823997497558594
280 15.170799255371094
281 14.748695373535156
282 15.270309448242188
283 14.912605285644531
284 13.963600158691406
285 13.6737060546875
286 12.814804077148438
287 12.785499572753906
288 12.948310852050781
289 16.123504638671875
290 16.844696044921875
291 14.809501647949219
292 13.6571044921875
293 13.367401123046875
294 13.468902587890625
295 12.210395812988281
296 16.097900390625
297 14.761604309082031
298 14.822502136230469
299 14.293899536132813
300 13.374298095703125
301 15.655296325683594
302 14.715095520019531
303 16.54309844970703
304 17.48670196533203
305 15.569694519042969
306 18.332298278808594
307 15.836708068847656
308 16.60540771484375
309 17.785400390625
310 15.675994873046875
311 18.360008239746094
312 17.887596130371094
313 19.2489013671875
314 16.879608154296875
315 17.22919464111328
316 16.372703552246094
317 16.510093688964844
318 15.458503723144531
319 17.16100311279297
320 16.330604553222656
321 17.576904296875
322 17.521507263183594
323 14.390106201171875
324 15.298110961914063
325 17.03319549560547
326 15.5072021484375
327 15.979301452636719
328 14.342399597167969
329 17.05510711669922
330 17.387100219726563
331 15.700202941894531
332 16.847503662109375
333 17.518096923828125
334 18.310806274414063
335 17.893707275390625
336 15.660301208496094
337 14.806304931640625
338 17.20800018310547
339 16.764801025390625
340 17.41290283203125
341 15.483306884765625
342 12.705703735351563
343 12.658798217773438
344 13.805801391601563
345 12.935997009277344
346 13.931503295898438
347 14.18280029296875
348 15.2716064453125
349 14.437202453613281
350 15.985801696777344
351 17.215003967285156
352 14.735504150390625
353 14.606407165527344
354 15.517196655273438
355 17.12110137939453
356 17.6322021484375
357 16.21849822998047
358 17.715606689453125
359 15.329803466796875
360 17.470199584960938
361 19.44220733642578
362 17.129905700683594
363 17.359100341796875
364 17.535804748535156
365 18.909896850585938
366 18.102699279785156
367 17.318099975585938
368 16.069305419921875
369 15.660301208496094
370 17.590003967285156
371 18.084197998046875
372 18.75299835205078
373 18.934600830078125
374 19.085105895996094
375 17.04180145263672
376 16.643600463867188
377 15.130088806152344
378 16.559494018554688
379 16.629104614257813
380 17.37230682373047
381 15.653396606445313
382 15.905303955078125
383 13.970603942871094
384 16.82959747314453
385 16.56639862060547
386 17.21070098876953
387 17.481300354003906
388 15.9718017578125
389 16.04619598388672
390 14.984199523925781
391 18.01380157470703
392 13.684600830078125
393 15.843902587890625
394 14.725296020507813
395 15.769699096679688
396 17.95659637451172
397 16.687698364257813
398 16.80559539794922
399 19.482498168945313
400 19.476898193359375
401 16.669403076171875
402 17.68750762939453
403 17.906394958496094
404 14.193405151367188
405 14.516197204589844
406 16.312400817871094
407 14.951797485351563
408 14.721000671386719
409 15.919898986816406
410 17.640899658203125
411 16.567100524902344
412 15.277496337890625
413 18.010604858398438
414 17.07239532470703
415 14.319404602050781
416 15.503395080566406
417 15.649795532226563
418 14.974105834960938
419 16.272796630859375
420 16.86370086669922
421 14.607597351074219
422 17.078109741210938
423 17.146804809570313
424 17.355506896972656
425 16.064102172851563
426 13.238304138183594
427 14.762298583984375
428 16.712692260742188
429 18.428001403808594
430 18.83399200439453
431 16.447097778320313
432 18.51599884033203
433 17.050003051757813
434 15.522598266601563
435 15.97979736328125
436 18.68909454345703
437 16.34430694580078
438 13.159500122070313
439 14.779197692871094
440 18.118606567382813
441 15.136604309082031
442 14.348602294921875
443 15.177101135253906
444 13.753608703613281
445 13.833198547363281
446 15.443496704101563
447 14.666099548339844
448 16.56859588623047
449 16.080299377441406
450 16.343406677246094
451 16.45049285888672
452 18.883407592773438
453 17.70539093017578
454 17.87940216064453
455 14.579200744628906
456 15.699295043945313
457 17.423507690429688
458 15.715507507324219
459 15.005203247070313
460 13.904792785644531
461 13.889503479003906
462 14.679100036621094
463 13.734207153320313
464 13.03900146484375
465 14.213600158691406
466 12.906097412109375
467 14.646102905273438
468 15.849601745605469
469 17.842391967773438
470 16.932098388671875
471 14.940902709960938
472 16.827102661132813
473 16.012496948242188
474 15.210494995117188
475 14.476707458496094
476 17.021995544433594
477 15.386405944824219
478 14.885498046875
479 14.241996765136719
480 13.759605407714844
481 14.377700805664063
482 14.589797973632813
483 14.25
484 16.396697998046875
485 17.142791748046875
486 16.018898010253906
487 15.779792785644531
488 16.662506103515625
489 17.779205322265625
490 17.290199279785156
491 16.583900451660156
492 17.500503540039063
493 16.9927978515625
494 13.779197692871094
495 14.943893432617188
496 14.865791320800781
497 14.066497802734375
498 15.388603210449219
499 15.383995056152344
500 15.547996520996094
