0 27.965599060058594
1 27.965599060058594
2 32.424705505371094
3 27.7510986328125
4 19.762794494628906
5 16.880203247070313
6 18.248504638671875
7 21.98859405517578
8 22.340606689453125
9 23.67321014404297
10 20.895294189453125
11 21.381301879882813
12 26.568992614746094
13 21.574005126953125
14 17.698204040527344
15 19.4718017578125
16 14.108200073242188
17 12.773704528808594
18 13.6278076171875
19 13.644706726074219
20 13.401199340820313
21 11.566902160644531
22 7.691902160644531
23 9.639297485351563
24 10.564102172851563
25 9.670204162597656
26 8.484603881835938
27 11.382606506347656
28 12.099006652832031
29 14.454200744628906
30 13.561004638671875
31 9.854301452636719
32 10.740707397460938
33 11.421104431152344
34 11.902198791503906
35 11.760604858398438
36 11.508903503417969
37 10.803001403808594
38 11.058502197265625
39 10.58709716796875
40 9.421501159667969
41 12.411697387695313
42 8.720100402832031
43 7.656898498535156
44 8.589599609375
45 9.506797790527344
46 9.875999450683594
47 11.109199523925781
48 9.466804504394531
49 11.816902160644531
50 9.519203186035156
51 7.8647003173828125
52 8.017898559570313
53 6.8394012451171875
54 9.135902404785156
55 10.153404235839844
56 10.740798950195313
57 9.333602905273438
58 10.171302795410156
59 7.852104187011719
60 8.297195434570313
61 8.888198852539063
62 9.832603454589844
63 12.280006408691406
64 10.132598876953125
65 10.693901062011719
66 9.939002990722656
67 12.718505859375
68 9.990203857421875
69 9.089897155761719
70 11.896598815917969
71 12.63079833984375
72 9.637199401855469
73 9.281600952148438
74 8.844795227050781
75 9.483795166015625
76 7.883506774902344
77 7.818397521972656
78 6.8650054931640625
79 6.9906005859375
80 9.423103332519531
81 8.917198181152344
82 7.975502014160156
83 8.817901611328125
84 10.077796936035156
85 9.672203063964844
86 9.87860107421875
87 8.773902893066406
88 8.116600036621094
89 10.624900817871094
90 9.059600830078125
91 9.993095397949219
92 7.4196014404296875
93 9.645004272460938
94 10.814506530761719
95 8.172203063964844
96 8.6531982421875
97 11.583198547363281
98 8.017601013183594
99 9.198799133300781
100 8.303901672363281
101 8.328598022460938
102 9.772705078125
103 8.647499084472656
104 11.547706604003906
105 10.181098937988281
106 11.060104370117188
107 15.057197570800781
108 13.657302856445313
109 12.269599914550781
110 9.4176025390625
111 12.944503784179688
112 12.651496887207031
113 10.698501586914063
114 10.784599304199219
115 9.698204040527344
116 9.776702880859375
117 7.218597412109375
118 6.541099548339844
119 4.485099792480469
120 5.801795959472656
121 5.107200622558594
122 6.195899963378906
123 8.332199096679688
124 8.95269775390625
125 7.51690673828125
126 9.928802490234375
127 7.708000183105469
128 9.819198608398438
129 8.180099487304688
130 7.5818939208984375
131 8.408897399902344
132 9.816497802734375
133 10.012001037597656
134 12.182502746582031
135 11.705902099609375
136 10.329093933105469
137 8.487396240234375
138 8.710494995117188
139 11.119293212890625
140 10.9573974609375
141 11.520797729492188
142 10.267105102539063
143 13.166900634765625
144 13.072799682617188
145 13.033302307128906
146 10.326499938964844
147 10.8114013671875
148 8.731597900390625
149 8.867103576660156
150 10.436599731445313
151 14.001304626464844
152 10.088996887207031
153 9.6593017578125
154 5.894599914550781
155 8.554702758789063
156 8.131500244140625
157 8.3634033203125
158 8.466300964355469
159 8.700904846191406
160 10.9259033203125
161 10.786605834960938
162 9.144302368164063
163 8.384300231933594
164 11.945396423339844
165 10.848495483398438
166 11.828102111816406
167 8.990806579589844
168 11.41510009765625
169 9.223098754882813
170 12.230796813964844
171 11.852798461914063
172 9.093299865722656
173 12.453605651855469
174 5.897705078125
175 7.533302307128906
176 6.97430419921875
177 7.738197326660156
178 9.421104431152344
179 9.169097900390625
180 6.346595764160156
181 9.029396057128906
182 8.779197692871094
183 7.753700256347656
184 4.6472015380859375
185 7.4257965087890625
186 8.9093017578125
187 8.318702697753906
188 8.581901550292969
189 7.8677978515625
190 6.866401672363281
191 5.249900817871094
192 7.7234039306640625
193 6.5384979248046875
194 8.580299377441406
195 9.546600341796875
196 9.627105712890625
197 8.233200073242188
198 7.388206481933594
199 9.990005493164063
200 9.380401611328125
201 9.535301208496094
202 10.957992553710938
203 12.177101135253906
204 12.88470458984375
205 9.97760009765625
206 7.833099365234375
207 7.9972991943359375
208 10.995704650878906
209 13.105293273925781
210 13.765098571777344
211 12.975105285644531
212 13.315093994140625
213 13.036003112792969
214 13.767402648925781
215 11.835800170898438
216 10.002601623535156
217 12.767005920410156
218 13.630996704101563
219 13.05560302734375
220 11.425491333007813
221 10.813400268554688
222 11.47430419921875
223 12.875900268554688
224 13.422500610351563
225 10.072601318359375
226 11.935501098632813
227 12.010795593261719
228 13.933097839355469
229 13.622001647949219
230 15.480697631835938
231 9.944900512695313
232 9.951095581054688
233 11.302200317382813
234 11.800704956054688
235 8.722000122070313
236 11.608001708984375
237 11.42559814453125
238 11.585594177246094
239 9.754798889160156
240 12.319999694824219
241 11.335899353027344
242 14.743995666503906
243 14.599800109863281
244 17.23900604248047
245 14.146697998046875
246 12.011001586914063
247 11.388504028320313
248 12.972000122070313
249 14.444801330566406
250 13.424697875976563
251 13.101303100585938
252 15.802597045898438
253 12.118499755859375
254 10.647705078125
255 12.712493896484375
256 14.508399963378906
257 14.060897827148438
258 10.427101135253906
259 12.865104675292969
260 10.858200073242188
261 12.377304077148438
262 12.803596496582031
263 12.128501892089844
264 12.007705688476563
265 10.203102111816406
266 10.294792175292969
267 10.509201049804688
268 10.321395874023438
269 13.51739501953125
270 12.0126953125
271 9.53179931640625
272 11.143295288085938
273 13.244102478027344
274 10.901603698730469
275 12.285995483398438
276 10.271102905273438
277 11.89190673828125
278 11.626106262207031
279 11.903999328613281
280 10.82080078125
281 11.938697814941406
282 14.12030029296875
283 10.562599182128906
284 12.763595581054688
285 13.543701171875
286 14.4248046875
287 12.375495910644531
288 11.788307189941406
289 12.713508605957031
290 12.614707946777344
291 11.029502868652344
292 10.327102661132813
293 10.727401733398438
294 7.2489013671875
295 8.450401306152344
296 8.957901000976563
297 8.431602478027344
298 9.712501525878906
299 11.113899230957031
300 9.914299011230469
301 12.455299377441406
302 12.065101623535156
303 12.893104553222656
304 13.166702270507813
305 11.169700622558594
306 13.402297973632813
307 12.876701354980469
308 14.145401000976563
309 13.485397338867188
310 10.375999450683594
311 11.030006408691406
312 15.217605590820313
313 16.478897094726563
314 13.899604797363281
315 13.659202575683594
316 15.602699279785156
317 14.110099792480469
318 11.738494873046875
319 10.521003723144531
320 12.630599975585938
321 14.906898498535156
322 12.271507263183594
323 9.070098876953125
324 9.358100891113281
325 8.46319580078125
326 8.747200012207031
327 6.9792938232421875
328 10.342399597167969
329 10.375099182128906
330 11.977104187011719
331 9.370201110839844
332 12.797500610351563
333 12.518096923828125
334 11.830802917480469
335 10.553703308105469
336 8.850303649902344
337 9.156303405761719
338 11.377998352050781
339 11.6748046875
340 11.322906494140625
341 11.643302917480469
342 10.415695190429688
343 8.82879638671875
344 9.675804138183594
345 11.346000671386719
346 9.851493835449219
347 9.402801513671875
348 8.3916015625
349 10.607200622558594
350 9.085800170898438
351 9.444999694824219
352 11.385498046875
353 10.286407470703125
354 10.527198791503906
355 13.241104125976563
356 12.81219482421875
357 11.858497619628906
358 12.225601196289063
359 7.509796142578125
360 14.300201416015625
361 13.3822021484375
362 11.89990234375
363 12.329093933105469
364 12.935806274414063
365 11.069900512695313
366 13.882698059082031
367 14.208099365234375
368 10.589302062988281
369 10.480300903320313
370 13.660003662109375
371 14.414199829101563
372 14.222999572753906
373 12.184600830078125
374 12.265106201171875
375 11.851799011230469
376 11.37359619140625
377 9.680099487304688
378 13.249504089355469
379 13.739097595214844
380 12.022300720214844
381 13.023399353027344
382 10.635299682617188
383 10.340599060058594
384 12.4696044921875
385 10.406394958496094
386 9.210700988769531
387 8.891304016113281
388 7.061805725097656
389 7.206199645996094
390 6.49420166015625
391 9.423797607421875
392 6.504600524902344
393 7.3238983154296875
394 5.8852996826171875
395 6.589698791503906
396 8.626602172851563
397 6.507698059082031
398 6.215599060058594
399 6.762504577636719
400 7.016899108886719
401 6.149406433105469
402 8.597503662109375
403 9.536399841308594
404 6.483406066894531
405 8.246200561523438
406 8.762397766113281
407 9.521804809570313
408 10.351005554199219
409 10.679901123046875
410 11.460899353027344
411 10.827102661132813
412 8.657501220703125
413 10.62060546875
414 11.552398681640625
415 8.759407043457031
416 7.953399658203125
417 8.309799194335938
418 8.26409912109375
419 9.972801208496094
420 9.813697814941406
421 9.647598266601563
422 12.088104248046875
423 11.576797485351563
424 14.135498046875
425 13.374099731445313
426 12.208305358886719
427 12.182304382324219
428 9.302696228027344
429 11.898002624511719
430 15.183998107910156
431 9.697105407714844
432 11.875999450683594
433 13.410003662109375
434 11.35260009765625
435 11.529800415039063
436 11.769096374511719
437 10.424308776855469
438 9.279502868652344
439 9.479194641113281
440 12.488601684570313
441 10.976600646972656
442 7.9586029052734375
443 8.877105712890625
444 9.973602294921875
445 9.473197937011719
446 10.373497009277344
447 9.016105651855469
448 9.428604125976563
449 7.610298156738281
450 8.813400268554688
451 11.3905029296875
452 8.773399353027344
453 10.455398559570313
454 12.679397583007813
455 9.049201965332031
456 9.189300537109375
457 9.893508911132813
458 9.525505065917969
459 9.14520263671875
460 9.874794006347656
461 7.839500427246094
462 9.559104919433594
463 6.55419921875
464 5.799003601074219
465 7.113594055175781
466 5.6161041259765625
467 8.026100158691406
468 11.519599914550781
469 11.702400207519531
470 10.782096862792969
471 9.010894775390625
472 9.237098693847656
473 7.722503662109375
474 11.290496826171875
475 9.106697082519531
476 11.98199462890625
477 11.676399230957031
478 10.675498962402344
479 7.812004089355469
480 8.839599609375
481 9.177703857421875
482 7.189796447753906
483 9.400001525878906
484 11.096702575683594
485 10.082794189453125
486 10.9989013671875
487 12.899803161621094
488 14.38250732421875
489 13.209197998046875
490 11.810195922851563
491 12.703895568847656
492 13.850502014160156
493 12.06280517578125
494 8.519195556640625
495 7.393898010253906
496 9.585800170898438
497 7.126502990722656
498 10.328605651855469
499 9.643997192382813
500 10.088005065917969
