0 26.075599670410156
1 26.075599670410156
2 26.20470428466797
3 24.381103515625
4 20.36280059814453
5 16.97020721435547
6 18.84850311279297
7 20.098594665527344
8 21.690597534179688
9 22.953201293945313
10 20.295303344726563
11 22.131309509277344
12 23.498992919921875
13 22.124008178710938
14 20.508193969726563
15 20.451805114746094
16 17.948204040527344
17 16.193702697753906
18 15.307807922363281
19 16.064697265625
20 14.281196594238281
21 14.13690185546875
22 13.021903991699219
23 11.899299621582031
24 13.224098205566406
25 12.100204467773438
26 11.744606018066406
27 12.962600708007813
28 12.5989990234375
29 14.9342041015625
30 13.000999450683594
31 11.384300231933594
32 11.610702514648438
33 11.19110107421875
34 11.992202758789063
35 11.12060546875
36 12.668899536132813
37 11.153007507324219
38 12.388496398925781
39 10.927093505859375
40 9.441505432128906
41 12.411697387695313
42 9.990097045898438
43 9.38690185546875
44 10.499603271484375
45 10.15679931640625
46 10.126007080078125
47 10.839202880859375
48 10.886802673339844
49 12.236900329589844
50 11.149200439453125
51 8.354698181152344
52 9.877899169921875
53 8.669403076171875
54 11.565902709960938
55 12.133399963378906
56 12.170799255371094
57 11.613601684570313
58 11.371307373046875
59 10.872100830078125
60 9.567192077636719
61 10.928199768066406
62 11.042610168457031
63 12.230003356933594
64 10.172599792480469
65 11.923896789550781
66 11.488998413085938
67 12.818496704101563
68 11.420204162597656
69 10.749893188476563
70 11.676597595214844
71 10.260795593261719
72 9.517196655273438
73 10.5115966796875
74 10.844802856445313
75 10.633796691894531
76 10.133506774902344
77 10.928398132324219
78 10.895004272460938
79 10.4906005859375
80 10.853096008300781
81 11.407203674316406
82 10.775505065917969
83 10.117904663085938
84 10.777801513671875
85 11.032203674316406
86 11.738601684570313
87 11.643905639648438
88 11.746597290039063
89 11.974899291992188
90 10.889602661132813
91 10.483100891113281
92 9.729598999023438
93 11.875
94 12.164505004882813
95 10.212203979492188
96 10.383201599121094
97 12.583206176757813
98 10.297599792480469
99 10.458808898925781
100 11.513900756835938
101 13.408599853515625
102 13.792701721191406
103 12.377494812011719
104 14.627700805664063
105 12.551101684570313
106 14.830108642578125
107 18.277206420898438
108 15.317298889160156
109 15.339599609375
110 12.617599487304688
111 14.654495239257813
112 13.6614990234375
113 13.808494567871094
114 12.214599609375
115 13.158195495605469
116 11.436698913574219
117 9.918601989746094
118 9.751106262207031
119 8.485099792480469
120 9.981796264648438
121 9.137199401855469
122 10.245903015136719
123 11.012199401855469
124 11.112701416015625
125 9.876907348632813
126 13.178802490234375
127 11.658004760742188
128 13.36920166015625
129 11.500099182128906
130 10.701896667480469
131 11.578903198242188
132 12.706497192382813
133 12.491996765136719
134 13.682502746582031
135 12.98590087890625
136 12.039100646972656
137 11.947402954101563
138 10.060493469238281
139 13.489303588867188
140 13.387405395507813
141 13.730804443359375
142 12.657096862792969
143 14.626899719238281
144 14.612800598144531
145 15.013298034667969
146 14.166496276855469
147 14.001396179199219
148 13.071601867675781
149 13.397102355957031
150 13.756591796875
151 15.921302795410156
152 13.478996276855469
153 12.84930419921875
154 10.464607238769531
155 12.984695434570313
156 11.721504211425781
157 11.343399047851563
158 11.606292724609375
159 13.040901184082031
160 14.505897521972656
161 13.566604614257813
162 13.584304809570313
163 14.754302978515625
164 15.745399475097656
165 15.478500366210938
166 16.228103637695313
167 14.180801391601563
168 14.885093688964844
169 13.703094482421875
170 16.790802001953125
171 15.962799072265625
172 13.363296508789063
173 14.643600463867188
174 10.70770263671875
175 11.44329833984375
176 10.234298706054688
177 11.33819580078125
178 12.491104125976563
179 12.279098510742188
180 10.626602172851563
181 12.839401245117188
182 12.489204406738281
183 11.85369873046875
184 10.167205810546875
185 11.285797119140625
186 12.889297485351563
187 13.218696594238281
188 13.481910705566406
189 12.197799682617188
190 12.016403198242188
191 9.789901733398438
192 11.513404846191406
193 10.238494873046875
194 11.800300598144531
195 13.076606750488281
196 12.827102661132813
197 12.863197326660156
198 13.018203735351563
199 14.510002136230469
200 14.310394287109375
201 12.455299377441406
202 11.877998352050781
203 15.107101440429688
204 14.364707946777344
205 13.487602233886719
206 12.633102416992188
207 11.817298889160156
208 14.755699157714844
209 15.855300903320313
210 16.04510498046875
211 15.445098876953125
212 14.965095520019531
213 15.166000366210938
214 15.957405090332031
215 15.035804748535156
216 12.512603759765625
217 14.797004699707031
218 15.420997619628906
219 14.8656005859375
220 13.185493469238281
221 13.193405151367188
222 14.124298095703125
223 14.725906372070313
224 14.922500610351563
225 12.082595825195313
226 13.565498352050781
227 12.190803527832031
228 13.973106384277344
229 14.592002868652344
230 16.66069793701172
231 12.644905090332031
232 12.161102294921875
233 14.56219482421875
234 13.740707397460938
235 11.711997985839844
236 14.027999877929688
237 12.415603637695313
238 13.175590515136719
239 11.094802856445313
240 13.599990844726563
241 12.615898132324219
242 15.713996887207031
243 14.1697998046875
244 16.40900421142578
245 14.346694946289063
246 13.011001586914063
247 11.468498229980469
248 14.11199951171875
249 15.544807434082031
250 12.614700317382813
251 13.591300964355469
252 16.832603454589844
253 14.558494567871094
254 12.787696838378906
255 15.272499084472656
256 14.728401184082031
257 16.030906677246094
258 13.08709716796875
259 14.485107421875
260 13.118202209472656
261 13.687309265136719
262 13.293601989746094
263 14.758506774902344
264 13.577705383300781
265 11.443099975585938
266 11.524795532226563
267 10.779197692871094
268 10.071403503417969
269 13.097396850585938
270 11.152702331542969
271 9.951797485351563
272 12.243301391601563
273 13.064102172851563
274 11.151603698730469
275 10.715995788574219
276 10.19110107421875
277 11.811897277832031
278 10.606101989746094
279 11.254005432128906
280 10.180793762207031
281 10.758697509765625
282 11.9403076171875
283 10.602607727050781
284 11.173599243164063
285 11.153701782226563
286 11.064804077148438
287 10.905502319335938
288 9.6383056640625
289 11.683502197265625
290 12.174705505371094
291 10.229499816894531
292 9.947105407714844
293 10.017402648925781
294 8.368904113769531
295 7.980400085449219
296 11.017898559570313
297 10.191604614257813
298 10.272499084472656
299 10.863899230957031
300 9.814300537109375
301 12.105300903320313
302 11.755096435546875
303 12.93310546875
304 13.236701965332031
305 12.209701538085938
306 14.092300415039063
307 12.126701354980469
308 13.795402526855469
309 13.495399475097656
310 11.605995178222656
311 13.460006713867188
312 13.937606811523438
313 15.238899230957031
314 12.859603881835938
315 13.399200439453125
316 13.542701721191406
317 13.030097961425781
318 12.5885009765625
319 12.701004028320313
320 13.140602111816406
321 14.486900329589844
322 14.001502990722656
323 10.880096435546875
324 10.948104858398438
325 11.353195190429688
326 9.877204895019531
327 9.609298706054688
328 10.792396545410156
329 12.715103149414063
330 13.017105102539063
331 11.64019775390625
332 12.607498168945313
333 13.418106079101563
334 13.480796813964844
335 12.85369873046875
336 10.810302734375
337 9.956306457519531
338 12.447998046875
339 12.344802856445313
340 12.752899169921875
341 11.923301696777344
342 9.985694885253906
343 8.758796691894531
344 9.145805358886719
345 9.965995788574219
346 9.541496276855469
347 9.782798767089844
348 9.831596374511719
349 9.917198181152344
350 10.5758056640625
351 10.694999694824219
352 10.82550048828125
353 10.746406555175781
354 10.347198486328125
355 12.891105651855469
356 12.642196655273438
357 12.048500061035156
358 12.68560791015625
359 9.569793701171875
360 13.380203247070313
361 13.752204895019531
362 12.189895629882813
363 12.629096984863281
364 13.425796508789063
365 12.699905395507813
366 13.2626953125
367 13.468093872070313
368 10.629302978515625
369 10.570297241210938
370 13.830001831054688
371 13.894203186035156
372 13.713005065917969
373 13.124595642089844
374 12.825103759765625
375 12.111793518066406
376 11.343605041503906
377 10.60009765625
378 13.029502868652344
379 12.469100952148438
380 12.342300415039063
381 12.613395690917969
382 10.985305786132813
383 10.460601806640625
384 11.809600830078125
385 11.386398315429688
386 10.830696105957031
387 11.011299133300781
388 9.111801147460938
389 9.706199645996094
390 9.49420166015625
391 11.623802185058594
392 8.424598693847656
393 9.93389892578125
394 8.725296020507813
395 9.329704284667969
396 11.186599731445313
397 9.607696533203125
398 9.6156005859375
399 10.802505493164063
400 11.546897888183594
401 9.819404602050781
402 10.857505798339844
403 10.99639892578125
404 8.593406677246094
405 10.126205444335938
406 10.64239501953125
407 9.851799011230469
408 11.280998229980469
409 11.239898681640625
410 11.930892944335938
411 12.387100219726563
412 9.717498779296875
413 11.700599670410156
414 11.982398986816406
415 9.459403991699219
416 8.92340087890625
417 9.629798889160156
418 9.154106140136719
419 10.692802429199219
420 11.10369873046875
421 10.417594909667969
422 12.268104553222656
423 11.556800842285156
424 13.595497131347656
425 12.864105224609375
426 10.488304138183594
427 11.182304382324219
428 10.752700805664063
429 12.818000793457031
430 13.713996887207031
431 11.177101135253906
432 12.7760009765625
433 12.419998168945313
434 11.302604675292969
435 10.869796752929688
436 12.219100952148438
437 11.5343017578125
438 8.579498291015625
439 10.069198608398438
440 12.408599853515625
441 10.796600341796875
442 9.25860595703125
443 9.897102355957031
444 10.213600158691406
445 10.21319580078125
446 11.003494262695313
447 9.916099548339844
448 10.898605346679688
449 9.880302429199219
450 10.723403930664063
451 10.960494995117188
452 11.663398742675781
453 12.4053955078125
454 12.959403991699219
455 9.899200439453125
456 10.379302978515625
457 12.043502807617188
458 11.145500183105469
459 9.755203247070313
460 8.994796752929688
461 8.789505004882813
462 10.26910400390625
463 8.844200134277344
464 7.319000244140625
465 8.513603210449219
466 6.996101379394531
467 9.466102600097656
468 11.869598388671875
469 13.622398376464844
470 11.492095947265625
471 10.070899963378906
472 10.937095642089844
473 9.772506713867188
474 10.420501708984375
475 9.446708679199219
476 12.23199462890625
477 11.026397705078125
478 9.785499572753906
479 8.852005004882813
480 9.359603881835938
481 9.407707214355469
482 8.22979736328125
483 9.229995727539063
484 11.426704406738281
485 12.18280029296875
486 10.978897094726563
487 11.709800720214844
488 12.522499084472656
489 13.23919677734375
490 12.840202331542969
491 12.193901062011719
492 12.870506286621094
493 12.482803344726563
494 8.649200439453125
495 9.103897094726563
496 10.675796508789063
497 8.996498107910156
498 11.458602905273438
499 10.9739990234375
500 11.51800537109375
