0 22.31560516357422
1 22.315597534179688
2 22.76470184326172
3 20.841102600097656
4 17.702796936035156
5 13.800201416015625
6 15.938499450683594
7 16.598602294921875
8 18.780601501464844
9 19.363197326660156
10 16.99530029296875
11 18.821304321289063
12 19.66899871826172
13 18.324005126953125
14 17.22820281982422
15 16.85179901123047
16 14.608207702636719
17 12.803703308105469
18 11.907798767089844
19 12.704696655273438
20 10.881195068359375
21 10.976898193359375
22 10.691902160644531
23 8.979301452636719
24 10.374099731445313
25 9.410202026367188
26 8.744606018066406
27 9.812599182128906
28 9.488998413085938
29 12.144203186035156
30 9.951004028320313
31 8.864303588867188
32 9.0906982421875
33 8.44110107421875
34 9.112205505371094
35 7.8206024169921875
36 9.68890380859375
37 8.2030029296875
38 9.318496704101563
39 7.737098693847656
40 6.3715057373046875
41 9.321708679199219
42 7.1800994873046875
43 6.846900939941406
44 8.189598083496094
45 7.636802673339844
46 7.5760040283203125
47 8.009201049804688
48 8.366806030273438
49 9.026901245117188
50 8.48919677734375
51 5.824699401855469
52 7.007896423339844
53 6.069404602050781
54 8.9259033203125
55 9.163406372070313
56 9.110794067382813
57 8.873603820800781
58 8.621307373046875
59 8.572105407714844
60 7.4272003173828125
61 8.5281982421875
62 8.802604675292969
63 9.300003051757813
64 7.632598876953125
65 9.593902587890625
66 8.8489990234375
67 9.978492736816406
68 8.360198974609375
69 7.9698944091796875
70 8.836601257324219
71 7.4907989501953125
72 6.3271942138671875
73 7.551597595214844
74 8.084800720214844
75 7.7637939453125
76 7.433502197265625
77 8.128395080566406
78 8.385002136230469
79 7.7205963134765625
80 8.213096618652344
81 8.957199096679688
82 7.9654998779296875
83 6.717903137207031
84 7.937797546386719
85 8.122207641601563
86 9.078598022460938
87 9.353904724121094
88 8.796600341796875
89 8.71490478515625
90 8.139602661132813
91 7.263099670410156
92 6.39959716796875
93 8.775001525878906
94 8.964508056640625
95 7.192207336425781
96 7.123199462890625
97 9.243202209472656
98 7.437599182128906
99 7.658805847167969
100 8.933906555175781
101 10.458595275878906
102 11.142707824707031
103 9.587501525878906
104 11.95770263671875
105 9.841094970703125
106 11.690101623535156
107 15.217193603515625
108 12.347297668457031
109 12.619598388671875
110 9.727592468261719
111 11.614501953125
112 10.841499328613281
113 11.248497009277344
114 9.564605712890625
115 10.058204650878906
116 8.516700744628906
117 7.498603820800781
118 7.261100769042969
119 6.345100402832031
120 7.911796569824219
121 6.7671966552734375
122 7.9358978271484375
123 8.602203369140625
124 8.3927001953125
125 7.166900634765625
126 10.6488037109375
127 9.408004760742188
128 10.789199829101563
129 9.2200927734375
130 8.0718994140625
131 9.268898010253906
132 10.086494445800781
133 9.412002563476563
134 10.432502746582031
135 9.685897827148438
136 8.919097900390625
137 8.887397766113281
138 7.230499267578125
139 10.149299621582031
140 10.287399291992188
141 10.590805053710938
142 9.647102355957031
143 11.196907043457031
144 11.342796325683594
145 11.773307800292969
146 10.966499328613281
147 11.021400451660156
148 10.201606750488281
149 10.637100219726563
150 10.506591796875
151 12.761299133300781
152 10.299003601074219
153 9.899299621582031
154 7.65460205078125
155 9.894699096679688
156 8.861503601074219
157 8.293403625488281
158 8.496299743652344
159 10.000900268554688
160 11.335899353027344
161 10.356605529785156
162 10.774299621582031
163 12.144302368164063
164 12.435401916503906
165 12.238502502441406
166 13.168106079101563
167 11.140800476074219
168 11.625099182128906
169 10.653099060058594
170 13.490798950195313
171 13.112800598144531
172 10.38330078125
173 11.453605651855469
174 8.027702331542969
175 8.493309020996094
176 7.22430419921875
177 8.698196411132813
178 9.291099548339844
179 9.469100952148438
180 7.6266021728515625
181 9.659400939941406
182 9.409202575683594
183 9.133705139160156
184 7.627197265625
185 8.335800170898438
186 10.019302368164063
187 10.558700561523438
188 10.691902160644531
189 9.05780029296875
190 9.136398315429688
191 7.119895935058594
192 8.343399047851563
193 7.1985015869140625
194 8.910301208496094
195 10.156600952148438
196 9.477096557617188
197 9.9031982421875
198 10.268203735351563
199 11.349998474121094
200 11.420402526855469
201 9.325302124023438
202 8.818000793457031
203 11.757102966308594
204 10.854705810546875
205 10.277595520019531
206 9.8031005859375
207 8.687301635742188
208 11.315704345703125
209 12.3052978515625
210 12.47509765625
211 12.155097961425781
212 11.505096435546875
213 11.736000061035156
214 12.617401123046875
215 12.055801391601563
216 9.262603759765625
217 11.537002563476563
218 12.100997924804688
219 11.465606689453125
220 9.585494995117188
221 9.993400573730469
222 10.7843017578125
223 11.2958984375
224 11.552505493164063
225 8.692604064941406
226 10.025497436523438
227 8.670799255371094
228 10.323097229003906
229 11.072006225585938
230 13.200698852539063
231 9.444900512695313
232 8.771102905273438
233 11.032196044921875
234 10.490699768066406
235 8.401992797851563
236 10.517997741699219
237 8.915603637695313
238 9.725593566894531
239 7.954803466796875
240 10.159996032714844
241 9.0458984375
242 12.074005126953125
243 10.529800415039063
244 12.638999938964844
245 10.656700134277344
246 9.71099853515625
247 7.938507080078125
248 10.431999206542969
249 12.024803161621094
250 8.894699096679688
251 10.15130615234375
252 13.252601623535156
253 10.89849853515625
254 9.387702941894531
255 11.6925048828125
256 11.1083984375
257 12.430908203125
258 9.597099304199219
259 11.005104064941406
260 9.638198852539063
261 10.077301025390625
262 9.753593444824219
263 11.248504638671875
264 10.07769775390625
265 8.083099365234375
266 8.2947998046875
267 7.609199523925781
268 6.531402587890625
269 9.737396240234375
270 7.972694396972656
271 6.811798095703125
272 8.88330078125
273 9.444107055664063
274 7.7516021728515625
275 7.185997009277344
276 6.981101989746094
277 8.51190185546875
278 7.386100769042969
279 7.8339996337890625
280 6.82080078125
281 7.408699035644531
282 8.310302734375
283 7.132606506347656
284 7.853599548339844
285 7.5937042236328125
286 7.73480224609375
287 7.235496520996094
288 6.3383026123046875
289 8.433502197265625
290 8.88470458984375
291 6.709495544433594
292 6.497100830078125
293 7.117401123046875
294 5.348899841308594
295 5.560401916503906
296 8.03790283203125
297 7.111602783203125
298 7.182502746582031
299 7.6038970947265625
300 6.194297790527344
301 8.575294494628906
302 8.125099182128906
303 9.383102416992188
304 9.856704711914063
305 8.749702453613281
306 10.652297973632813
307 8.596702575683594
308 10.215408325195313
309 9.815399169921875
310 8.245994567871094
311 10.1300048828125
312 10.717605590820313
313 11.818893432617188
314 9.549606323242188
315 10.019195556640625
316 9.972702026367188
317 9.620101928710938
318 8.89849853515625
319 9.59100341796875
320 9.840606689453125
321 10.88690185546875
322 10.581504821777344
323 7.6201019287109375
324 8.008102416992188
325 8.383201599121094
326 7.0171966552734375
327 6.529296875
328 7.622398376464844
329 9.645103454589844
330 9.937103271484375
331 8.590194702148438
332 9.527496337890625
333 9.828102111816406
334 10.000801086425781
335 9.553703308105469
336 7.9203033447265625
337 6.656303405761719
338 9.157997131347656
339 9.074806213378906
340 9.612907409667969
341 8.703300476074219
342 6.975700378417969
343 5.728797912597656
344 5.625801086425781
345 6.4459991455078125
346 6.261497497558594
347 6.402801513671875
348 6.551605224609375
349 6.4272003173828125
350 7.045799255371094
351 6.9850006103515625
352 7.145500183105469
353 7.316398620605469
354 6.8271942138671875
355 9.381103515625
356 9.022201538085938
357 8.548500061035156
358 9.1156005859375
359 6.039794921875
360 9.670204162597656
361 10.112205505371094
362 8.839897155761719
363 9.169097900390625
364 10.01580810546875
365 9.45989990234375
366 9.732696533203125
367 9.748092651367188
368 7.339302062988281
369 7.3502960205078125
370 10.520004272460938
371 10.444198608398438
372 9.963005065917969
373 9.754600524902344
374 9.235099792480469
375 8.40179443359375
376 7.6735992431640625
377 7.390098571777344
378 9.789505004882813
379 9.059104919433594
380 8.812301635742188
381 9.17340087890625
382 7.695304870605469
383 7.670600891113281
384 8.64959716796875
385 8.076400756835938
386 7.330696105957031
387 7.491302490234375
388 5.931800842285156
389 6.636199951171875
390 7.004203796386719
391 8.403800964355469
392 5.5746002197265625
393 6.93389892578125
394 5.525299072265625
395 6.169700622558594
396 8.076606750488281
397 6.357696533203125
398 6.995597839355469
399 7.472503662109375
400 8.526901245117188
401 6.7494049072265625
402 7.647499084472656
403 7.4163970947265625
404 5.653404235839844
405 6.896202087402344
406 7.322395324707031
407 6.441802978515625
408 8.141006469726563
409 7.969902038574219
410 8.73089599609375
411 9.177101135253906
412 6.4174957275390625
413 8.300605773925781
414 8.352394104003906
415 6.129402160644531
416 5.333396911621094
417 6.049797058105469
418 5.684104919433594
419 7.2527923583984375
420 7.733695983886719
421 6.937599182128906
422 8.698104858398438
423 7.926795959472656
424 10.245506286621094
425 9.464096069335938
426 7.2783050537109375
427 7.852302551269531
428 7.512702941894531
429 9.288002014160156
430 10.343994140625
431 7.927101135253906
432 9.365997314453125
433 8.69000244140625
434 7.892601013183594
435 7.789794921875
436 9.179100036621094
437 8.184303283691406
438 5.309501647949219
439 6.7991943359375
440 9.168594360351563
441 7.6466064453125
442 6.308601379394531
443 6.6571044921875
444 7.1136016845703125
445 7.0431976318359375
446 7.743499755859375
447 6.596099853515625
448 7.62860107421875
449 6.770294189453125
450 7.453399658203125
451 7.4004974365234375
452 8.353401184082031
453 9.215400695800781
454 9.559402465820313
455 6.6992034912109375
456 7.509300231933594
457 8.723503112792969
458 8.005500793457031
459 6.495201110839844
460 5.614799499511719
461 5.4394989013671875
462 7.259101867675781
463 5.654205322265625
464 4.088996887207031
465 5.213600158691406
466 4.096099853515625
467 6.276100158691406
468 8.799598693847656
469 10.362396240234375
470 8.152099609375
471 6.86090087890625
472 7.83709716796875
473 6.602508544921875
474 7.190498352050781
475 6.046699523925781
476 8.621994018554688
477 7.3863983154296875
478 6.385498046875
479 5.5420074462890625
480 6.269599914550781
481 6.027702331542969
482 5.22979736328125
483 6.029998779296875
484 7.956703186035156
485 8.792800903320313
486 7.778900146484375
487 8.009803771972656
488 8.842498779296875
489 9.959197998046875
490 9.380195617675781
491 8.853897094726563
492 9.470504760742188
493 8.882797241210938
494 5.5092010498046875
495 5.973899841308594
496 7.735801696777344
497 6.046501159667969
498 8.158599853515625
499 7.433998107910156
500 8.13800048828125
