0 30.105606079101563
1 30.10559844970703
2 28.664695739746094
3 31.131103515625
4 33.42279815673828
5 28.460205078125
6 30.968505859375
7 26.278594970703125
8 32.910606384277344
9 31.883209228515625
10 30.165298461914063
11 30.581298828125
12 28.308998107910156
13 27.714004516601563
14 31.53820037841797
15 27.71179962158203
16 26.41820526123047
17 23.183700561523438
18 23.587799072265625
19 25.554702758789063
20 24.201202392578125
21 26.406906127929688
22 27.721908569335938
23 24.689300537109375
24 26.354103088378906
25 25.370201110839844
26 24.054611206054688
27 24.03260040283203
28 23.449005126953125
29 27.49420166015625
30 24.011001586914063
31 24.654296875
32 24.91070556640625
33 24.26110076904297
34 23.94220733642578
35 21.840606689453125
36 23.57891082763672
37 22.873001098632813
38 24.668502807617188
39 21.817100524902344
40 20.951507568359375
41 24.11170196533203
42 22.890098571777344
43 23.50690460205078
44 24.70960235595703
45 25.006805419921875
46 22.5260009765625
47 22.85919189453125
48 24.176803588867188
49 23.286903381347656
50 24.54920196533203
51 22.274696350097656
52 22.78790283203125
53 22.369400024414063
54 24.945907592773438
55 24.47339630126953
56 23.990798950195313
57 25.473602294921875
58 24.571304321289063
59 26.192100524902344
60 24.127197265625
61 25.71820068359375
62 25.402603149414063
63 25.32000732421875
64 24.17259979248047
65 26.523902893066406
66 25.619003295898438
67 25.3385009765625
68 23.660202026367188
69 24.64990234375
70 24.68659210205078
71 21.76080322265625
72 21.677200317382813
73 23.44159698486328
74 23.904800415039063
75 23.793807983398438
76 24.02350616455078
77 24.22840118408203
78 25.175003051757813
79 23.9906005859375
80 24.393104553222656
81 25.597198486328125
82 24.51551055908203
83 21.567901611328125
84 23.337799072265625
85 23.602203369140625
86 25.478599548339844
87 26.55390167236328
88 25.45659637451172
89 23.814903259277344
90 23.27960205078125
91 21.80310821533203
92 21.849609375
93 23.525001525878906
94 22.884506225585938
95 22.792205810546875
96 21.283203125
97 22.71320343017578
98 23.09760284423828
99 23.308799743652344
100 26.233901977539063
101 26.728599548339844
102 28.242698669433594
103 25.61750030517578
104 27.7677001953125
105 25.401100158691406
106 26.55010223388672
107 30.32720184326172
108 27.04730224609375
109 28.27959442138672
110 25.877593994140625
111 27.30450439453125
112 26.47150421142578
113 27.298500061035156
114 25.704605102539063
115 26.14820098876953
116 24.80670928955078
117 23.32860565185547
118 23.791107177734375
119 23.865097045898438
120 25.671791076660156
121 24.397201538085938
122 25.635902404785156
123 25.922195434570313
124 25.812698364257813
125 24.126907348632813
126 28.20880126953125
127 26.25799560546875
128 27.919204711914063
129 26.120094299316406
130 24.8218994140625
131 26.088905334472656
132 26.246498107910156
133 25.442001342773438
134 24.542503356933594
135 23.765907287597656
136 24.119102478027344
137 23.997406005859375
138 22.280502319335938
139 24.21929931640625
140 25.4573974609375
141 24.63079833984375
142 24.557106018066406
143 25.496910095214844
144 24.972801208496094
145 24.853302001953125
146 25.97649383544922
147 25.99140167236328
148 24.971603393554688
149 26.177101135253906
150 25.106597900390625
151 25.561302185058594
152 25.189002990722656
153 24.66930389404297
154 23.66460418701172
155 25.07470703125
156 24.60150146484375
157 23.603408813476563
158 22.95629119873047
159 22.310897827148438
160 24.895904541015625
161 22.116607666015625
162 24.144302368164063
163 23.444305419921875
164 23.14539337158203
165 22.248497009277344
166 25.588104248046875
167 25.2008056640625
168 25.245094299316406
169 24.413101196289063
170 26.530799865722656
171 27.38280487060547
172 26.49329376220703
173 26.68360137939453
174 24.02770233154297
175 23.963302612304688
176 23.064300537109375
177 25.308197021484375
178 24.171104431152344
179 24.169097900390625
180 22.736595153808594
181 24.039405822753906
182 24.18920135498047
183 24.22370147705078
184 23.867202758789063
185 23.495803833007813
186 25.019302368164063
187 26.208702087402344
188 25.39190673828125
189 21.887802124023438
190 23.266403198242188
191 22.359893798828125
192 21.763404846191406
193 20.548492431640625
194 22.140296936035156
195 23.406600952148438
196 22.637100219726563
197 23.583206176757813
198 22.488204956054688
199 23.730003356933594
200 25.17040252685547
201 23.885299682617188
202 23.057998657226563
203 23.737098693847656
204 23.724700927734375
205 24.04759979248047
206 23.533103942871094
207 21.8572998046875
208 22.315704345703125
209 24.635292053222656
210 22.59510040283203
211 23.125106811523438
212 22.335098266601563
213 22.695999145507813
214 24.65740203857422
215 24.495803833007813
216 21.192596435546875
217 22.84699249267578
218 23.22100830078125
219 21.105606079101563
220 20.475502014160156
221 21.463401794433594
222 22.694297790527344
223 21.17589569091797
224 22.102493286132813
225 20.432601928710938
226 20.675506591796875
227 20.06079864501953
228 19.5531005859375
229 21.302001953125
230 21.420700073242188
231 21.304908752441406
232 21.43109893798828
233 21.372207641601563
234 22.680702209472656
235 19.722000122070313
236 22.727996826171875
237 20.005599975585938
238 22.085601806640625
239 22.024803161621094
240 23.019996643066406
241 22.405899047851563
242 22.09400177001953
243 20.84980010986328
244 22.66899871826172
245 22.646697998046875
246 22.201004028320313
247 21.258506774902344
248 22.271995544433594
249 22.1748046875
250 18.6947021484375
251 21.921302795410156
252 23.582603454589844
253 21.738502502441406
254 20.57769775390625
255 22.212501525878906
256 20.008399963378906
257 22.190902709960938
258 21.59709930419922
259 23.015106201171875
260 21.818206787109375
261 22.43730926513672
262 21.043594360351563
263 21.678497314453125
264 21.617706298828125
265 20.783103942871094
266 21.85479736328125
267 20.649200439453125
268 18.591400146484375
269 21.727394104003906
270 21.222694396972656
271 21.191802978515625
272 22.26329803466797
273 21.814102172851563
274 20.7716064453125
275 18.09600067138672
276 19.611106872558594
277 21.51190185546875
278 20.57610321044922
279 19.23400115966797
280 19.64080047607422
281 19.59869384765625
282 19.330307006835938
283 19.97260284423828
284 19.55359649658203
285 19.443702697753906
286 17.91480255126953
287 17.605499267578125
288 18.588294982910156
289 21.953506469726563
290 21.32470703125
291 20.18950653076172
292 19.15709686279297
293 20.70740509033203
294 20.138900756835938
295 19.740402221679688
296 21.297897338867188
297 20.26160430908203
298 20.74250030517578
299 18.763900756835938
300 17.734298706054688
301 20.0552978515625
302 18.72509765625
303 20.5531005859375
304 21.18670654296875
305 20.899696350097656
306 22.562301635742188
307 19.12670135498047
308 21.125396728515625
309 20.46540069580078
310 21.15599822998047
311 21.360008239746094
312 22.53760528564453
313 22.348899841308594
314 20.989608764648438
315 21.389198303222656
316 19.20269775390625
317 18.830101013183594
318 19.368499755859375
319 22.111000061035156
320 21.67060089111328
321 21.20690155029297
322 22.521507263183594
323 20.780105590820313
324 21.10810089111328
325 22.96320343017578
326 20.977203369140625
327 21.58929443359375
328 20.502395629882813
329 23.085105895996094
330 23.01709747314453
331 22.240203857421875
332 22.017494201660156
333 22.6680908203125
334 24.240798950195313
335 23.303695678710938
336 22.18030548095703
337 20.21630096435547
338 23.097999572753906
339 22.874801635742188
340 23.652908325195313
341 22.56329345703125
342 21.105697631835938
343 19.178794860839844
344 19.025802612304688
345 18.355995178222656
346 19.871498107910156
347 19.162803649902344
348 19.851600646972656
349 18.047203063964844
350 19.925804138183594
351 18.955001831054688
352 18.615509033203125
353 18.99640655517578
354 20.05719757080078
355 21.231101989746094
356 20.69219970703125
357 21.07849884033203
358 20.775604248046875
359 19.22979736328125
360 20.750205993652344
361 19.932205200195313
362 21.51990509033203
363 20.8291015625
364 21.955810546875
365 22.799896240234375
366 20.922698974609375
367 19.698097229003906
368 20.799301147460938
369 21.32030487060547
370 21.62000274658203
371 21.004196166992188
372 20.96300506591797
373 22.53460693359375
374 20.965103149414063
375 20.40179443359375
376 20.30359649658203
377 22.04010009765625
378 22.949493408203125
379 19.609100341796875
380 22.762298583984375
381 21.85340118408203
382 20.915298461914063
383 22.29059600830078
384 22.499603271484375
385 21.336395263671875
386 20.980697631835938
387 19.791297912597656
388 21.03180694580078
389 21.346206665039063
390 22.69420623779297
391 21.923797607421875
392 21.65460205078125
393 22.903907775878906
394 21.325294494628906
395 21.089706420898438
396 23.376609802246094
397 20.217697143554688
398 22.35559844970703
399 21.582504272460938
400 23.00690460205078
401 21.619407653808594
402 21.43750762939453
403 19.766403198242188
404 20.8634033203125
405 20.456207275390625
406 21.26239776611328
407 19.311798095703125
408 21.41100311279297
409 21.08990478515625
410 21.2908935546875
411 23.007102966308594
412 20.31749725341797
413 20.920608520507813
414 19.662399291992188
415 19.349411010742188
416 17.47339630126953
417 20.269805908203125
418 19.9541015625
419 21.042800903320313
420 21.85369873046875
421 20.35759735107422
422 20.468101501464844
423 20.41680145263672
424 22.77550506591797
425 21.31409454345703
426 18.868301391601563
427 19.332305908203125
428 20.842697143554688
429 21.76799774169922
430 21.444000244140625
431 20.477096557617188
432 22.416000366210938
433 20.709999084472656
434 20.092605590820313
435 21.28980255126953
436 24.119102478027344
437 23.114303588867188
438 19.60950469970703
439 21.009193420410156
440 23.158599853515625
441 20.07659912109375
442 21.1986083984375
443 20.797103881835938
444 21.493606567382813
445 20.923202514648438
446 21.303497314453125
447 19.916099548339844
448 21.69860076904297
449 21.320297241210938
450 21.35340118408203
451 19.990493774414063
452 22.393402099609375
453 23.015396118164063
454 21.899398803710938
455 20.349205017089844
456 22.069297790527344
457 22.9735107421875
458 21.665504455566406
459 20.065208435058594
460 17.914794921875
461 18.92950439453125
462 20.479103088378906
463 20.764205932617188
464 18.91899871826172
465 19.05359649658203
466 19.006103515625
467 21.00609588623047
468 22.849594116210938
469 23.362396240234375
470 22.552101135253906
471 21.86089324951172
472 22.127098083496094
473 21.242507934570313
474 20.14049530029297
475 20.606704711914063
476 20.271995544433594
477 17.916397094726563
478 19.835494995117188
479 19.662002563476563
480 19.76959991455078
481 19.477699279785156
482 19.92980194091797
483 19.199996948242188
484 20.98670196533203
485 21.722793579101563
486 19.92890167236328
487 18.129798889160156
488 18.00250244140625
489 21.909210205078125
490 21.39019775390625
491 21.263893127441406
492 21.64049530029297
493 21.18280029296875
494 19.17919921875
495 20.953903198242188
496 22.705795288085938
497 21.71649932861328
498 20.93860626220703
499 20.613998413085938
500 19.777999877929688
