0 22.405601501464844
1 22.405593872070313
2 22.13469696044922
3 31.981101989746094
4 36.642799377441406
5 32.34020233154297
6 34.79850769042969
7 29.038597106933594
8 38.270606994628906
9 37.003211975097656
10 36.975303649902344
11 37.22130584716797
12 33.178993225097656
13 34.343994140625
14 40.71820068359375
15 34.811805725097656
16 34.95819854736328
17 31.80370330810547
18 31.30780029296875
19 33.98469543457031
20 30.85120391845703
21 33.15690612792969
22 36.13190460205078
23 32.939300537109375
24 34.34410095214844
25 32.97020721435547
26 31.994606018066406
27 30.172607421875
28 30.71900177001953
29 33.204200744628906
30 30.10100555419922
31 30.704307556152344
32 31.070701599121094
33 30.721107482910156
34 30.082199096679688
35 27.790603637695313
36 30.048904418945313
37 30.362998962402344
38 32.108489990234375
39 28.83709716796875
40 26.371505737304688
41 30.781700134277344
42 29.47010040283203
43 29.51690673828125
44 30.64960479736328
45 31.356796264648438
46 28.456008911132813
47 29.289199829101563
48 31.396804809570313
49 29.156898498535156
50 32.3092041015625
51 28.964706420898438
52 29.707901000976563
53 29.929405212402344
54 32.805908203125
55 31.04340362548828
56 31.400802612304688
57 33.593605041503906
58 31.391311645507813
59 33.002105712890625
60 30.517196655273438
61 33.28820037841797
62 32.92259979248047
63 31.06000518798828
64 28.392601013183594
65 32.04389953613281
66 31.90899658203125
67 32.69850158691406
68 31.970199584960938
69 29.64990234375
70 29.1365966796875
71 25.100799560546875
72 23.407196044921875
73 27.21160888671875
74 28.574798583984375
75 28.553802490234375
76 31.113502502441406
77 30.998397827148438
78 35.43500518798828
79 27.470603942871094
80 28.223098754882813
81 29.797195434570313
82 29.20550537109375
83 26.91790008544922
84 27.55780029296875
85 27.772201538085938
86 29.838600158691406
87 32.92389678955078
88 31.506607055664063
89 30.824905395507813
90 30.859603881835938
91 28.55309295654297
92 29.46959686279297
93 31.235000610351563
94 30.9844970703125
95 25.612205505371094
96 28.833206176757813
97 31.083206176757813
98 31.447601318359375
99 28.008804321289063
100 33.403900146484375
101 34.13860321044922
102 30.492706298828125
103 28.36750030517578
104 33.2777099609375
105 32.71110534667969
106 36.360107421875
107 38.18720245361328
108 34.97730255126953
109 35.589599609375
110 33.83760070800781
111 35.9945068359375
112 28.261497497558594
113 35.51850128173828
114 33.46460723876953
115 32.03820037841797
116 29.586700439453125
117 30.418601989746094
118 32.801109313964844
119 26.265106201171875
120 31.321800231933594
121 31.377197265625
122 34.145896911621094
123 34.1322021484375
124 31.84270477294922
125 31.726905822753906
126 36.25880432128906
127 33.46800231933594
128 35.409202575683594
129 33.80010223388672
130 31.801902770996094
131 33.158905029296875
132 32.80650329589844
133 29.402008056640625
134 27.642501831054688
135 29.11590576171875
136 27.619102478027344
137 30.367401123046875
138 28.58050537109375
139 32.249298095703125
140 36.37739562988281
141 32.540802001953125
142 28.697105407714844
143 29.616905212402344
144 25.522796630859375
145 28.043304443359375
146 26.946495056152344
147 25.961402893066406
148 22.70159912109375
149 24.747100830078125
150 24.186599731445313
151 31.621307373046875
152 31.96900177001953
153 31.759300231933594
154 31.874603271484375
155 33.154701232910156
156 29.761505126953125
157 23.373397827148438
158 23.486297607421875
159 26.56090545654297
160 23.745895385742188
161 19.926605224609375
162 26.444305419921875
163 28.744300842285156
164 26.72540283203125
165 25.07849884033203
166 29.578102111816406
167 28.77080535888672
168 28.23509979248047
169 29.11309814453125
170 30.660797119140625
171 27.4927978515625
172 27.24329376220703
173 28.62359619140625
174 26.377700805664063
175 25.493301391601563
176 21.454299926757813
177 22.298202514648438
178 21.911102294921875
179 23.129104614257813
180 24.44660186767578
181 28.729400634765625
182 24.3092041015625
183 28.573707580566406
184 28.547203063964844
185 22.49579620361328
186 24.419296264648438
187 30.91869354248047
188 30.681900024414063
189 30.6177978515625
190 31.706398010253906
191 28.789901733398438
192 25.413406372070313
193 27.38849639892578
194 28.710304260253906
195 29.38660430908203
196 26.287094116210938
197 30.863204956054688
198 30.948211669921875
199 30.480003356933594
200 32.940406799316406
201 31.605300903320313
202 28.998001098632813
203 29.607093811035156
204 27.414710998535156
205 31.957603454589844
206 30.393104553222656
207 23.877296447753906
208 21.745704650878906
209 25.885292053222656
210 25.265106201171875
211 31.755104064941406
212 18.635101318359375
213 21.856002807617188
214 20.257408142089844
215 22.615806579589844
216 19.512596130371094
217 21.847000122070313
218 23.680999755859375
219 23.155601501464844
220 19.2554931640625
221 21.693405151367188
222 24.764297485351563
223 23.085899353027344
224 21.62250518798828
225 21.562599182128906
226 20.435501098632813
227 17.81079864501953
228 19.81310272216797
229 23.782005310058594
230 22.250701904296875
231 24.484901428222656
232 20.06109619140625
233 22.76220703125
234 31.310707092285156
235 26.192001342773438
236 23.227996826171875
237 15.665596008300781
238 23.565597534179688
239 21.584808349609375
240 27.150001525878906
241 16.97589874267578
242 22.91400146484375
243 16.85979461669922
244 18.428993225097656
245 22.10669708251953
246 17.33100128173828
247 20.32849884033203
248 25.4219970703125
249 23.764801025390625
250 21.094696044921875
251 25.671302795410156
252 24.22259521484375
253 24.058509826660156
254 23.177703857421875
255 25.642494201660156
256 20.498397827148438
257 24.68090057373047
258 25.277099609375
259 26.075103759765625
260 25.59819793701172
261 25.907302856445313
262 23.19359588623047
263 27.758506774902344
264 23.057701110839844
265 23.193099975585938
266 27.814796447753906
267 23.67919921875
268 26.291397094726563
269 24.64740753173828
270 24.88269805908203
271 20.041793823242188
272 21.973304748535156
273 23.434104919433594
274 24.301597595214844
275 18.51599884033203
276 21.411102294921875
277 25.45189666748047
278 23.616104125976563
279 22.024002075195313
280 24.680801391601563
281 20.518699645996094
282 16.900306701660156
283 14.942604064941406
284 13.773597717285156
285 19.05370330810547
286 13.564796447753906
287 18.095504760742188
288 18.32830047607422
289 20.22350311279297
290 18.234710693359375
291 16.66950225830078
292 19.057106018066406
293 20.887405395507813
294 18.648902893066406
295 15.680397033691406
296 16.66790008544922
297 15.931594848632813
298 18.852500915527344
299 17.453895568847656
300 13.194297790527344
301 21.49529266357422
302 20.395095825195313
303 23.62310028076172
304 25.006698608398438
305 20.909698486328125
306 25.902297973632813
307 19.016708374023438
308 22.755401611328125
309 21.46539306640625
310 25.195999145507813
311 21.490005493164063
312 18.757606506347656
313 17.2388916015625
314 14.509597778320313
315 18.079193115234375
316 13.552703857421875
317 23.240097045898438
318 14.318496704101563
319 19.29100799560547
320 18.4906005859375
321 18.786903381347656
322 25.401504516601563
323 21.650100708007813
324 19.388099670410156
325 23.60320281982422
326 21.51720428466797
327 23.939292907714844
328 20.822402954101563
329 22.505104064941406
330 22.767105102539063
331 21.420196533203125
332 22.287498474121094
333 28.35809326171875
334 26.4508056640625
335 19.503707885742188
336 19.26030731201172
337 15.716300964355469
338 18.057998657226563
339 18.534805297851563
340 21.712905883789063
341 17.13330078125
342 14.795700073242188
343 16.928794860839844
344 15.275802612304688
345 12.0260009765625
346 23.621498107910156
347 22.42279815673828
348 16.44159698486328
349 12.777198791503906
350 15.405807495117188
351 14.264999389648438
352 13.905502319335938
353 14.296401977539063
354 20.99720001220703
355 17.271102905273438
356 17.992202758789063
357 23.64849853515625
358 19.265602111816406
359 19.679794311523438
360 18.14019775390625
361 19.13220977783203
362 19.989898681640625
363 20.94910430908203
364 22.62580108642578
365 22.95990753173828
366 19.622703552246094
367 17.92809295654297
368 20.989303588867188
369 18.62029266357422
370 19.8800048828125
371 16.86419677734375
372 20.472999572753906
373 17.33460235595703
374 21.455101013183594
375 19.391799926757813
376 17.143600463867188
377 20.190101623535156
378 18.85950469970703
379 18.63909912109375
380 22.072303771972656
381 18.083404541015625
382 19.37530517578125
383 19.720603942871094
384 21.53960418701172
385 19.416397094726563
386 20.940704345703125
387 20.35131072998047
388 21.371803283691406
389 20.42620086669922
390 25.49420928955078
391 22.533798217773438
392 23.77460479736328
393 27.213905334472656
394 20.885299682617188
395 24.24970245361328
396 25.44660186767578
397 25.287704467773438
398 26.635597229003906
399 24.492507934570313
400 26.676902770996094
401 23.43939971923828
402 25.55750274658203
403 19.99639892578125
404 22.06340789794922
405 18.03620147705078
406 21.76239776611328
407 19.491806030273438
408 18.52100372314453
409 20.03990936279297
410 23.0509033203125
411 22.077110290527344
412 21.607505798339844
413 20.710609436035156
414 18.752403259277344
415 17.969406127929688
416 18.453399658203125
417 22.72979736328125
418 19.344100952148438
419 25.972801208496094
420 20.53369140625
421 18.737594604492188
422 18.728111267089844
423 19.756797790527344
424 19.485511779785156
425 17.494102478027344
426 12.518302917480469
427 17.272300720214844
428 20.0126953125
429 19.76799774169922
430 19.203994750976563
431 20.947097778320313
432 20.5260009765625
433 22.23999786376953
434 21.61260223388672
435 25.449806213378906
436 28.69910430908203
437 27.114303588867188
438 21.219505310058594
439 22.99919891357422
440 25.1885986328125
441 21.286605834960938
442 24.588600158691406
443 24.307106018066406
444 23.243606567382813
445 24.073196411132813
446 23.78350067138672
447 21.836097717285156
448 25.968605041503906
449 27.590293884277344
450 26.66339874267578
451 22.040496826171875
452 25.593399047851563
453 26.395401000976563
454 20.74939727783203
455 18.69921112060547
456 23.9093017578125
457 26.183509826660156
458 26.19550323486328
459 23.785202026367188
460 16.654800415039063
461 23.289505004882813
462 24.809104919433594
463 27.844207763671875
464 22.77899932861328
465 22.543601989746094
466 20.69610595703125
467 30.82610321044922
468 29.119590759277344
469 25.872398376464844
470 26.952102661132813
471 24.87090301513672
472 26.637100219726563
473 25.412506103515625
474 24.750503540039063
475 22.81670379638672
476 21.031997680664063
477 19.69640350341797
478 21.735504150390625
479 22.11200714111328
480 25.449600219726563
481 23.09770965576172
482 25.10979461669922
483 23.62999725341797
484 24.276695251464844
485 20.782798767089844
486 18.098899841308594
487 12.329803466796875
488 10.122505187988281
489 20.409202575683594
490 21.920204162597656
491 15.013900756835938
492 16.13050079345703
493 16.222793579101563
494 16.899200439453125
495 18.033897399902344
496 17.5758056640625
497 20.576507568359375
498 19.238609313964844
499 18.054000854492188
500 17.738006591796875
