0 20.73560333251953
1 20.735595703125
2 24.034706115722656
3 24.911102294921875
4 22.30280303955078
5 16.940200805664063
6 18.808502197265625
7 15.568595886230469
8 20.110595703125
9 19.293197631835938
10 17.86530303955078
11 17.331298828125
12 17.02899932861328
13 14.483993530273438
14 16.118202209472656
15 13.361801147460938
16 10.508201599121094
17 7.033699035644531
18 8.387802124023438
19 10.904701232910156
20 11.191200256347656
21 12.026901245117188
22 12.271903991699219
23 10.949302673339844
24 11.374099731445313
25 12.180198669433594
26 9.684600830078125
27 12.022598266601563
28 12.749000549316406
29 15.784202575683594
30 12.611000061035156
31 13.194305419921875
32 12.870704650878906
33 12.0010986328125
34 12.032203674316406
35 10.350601196289063
36 10.578903198242188
37 9.983001708984375
38 11.118499755859375
39 9.607093811035156
40 9.151504516601563
41 11.501708984375
42 10.590095520019531
43 9.776901245117188
44 14.049598693847656
45 14.116798400878906
46 11.296005249023438
47 11.769195556640625
48 11.706802368164063
49 10.38690185546875
50 11.049201965332031
51 9.714698791503906
52 9.537895202636719
53 9.57940673828125
54 11.535903930664063
55 10.713401794433594
56 9.760795593261719
57 11.023605346679688
58 12.351303100585938
59 12.932098388671875
60 13.747200012207031
61 13.168205261230469
62 13.272605895996094
63 12.860008239746094
64 13.752593994140625
65 16.043899536132813
66 14.018997192382813
67 14.968498229980469
68 10.980201721191406
69 11.70989990234375
70 12.856597900390625
71 11.990798950195313
72 10.477195739746094
73 11.311599731445313
74 11.454795837402344
75 11.433799743652344
76 9.853500366210938
77 9.388397216796875
78 10.845008850097656
79 9.510604858398438
80 11.513099670410156
81 10.787200927734375
82 11.0155029296875
83 8.927902221679688
84 10.887802124023438
85 10.042205810546875
86 11.738601684570313
87 12.553901672363281
88 11.036605834960938
89 10.784904479980469
90 10.269599914550781
91 9.863105773925781
92 7.9496002197265625
93 9.125
94 8.254501342773438
95 8.792198181152344
96 8.09320068359375
97 8.603202819824219
98 9.407600402832031
99 11.45880126953125
100 11.793899536132813
101 10.838600158691406
102 10.872703552246094
103 10.867500305175781
104 11.077705383300781
105 9.491096496582031
106 9.940101623535156
107 13.637191772460938
108 12.947296142578125
109 12.789596557617188
110 9.387596130371094
111 12.954498291015625
112 12.531501770019531
113 12.288505554199219
114 13.624603271484375
115 11.96820068359375
116 10.886703491210938
117 10.558601379394531
118 11.081100463867188
119 9.815101623535156
120 11.311798095703125
121 10.327201843261719
122 11.865898132324219
123 13.232200622558594
124 12.162704467773438
125 11.086906433105469
126 13.728805541992188
127 12.298004150390625
128 13.069198608398438
129 11.900093078613281
130 11.481903076171875
131 13.128898620605469
132 13.396499633789063
133 10.722000122070313
134 10.722503662109375
135 9.445899963378906
136 9.4490966796875
137 8.137397766113281
138 8.850494384765625
139 9.419296264648438
140 10.177398681640625
141 10.040802001953125
142 9.137100219726563
143 9.956901550292969
144 9.722801208496094
145 8.963302612304688
146 8.086494445800781
147 10.711402893066406
148 7.7516021728515625
149 9.59710693359375
150 8.756599426269531
151 9.661300659179688
152 8.838996887207031
153 9.08929443359375
154 7.304603576660156
155 8.234703063964844
156 8.561500549316406
157 8.093399047851563
158 6.336296081542969
159 5.140899658203125
160 7.135894775390625
161 5.556602478027344
162 5.97430419921875
163 4.464302062988281
164 5.255401611328125
165 4.89849853515625
166 7.848106384277344
167 6.810798645019531
168 8.455101013183594
169 6.483100891113281
170 8.850799560546875
171 9.892799377441406
172 9.573295593261719
173 10.75360107421875
174 7.4076995849609375
175 7.603302001953125
176 7.804298400878906
177 9.2781982421875
178 7.94110107421875
179 8.3291015625
180 4.996604919433594
181 6.539398193359375
182 7.049201965332031
183 7.1537017822265625
184 6.447196960449219
185 8.285797119140625
186 7.46929931640625
187 8.278694152832031
188 7.881904602050781
189 4.147804260253906
190 4.646400451660156
191 4.0699005126953125
192 4.583404541015625
193 2.95849609375
194 4.3202972412109375
195 5.3766021728515625
196 5.837104797363281
197 5.5832061767578125
198 3.5182037353515625
199 6.220001220703125
200 7.290397644042969
201 7.285301208496094
202 7.3379974365234375
203 6.807098388671875
204 7.314704895019531
205 7.007598876953125
206 6.393104553222656
207 4.6472930908203125
208 5.675697326660156
209 7.875297546386719
210 6.575096130371094
211 6.435096740722656
212 7.755096435546875
213 6.1959991455078125
214 8.507400512695313
215 7.125801086425781
216 4.7126007080078125
217 6.896995544433594
218 7.96099853515625
219 6.095603942871094
220 5.455497741699219
221 4.7834014892578125
222 6.7843017578125
223 5.0659027099609375
224 5.9824981689453125
225 4.3025970458984375
226 5.165496826171875
227 5.230796813964844
228 5.373100280761719
229 6.022003173828125
230 6.5106964111328125
231 4.984901428222656
232 5.471099853515625
233 4.622200012207031
234 6.690704345703125
235 3.3720016479492188
236 5.667999267578125
237 4.8856048583984375
238 5.685600280761719
239 7.354804992675781
240 8.3699951171875
241 7.23590087890625
242 7.713996887207031
243 8.429801940917969
244 9.378997802734375
245 8.2467041015625
246 8.331001281738281
247 8.418502807617188
248 8.041999816894531
249 6.714805603027344
250 4.50469970703125
251 5.901298522949219
252 8.362602233886719
253 5.038505554199219
254 4.147705078125
255 5.3325042724609375
256 6.038398742675781
257 6.5009002685546875
258 4.797096252441406
259 6.035102844238281
260 5.068199157714844
261 6.927299499511719
262 5.403594970703125
263 4.9785003662109375
264 6.417701721191406
265 6.1031036376953125
266 7.014801025390625
267 7.8191986083984375
268 5.151397705078125
269 9.427398681640625
270 9.232696533203125
271 7.2617950439453125
272 7.423301696777344
273 8.814102172851563
274 7.711601257324219
275 7.155998229980469
276 7.951103210449219
277 7.921897888183594
278 8.356101989746094
279 5.444000244140625
280 6.030799865722656
281 6.8986968994140625
282 7.4503021240234375
283 7.922599792480469
284 8.583595275878906
285 9.443702697753906
286 8.264801025390625
287 7.505500793457031
288 7.988304138183594
289 9.603500366210938
290 8.244705200195313
291 7.769493103027344
292 6.497100830078125
293 8.64739990234375
294 5.868904113769531
295 6.880393981933594
296 6.287895202636719
297 6.241600036621094
298 5.8125
299 5.623893737792969
300 4.524299621582031
301 6.285301208496094
302 6.195091247558594
303 7.033103942871094
304 7.086700439453125
305 7.229698181152344
306 10.032302856445313
307 6.736701965332031
308 8.485397338867188
309 7.585395812988281
310 6.435997009277344
311 6.779998779296875
312 11.007606506347656
313 10.228897094726563
314 9.02960205078125
315 9.559196472167969
316 8.8927001953125
317 7.150093078613281
318 6.438499450683594
319 7.051002502441406
320 9.280601501464844
321 9.25689697265625
322 8.85150146484375
323 7.880104064941406
324 7.498100280761719
325 7.433204650878906
326 6.4272003173828125
327 6.5792999267578125
328 9.282402038574219
329 9.425102233886719
330 10.4071044921875
331 9.620201110839844
332 10.667495727539063
333 11.888099670410156
334 12.240798950195313
335 9.823699951171875
336 9.660301208496094
337 8.126304626464844
338 9.987998962402344
339 11.414802551269531
340 10.132904052734375
341 11.083297729492188
342 10.875701904296875
343 9.288795471191406
344 7.44580078125
345 7.635993957519531
346 8.331497192382813
347 6.132804870605469
348 5.901603698730469
349 6.557197570800781
350 5.4358062744140625
351 5.0749969482421875
352 6.3455047607421875
353 6.12640380859375
354 8.407196044921875
355 8.981101989746094
356 9.572196960449219
357 9.018501281738281
358 7.1956024169921875
359 6.919792175292969
360 8.930206298828125
361 6.702201843261719
362 9.2698974609375
363 6.879096984863281
364 9.155807495117188
365 9.179901123046875
366 9.282699584960938
367 7.708099365234375
368 8.629302978515625
369 8.99029541015625
370 8.450004577636719
371 10.284194946289063
372 9.163002014160156
373 11.234596252441406
374 7.875099182128906
375 7.941795349121094
376 7.463600158691406
377 9.54010009765625
378 12.089500427246094
379 9.289100646972656
380 10.532302856445313
381 10.953399658203125
382 9.255302429199219
383 12.2406005859375
384 11.989601135253906
385 8.036392211914063
386 8.380699157714844
387 5.781303405761719
388 7.391807556152344
389 9.536201477050781
390 10.794204711914063
391 8.883804321289063
392 9.254600524902344
393 9.433906555175781
394 7.515296936035156
395 8.009696960449219
396 9.686599731445313
397 5.1576995849609375
398 8.625602722167969
399 6.9824981689453125
400 7.436897277832031
401 6.689399719238281
402 7.867500305175781
403 5.99639892578125
404 7.3733978271484375
405 7.976203918457031
406 8.432395935058594
407 7.011802673339844
408 11.34100341796875
409 9.749900817871094
410 8.630897521972656
411 12.507102966308594
412 9.62750244140625
413 6.590606689453125
414 6.27239990234375
415 6.409400939941406
416 3.9934005737304688
417 6.889801025390625
418 6.9541015625
419 8.312797546386719
420 9.6636962890625
421 8.967597961425781
422 8.598106384277344
423 8.136795043945313
424 12.215507507324219
425 10.044097900390625
426 9.50830078125
427 8.442298889160156
428 8.372695922851563
429 8.608001708984375
430 9.103996276855469
431 8.257102966308594
432 9.08599853515625
433 9.580001831054688
434 9.002601623535156
435 10.869796752929688
436 11.909095764160156
437 11.694305419921875
438 9.589500427246094
439 10.799201965332031
440 11.038604736328125
441 9.566604614257813
442 9.538604736328125
443 9.107101440429688
444 12.173606872558594
445 11.013198852539063
446 9.593498229980469
447 8.136100769042969
448 9.868606567382813
449 9.030296325683594
450 8.473403930664063
451 7.57049560546875
452 9.343399047851563
453 9.185394287109375
454 9.779396057128906
455 9.029205322265625
456 10.759300231933594
457 10.183502197265625
458 10.485504150390625
459 9.255203247070313
460 7.394798278808594
461 7.029502868652344
462 8.689102172851563
463 8.774200439453125
464 6.3990020751953125
465 7.383598327636719
466 7.446098327636719
467 9.976104736328125
468 11.169601440429688
469 10.972396850585938
470 11.222099304199219
471 10.700897216796875
472 9.817092895507813
473 8.542503356933594
474 8.160491943359375
475 8.316703796386719
476 9.531997680664063
477 7.626396179199219
478 8.815498352050781
479 8.222000122070313
480 8.52960205078125
481 7.7677001953125
482 7.079795837402344
483 7.909996032714844
484 9.636703491210938
485 8.872802734375
486 8.738899230957031
487 7.6497955322265625
488 6.882499694824219
489 10.659202575683594
490 9.510200500488281
491 9.573898315429688
492 9.840499877929688
493 9.982803344726563
494 8.419197082519531
495 7.913902282714844
496 10.395797729492188
497 9.506500244140625
498 9.038597106933594
499 7.784004211425781
500 7.597999572753906
