0 40.49560546875
1 40.49560546875
2 40.63470458984375
3 41.481101989746094
4 38.582794189453125
5 35.050201416015625
6 37.02850341796875
7 36.408599853515625
8 39.67060089111328
9 40.243202209472656
10 37.655303955078125
11 37.231300354003906
12 38.318992614746094
13 35.65400695800781
14 35.948204040527344
15 34.15180206298828
16 30.14820098876953
17 28.043701171875
18 29.847801208496094
19 32.164695739746094
20 31.391197204589844
21 31.126907348632813
22 28.5718994140625
23 29.14929962158203
24 29.804107666015625
25 28.960205078125
26 28.384605407714844
27 30.082603454589844
28 30.149009704589844
29 32.774208068847656
30 31.301002502441406
31 29.454307556152344
32 30.470703125
33 30.24109649658203
34 29.982208251953125
35 29.510604858398438
36 30.268905639648438
37 29.353004455566406
38 30.068496704101563
39 28.727096557617188
40 27.6715087890625
41 30.881698608398438
42 28.84009552001953
43 27.806900024414063
44 28.059608459472656
45 28.746803283691406
46 28.506004333496094
47 29.169204711914063
48 28.956802368164063
49 29.666908264160156
50 28.799209594726563
51 26.80469512939453
52 27.83789825439453
53 26.969406127929688
54 28.965911865234375
55 29.55340576171875
56 29.230804443359375
57 28.993606567382813
58 29.381301879882813
59 28.072105407714844
60 27.917198181152344
61 29.008201599121094
62 29.55260467529297
63 30.87000274658203
64 29.152603149414063
65 30.483901977539063
66 29.328994750976563
67 31.76850128173828
68 29.310203552246094
69 28.999893188476563
70 30.846595764160156
71 29.00080108642578
72 27.597198486328125
73 28.76160430908203
74 28.934799194335938
75 29.063796997070313
76 27.563507080078125
77 27.638389587402344
78 28.175003051757813
79 27.4906005859375
80 28.883094787597656
81 28.94719696044922
82 28.62549591064453
83 27.767898559570313
84 29.207794189453125
85 29.37220001220703
86 29.86859893798828
87 29.143898010253906
88 28.5166015625
89 29.794906616210938
90 28.359603881835938
91 28.823097229003906
92 26.859603881835938
93 29.104995727539063
94 28.964508056640625
95 27.75220489501953
96 28.063201904296875
97 29.22320556640625
98 27.817604064941406
99 28.918807983398438
100 28.69390869140625
101 29.038597106933594
102 29.8927001953125
103 29.907501220703125
104 31.347702026367188
105 29.461097717285156
106 30.110107421875
107 33.917205810546875
108 33.007301330566406
109 32.34960174560547
110 29.247596740722656
111 32.68450164794922
112 32.08149719238281
113 31.03850555419922
114 30.614593505859375
115 30.178199768066406
116 29.266708374023438
117 27.458602905273438
118 27.081100463867188
119 25.97509765625
120 26.751792907714844
121 26.047195434570313
122 27.185897827148438
123 28.672203063964844
124 28.622703552246094
125 27.906906127929688
126 31.20880126953125
127 28.348007202148438
128 29.56920623779297
129 29.080101013183594
130 28.161895751953125
131 28.458900451660156
132 30.34649658203125
133 29.772003173828125
134 30.76250457763672
135 30.125900268554688
136 29.179092407226563
137 28.447402954101563
138 28.060501098632813
139 30.6492919921875
140 30.177398681640625
141 30.960800170898438
142 29.367103576660156
143 31.38690185546875
144 31.272804260253906
145 31.033302307128906
146 29.676490783691406
147 31.07140350341797
148 28.3916015625
149 29.107101440429688
150 29.866592407226563
151 31.83130645751953
152 29.628997802734375
153 28.89929962158203
154 26.41460418701172
155 27.784706115722656
156 27.951499938964844
157 27.93340301513672
158 27.81629180908203
159 26.630897521972656
160 29.055892944335938
161 28.286605834960938
162 27.574302673339844
163 24.364303588867188
164 27.705398559570313
165 26.788497924804688
166 29.468109130859375
167 27.88079833984375
168 29.675094604492188
169 27.193099975585938
170 30.89080810546875
171 30.322799682617188
172 29.893295288085938
173 32.06360626220703
174 26.237701416015625
175 27.583297729492188
176 27.34429931640625
177 28.128196716308594
178 28.801101684570313
179 28.739097595214844
180 25.37659454345703
181 27.62939453125
182 28.199203491210938
183 27.74370574951172
184 24.88720703125
185 27.215797424316406
186 28.03929901123047
187 28.09870147705078
188 28.491905212402344
189 25.207809448242188
190 25.516403198242188
191 25.13990020751953
192 26.37340545654297
193 24.39849853515625
194 26.30030059814453
195 26.88660430908203
196 27.197105407714844
197 26.933204650878906
198 24.29821014404297
199 27.790008544921875
200 28.2904052734375
201 28.335296630859375
202 29.087997436523438
203 29.71710205078125
204 29.854705810546875
205 28.40760040283203
206 26.8031005859375
207 26.397300720214844
208 28.615699768066406
209 30.135299682617188
210 29.815101623535156
211 28.835098266601563
212 30.135101318359375
213 29.03600311279297
214 30.77740478515625
215 29.415802001953125
216 27.072601318359375
217 28.73700714111328
218 30.301010131835938
219 28.92560577392578
220 28.75550079345703
221 27.643402099609375
222 29.59430694580078
223 28.655899047851563
224 29.1925048828125
225 26.942596435546875
226 28.345497131347656
227 27.910797119140625
228 28.413108825683594
229 29.072006225585938
230 29.870697021484375
231 27.804901123046875
232 28.151092529296875
233 27.102203369140625
234 28.98070526123047
235 25.891998291015625
236 28.277999877929688
237 26.845596313476563
238 28.395599365234375
239 28.034805297851563
240 29.949996948242188
241 29.16590118408203
242 30.65399932861328
243 30.5498046875
244 32.76899719238281
245 30.93669891357422
246 29.931007385253906
247 29.258506774902344
248 30.501998901367188
249 30.1748046875
250 28.084701538085938
251 28.78130340576172
252 31.48260498046875
253 28.128501892089844
254 26.19770050048828
255 27.892501831054688
256 28.998397827148438
257 29.660903930664063
258 27.14710235595703
259 28.955101013183594
260 28.0281982421875
261 29.60730743408203
262 28.843605041503906
263 27.798500061035156
264 28.537704467773438
265 27.843109130859375
266 28.0447998046875
267 28.04920196533203
268 26.931396484375
269 30.297401428222656
270 29.242691040039063
271 27.64179229736328
272 29.00330352783203
273 30.374107360839844
274 28.051597595214844
275 27.58599853515625
276 27.63111114501953
277 29.451904296875
278 28.206100463867188
279 28.16399383544922
280 28.240798950195313
281 28.168701171875
282 28.580299377441406
283 27.712608337402344
284 28.543601989746094
285 29.373703002929688
286 27.66480255126953
287 27.585494995117188
288 27.43830108642578
289 29.51349639892578
290 29.174705505371094
291 28.399505615234375
292 27.277099609375
293 27.927406311035156
294 26.258895874023438
295 26.0303955078125
296 27.617897033691406
297 26.911605834960938
298 27.592506408691406
299 26.973892211914063
300 26.22429656982422
301 28.225303649902344
302 27.995094299316406
303 29.213096618652344
304 29.606704711914063
305 28.239700317382813
306 31.032302856445313
307 28.736709594726563
308 30.645408630371094
309 29.615402221679688
310 27.725997924804688
311 27.680007934570313
312 31.817604064941406
313 31.80889892578125
314 29.299606323242188
315 29.649200439453125
316 28.732704162597656
317 28.390098571777344
318 28.188499450683594
319 28.621002197265625
320 29.68061065673828
321 29.496902465820313
322 29.501502990722656
323 27.41010284423828
324 27.328109741210938
325 27.373199462890625
326 26.68720245361328
327 25.939300537109375
328 28.0823974609375
329 29.215103149414063
330 29.477096557617188
331 28.360198974609375
332 30.37750244140625
333 30.448104858398438
334 30.850799560546875
335 29.67369842529297
336 27.9403076171875
337 26.89630126953125
338 29.608001708984375
339 29.214805603027344
340 28.92290496826172
341 30.113296508789063
342 28.27570343017578
343 26.618797302246094
344 26.285804748535156
345 26.926002502441406
346 26.631492614746094
347 26.68280792236328
348 26.0115966796875
349 26.727203369140625
350 27.355804443359375
351 26.57500457763672
352 26.905502319335938
353 26.92639923095703
354 27.957199096679688
355 29.83110809326172
356 29.462196350097656
357 29.138504028320313
358 28.49560546875
359 25.79979705810547
360 30.310195922851563
361 28.52220916748047
362 28.70989990234375
363 28.57909393310547
364 30.31580352783203
365 29.26990509033203
366 29.58269500732422
367 28.658096313476563
368 27.829299926757813
369 28.44029998779297
370 29.709999084472656
371 29.954200744628906
372 29.672996520996094
373 29.624603271484375
374 28.775100708007813
375 28.731796264648438
376 28.333602905273438
377 28.200096130371094
378 31.239501953125
379 29.319107055664063
380 29.79229736328125
381 30.243392944335938
382 28.725303649902344
383 28.480606079101563
384 29.619598388671875
385 28.336395263671875
386 27.310699462890625
387 26.681297302246094
388 25.84180450439453
389 26.516204833984375
390 26.81420135498047
391 27.753799438476563
392 26.184600830078125
393 27.44390106201172
394 25.61529541015625
395 26.57970428466797
396 27.89659881591797
397 25.177696228027344
398 25.905593872070313
399 26.162506103515625
400 26.31689453125
401 25.589401245117188
402 27.43750762939453
403 26.756393432617188
404 25.833404541015625
405 26.61620330810547
406 27.51239776611328
407 26.891799926757813
408 28.59100341796875
409 29.14990234375
410 28.870895385742188
411 29.46710205078125
412 26.9375
413 27.840599060058594
414 27.732398986816406
415 26.5194091796875
416 24.563400268554688
417 26.059799194335938
418 26.904098510742188
419 27.822799682617188
420 28.60369873046875
421 27.41759490966797
422 28.828102111816406
423 28.616798400878906
424 31.975502014160156
425 30.52410125732422
426 28.428306579589844
427 29.17230224609375
428 27.592697143554688
429 29.098007202148438
430 30.133995056152344
431 27.71709442138672
432 29.71599578857422
433 29.459999084472656
434 27.85260772705078
435 28.719802856445313
436 30.3291015625
437 29.264305114746094
438 27.28949737548828
439 27.909202575683594
440 30.028602600097656
441 28.416603088378906
442 26.76860809326172
443 27.677101135253906
444 28.283607482910156
445 27.553199768066406
446 28.383499145507813
447 27.156105041503906
448 28.208602905273438
449 26.92029571533203
450 27.263404846191406
451 28.150497436523438
452 27.723403930664063
453 28.895401000976563
454 29.729400634765625
455 27.79920196533203
456 28.129295349121094
457 29.063507080078125
458 28.535499572753906
459 26.725196838378906
460 25.954795837402344
461 25.709503173828125
462 27.369102478027344
463 26.29419708251953
464 24.678993225097656
465 26.103599548339844
466 24.786102294921875
467 27.466094970703125
468 29.26959991455078
469 30.292404174804688
470 28.812095642089844
471 27.820899963378906
472 27.857093811035156
473 26.93250274658203
474 27.8905029296875
475 27.156700134277344
476 29.10199737548828
477 27.17639923095703
478 27.19549560546875
479 26.702003479003906
480 26.549598693847656
481 26.57770538330078
482 25.59980010986328
483 26.829994201660156
484 28.80670166015625
485 27.912803649902344
486 27.9989013671875
487 28.269798278808594
488 28.052505493164063
489 30.719200134277344
490 29.670196533203125
491 29.25389862060547
492 29.70050048828125
493 29.602798461914063
494 26.959197998046875
495 26.713905334472656
496 28.275802612304688
497 26.42650604248047
498 28.328598022460938
499 27.944007873535156
500 27.52800750732422
