0 30.415603637695313
1 30.415603637695313
2 28.76470184326172
3 28.131103515625
4 28.022796630859375
5 24.65019989013672
6 26.78850555419922
7 26.86859130859375
8 28.700599670410156
9 30.563209533691406
10 26.515296936035156
11 30.621307373046875
12 29.548995971679688
13 31.143997192382813
14 30.70819854736328
15 30.60179901123047
16 29.548194885253906
17 27.74370574951172
18 26.477806091308594
19 26.87470245361328
20 22.91119384765625
21 23.88690185546875
22 24.01190185546875
23 20.8992919921875
24 22.64409637451172
25 21.63019561767578
26 20.814605712890625
27 20.86260223388672
28 20.579002380371094
29 21.724205017089844
30 21.02100372314453
31 18.77429962158203
32 18.970703125
33 18.841102600097656
34 18.162200927734375
35 18.970603942871094
36 19.93890380859375
37 18.7030029296875
38 20.65850067138672
39 18.887100219726563
40 16.67150115966797
41 19.851707458496094
42 18.150100708007813
43 17.346900939941406
44 16.89960479736328
45 16.716796875
46 17.236007690429688
47 17.259201049804688
48 18.5968017578125
49 19.416900634765625
50 19.919204711914063
51 16.00469970703125
52 18.15789794921875
53 17.39940643310547
54 20.065902709960938
55 21.893409729003906
56 21.9407958984375
57 21.493606567382813
58 20.061302185058594
59 19.202102661132813
60 15.977195739746094
61 19.458206176757813
62 19.04261016845703
63 19.39000701904297
64 16.132598876953125
65 18.573898315429688
66 19.66899871826172
67 19.77849578857422
68 20.28020477294922
69 18.939895629882813
70 18.716598510742188
71 15.460800170898438
72 14.527198791503906
73 17.27159881591797
74 19.084800720214844
75 18.293800354003906
76 18.41350555419922
77 20.318397521972656
78 20.32500457763672
79 19.530593872070313
80 19.86309814453125
81 21.037200927734375
82 18.725502014160156
83 18.367904663085938
84 19.227798461914063
85 19.242202758789063
86 21.148590087890625
87 20.233901977539063
88 21.08660888671875
89 20.46489715576172
90 18.299598693847656
91 16.953102111816406
92 17.65959930419922
93 21.344993591308594
94 20.824501037597656
95 17.88220977783203
96 18.803199768066406
97 20.573204040527344
98 18.79759979248047
99 17.768798828125
100 21.343902587890625
101 24.648597717285156
102 24.732704162597656
103 21.237503051757813
104 25.7677001953125
105 22.991104125976563
106 25.29010009765625
107 28.917205810546875
108 23.53730010986328
109 24.509597778320313
110 23.387603759765625
111 23.954498291015625
112 21.621505737304688
113 22.878501892089844
114 19.194602966308594
115 21.248199462890625
116 20.36670684814453
117 18.23859405517578
118 17.461097717285156
119 18.04509735107422
120 19.231796264648438
121 18.967193603515625
122 19.565895080566406
123 19.552200317382813
124 19.102706909179688
125 17.76690673828125
126 21.408798217773438
127 19.527999877929688
128 22.849205017089844
129 19.61009979248047
130 18.70189666748047
131 18.18890380859375
132 20.386497497558594
133 21.022003173828125
134 22.80249786376953
135 22.535903930664063
136 22.159095764160156
137 21.51740264892578
138 17.910499572753906
139 23.08930206298828
140 22.64739990234375
141 22.530799865722656
142 22.28710174560547
143 23.9468994140625
144 24.532798767089844
145 25.14330291748047
146 24.156494140625
147 23.50140380859375
148 23.14160919189453
149 23.83710479736328
150 24.44659423828125
151 26.33130645751953
152 24.28900146484375
153 22.899307250976563
154 21.244606018066406
155 24.354698181152344
156 22.451499938964844
157 21.413406372070313
158 21.76629638671875
159 24.700904846191406
160 25.695899963378906
161 24.376602172851563
162 24.814300537109375
163 27.294296264648438
164 27.925399780273438
165 27.918502807617188
166 28.10810089111328
167 25.560806274414063
168 25.54509735107422
169 24.763092041015625
170 27.520797729492188
171 26.902793884277344
172 23.89330291748047
173 23.983604431152344
174 21.25769805908203
175 22.0133056640625
176 19.984298706054688
177 21.988204956054688
178 23.33110809326172
179 22.979110717773438
180 22.486602783203125
181 24.37940216064453
182 23.449203491210938
183 23.293701171875
184 22.247207641601563
185 21.50579833984375
186 24.47930145263672
187 24.088699340820313
188 23.481910705566406
189 23.977806091308594
190 23.56639862060547
191 21.26990509033203
192 22.643402099609375
193 22.378501892089844
194 22.860305786132813
195 24.496604919433594
196 23.327102661132813
197 23.383201599121094
198 25.428207397460938
199 25.460006713867188
200 25.370391845703125
201 22.595298767089844
202 21.487991333007813
203 24.90709686279297
204 25.924705505371094
205 24.34760284423828
206 24.343109130859375
207 23.86730194091797
208 25.505699157714844
209 26.8052978515625
210 26.02509307861328
211 25.835105895996094
212 24.17510223388672
213 26.33600616455078
214 26.33740234375
215 25.63581085205078
216 21.152603149414063
217 25.087005615234375
218 24.381004333496094
219 24.215606689453125
220 21.485504150390625
221 23.433395385742188
222 24.814300537109375
223 24.655906677246094
224 25.69249725341797
225 22.332603454589844
226 23.095497131347656
227 20.800804138183594
228 22.86310577392578
229 23.782005310058594
230 26.170700073242188
231 22.804901123046875
232 20.93109130859375
233 26.14220428466797
234 24.59070587158203
235 23.021995544433594
236 24.00800323486328
237 22.595603942871094
238 23.155593872070313
239 20.434799194335938
240 22.860000610351563
241 22.16590118408203
242 26.013999938964844
243 21.84980010986328
244 24.248992919921875
245 23.376708984375
246 21.691001892089844
247 18.828506469726563
248 23.86199951171875
249 25.41480255126953
250 21.064697265625
251 23.381301879882813
252 25.822608947753906
253 24.52850341796875
254 23.33769989013672
255 26.272506713867188
256 24.11840057373047
257 25.970909118652344
258 24.357093811035156
259 25.695106506347656
260 24.048202514648438
261 23.027305603027344
262 23.483596801757813
263 26.0885009765625
264 24.26770782470703
265 19.453094482421875
266 21.61479949951172
267 16.61920166015625
268 18.69139862060547
269 19.877403259277344
270 18.25269317626953
271 18.381797790527344
272 21.773300170898438
273 22.07410430908203
274 18.32159423828125
275 16.07599639892578
276 16.37110137939453
277 20.291900634765625
278 16.70610809326172
279 17.78400421142578
280 18.32080078125
281 17.808692932128906
282 18.170310974121094
283 17.892601013183594
284 16.673599243164063
285 15.903701782226563
286 15.514801025390625
287 15.615501403808594
288 15.768302917480469
289 18.993499755859375
290 19.784706115722656
291 17.659500122070313
292 16.46710205078125
293 16.237396240234375
294 16.43890380859375
295 15.430397033691406
296 19.747901916503906
297 18.101600646972656
298 18.172500610351563
299 17.37389373779297
300 16.694290161132813
301 18.785301208496094
302 17.72509002685547
303 19.62310028076172
304 20.966697692871094
305 18.80970001220703
306 21.6123046875
307 19.11670684814453
308 19.695404052734375
309 20.825393676757813
310 19.065994262695313
311 21.87000274658203
312 20.937599182128906
313 22.49889373779297
314 20.14960479736328
315 20.319198608398438
316 19.45270538330078
317 19.890098571777344
318 18.698501586914063
319 20.64099884033203
320 19.650604248046875
321 20.836898803710938
322 20.951499938964844
323 17.770095825195313
324 18.61810302734375
325 20.733200073242188
326 18.797203063964844
327 19.329299926757813
328 17.59239959716797
329 20.48509979248047
330 20.727096557617188
331 19.060195922851563
332 20.077499389648438
333 20.93810272216797
334 21.580795288085938
335 21.36370849609375
336 19.12030792236328
337 18.176307678222656
338 20.737998962402344
339 20.22480010986328
340 20.812904357910156
341 18.82330322265625
342 15.755706787109375
343 15.878791809082031
344 17.13580322265625
345 15.96600341796875
346 17.311492919921875
347 17.56279754638672
348 18.70159912109375
349 17.527198791503906
350 19.39580535888672
351 20.7550048828125
352 17.83550262451172
353 17.87640380859375
354 18.63719940185547
355 20.101104736328125
356 20.87220001220703
357 19.57849884033203
358 20.975601196289063
359 18.649803161621094
360 20.70020294189453
361 22.992202758789063
362 20.619903564453125
363 20.81909942626953
364 20.89580535888672
365 22.309906005859375
366 21.372695922851563
367 20.398101806640625
368 19.459304809570313
369 19.140296936035156
370 21.029998779296875
371 20.894195556640625
372 21.9530029296875
373 22.27460479736328
374 22.65509796142578
375 20.171798706054688
376 19.74359893798828
377 18.330101013183594
378 19.509498596191406
379 19.609100341796875
380 20.522300720214844
381 18.463401794433594
382 19.25530242919922
383 16.62060546875
384 20.249595642089844
385 19.856399536132813
386 20.810699462890625
387 21.001304626464844
388 19.451805114746094
389 19.716201782226563
390 18.334197998046875
391 21.483802795410156
392 16.944595336914063
393 19.223899841308594
394 18.215293884277344
395 19.279701232910156
396 21.69660186767578
397 20.407691955566406
398 20.625595092773438
399 23.342506408691406
400 23.32689666748047
401 20.439407348632813
402 21.107505798339844
403 21.586395263671875
404 17.23340606689453
405 17.936195373535156
406 19.77239227294922
407 18.561798095703125
408 17.621002197265625
409 18.95989990234375
410 20.99089813232422
411 19.85710906982422
412 18.827499389648438
413 21.50060272216797
414 20.33240509033203
415 17.429405212402344
416 19.05339813232422
417 19.019805908203125
418 18.40410614013672
419 19.61279296875
420 20.113693237304688
421 17.957595825195313
422 20.43810272216797
423 20.3468017578125
424 20.385498046875
425 18.994102478027344
426 15.778297424316406
427 17.43230438232422
428 20.162696838378906
429 21.878005981445313
430 22.133995056152344
431 19.59710693359375
432 21.986000061035156
433 20.300003051757813
434 18.692604064941406
435 19.10980224609375
436 22.01909637451172
437 19.554306030273438
438 16.099502563476563
439 17.759201049804688
440 21.348602294921875
441 18.186599731445313
442 17.728607177734375
443 18.09710693359375
444 16.81360626220703
445 16.813201904296875
446 18.77349853515625
447 18.146102905273438
448 19.838607788085938
449 19.330299377441406
450 19.933395385742188
451 19.900497436523438
452 22.43340301513672
453 21.125396728515625
454 21.279403686523438
455 17.649200439453125
456 18.739295959472656
457 20.643508911132813
458 18.90550994873047
459 18.125205993652344
460 16.954795837402344
461 17.1195068359375
462 17.65911102294922
463 17.094200134277344
464 16.22900390625
465 17.44359588623047
466 16.296096801757813
467 17.776100158691406
468 18.859596252441406
469 21.21240234375
470 20.142105102539063
471 18.080902099609375
472 20.177101135253906
473 19.4425048828125
474 18.600502014160156
475 17.7467041015625
476 19.961997985839844
477 18.74639892578125
478 17.935501098632813
479 17.24200439453125
480 16.929595947265625
481 17.657699584960938
482 17.949806213378906
483 17.489990234375
484 19.446701049804688
485 20.352798461914063
486 19.29889678955078
487 18.65979766845703
488 19.482505798339844
489 20.86920166015625
490 20.550201416015625
491 19.86389923095703
492 20.670501708984375
493 19.952796936035156
494 16.979202270507813
495 18.353904724121094
496 18.00579833984375
497 17.266502380371094
498 18.57860565185547
499 18.763999938964844
500 19.098007202148438
