0 32.16560363769531
1 32.16560363769531
2 32.154701232910156
3 30.18109893798828
4 24.48279571533203
5 21.70020294189453
6 23.34850311279297
7 26.158592224121094
8 26.090606689453125
9 28.703201293945313
10 25.12529754638672
11 27.181304931640625
12 29.328994750976563
13 27.894004821777344
14 24.758193969726563
15 25.91179656982422
16 22.258201599121094
17 20.61370086669922
18 20.48780059814453
19 20.984695434570313
20 19.261192321777344
21 17.976898193359375
22 15.51190185546875
23 16.14929962158203
24 17.26409912109375
25 16.130203247070313
26 15.3446044921875
27 17.372596740722656
28 17.3489990234375
29 18.884201049804688
30 17.500999450683594
31 14.494300842285156
32 15.270706176757813
33 15.031105041503906
34 15.862197875976563
35 15.970603942871094
36 16.888900756835938
37 15.533004760742188
38 16.51849365234375
39 15.657096862792969
40 13.861503601074219
41 16.94170379638672
42 14.420097351074219
43 13.086906433105469
44 12.989601135253906
45 13.126800537109375
46 14.206001281738281
47 15.039199829101563
48 15.066802978515625
49 17.356903076171875
50 15.339202880859375
51 12.284698486328125
52 13.9678955078125
53 12.709403991699219
54 15.235908508300781
55 16.68340301513672
56 16.480796813964844
57 16.0635986328125
58 15.661308288574219
59 13.742095947265625
60 12.867202758789063
61 14.288200378417969
62 14.932609558105469
63 16.790000915527344
64 14.002601623535156
65 15.1138916015625
66 15.008995056152344
67 17.188499450683594
68 15.460197448730469
69 14.209892272949219
70 15.95660400390625
71 14.560798645019531
72 12.967201232910156
73 14.1416015625
74 14.384803771972656
75 14.493804931640625
76 13.593498229980469
77 14.208396911621094
78 13.825004577636719
79 13.870597839355469
80 14.923095703125
81 14.877204895019531
82 14.365501403808594
83 14.097900390625
84 15.107803344726563
85 15.352203369140625
86 15.348594665527344
87 14.573898315429688
88 14.896598815917969
89 16.52490234375
90 14.869606018066406
91 14.303108215332031
92 12.989601135253906
93 15.575004577636719
94 16.574501037597656
95 13.622200012207031
96 14.733200073242188
97 16.84320068359375
98 13.967597961425781
99 13.8988037109375
100 14.863906860351563
101 15.928604125976563
102 17.20269775390625
103 15.327499389648438
104 18.5177001953125
105 17.12110137939453
106 18.890098571777344
107 22.427200317382813
108 19.67729949951172
109 18.9595947265625
110 16.447601318359375
111 18.964508056640625
112 17.80150604248047
113 16.918495178222656
114 15.874595642089844
115 16.33820343017578
116 15.446708679199219
117 13.188606262207031
118 12.611106872558594
119 11.305099487304688
120 12.231796264648438
121 12.267204284667969
122 12.845893859863281
123 13.852203369140625
124 14.602706909179688
125 12.796905517578125
126 15.6488037109375
127 13.718002319335938
128 16.769195556640625
129 14.440093994140625
130 13.741905212402344
131 13.588905334472656
132 15.856498718261719
133 16.2919921875
134 18.12250518798828
135 17.685897827148438
136 16.13909149169922
137 15.667404174804688
138 13.910491943359375
139 17.989295959472656
140 17.51740264892578
141 17.980804443359375
142 16.637100219726563
143 19.216903686523438
144 19.362808227539063
145 19.843307495117188
146 17.65650177001953
147 17.671401977539063
148 16.3916015625
149 17.137107849121094
150 17.996597290039063
151 20.59130096435547
152 17.90899658203125
153 16.39929962158203
154 14.004600524902344
155 16.964698791503906
156 15.551506042480469
157 15.043403625488281
158 16.046295166015625
159 16.960899353027344
160 18.745895385742188
161 18.01660919189453
162 17.194305419921875
163 17.21430206298828
164 19.815391540527344
165 19.628501892089844
166 20.718109130859375
167 17.57080841064453
168 19.135093688964844
169 17.5531005859375
170 20.810806274414063
171 19.972801208496094
172 17.223297119140625
173 18.75360107421875
174 13.647705078125
175 15.043304443359375
176 14.174301147460938
177 14.688194274902344
178 16.39110565185547
179 16.289100646972656
180 14.716598510742188
181 16.56939697265625
182 16.469200134277344
183 15.35369873046875
184 13.037200927734375
185 14.735794067382813
186 17.08930206298828
187 16.318695068359375
188 16.911903381347656
189 16.027801513671875
190 15.426406860351563
191 13.499900817871094
192 15.613410949707031
193 14.14849853515625
194 15.55029296875
195 17.156600952148438
196 17.137100219726563
197 16.47319793701172
198 16.58819580078125
199 18.540000915527344
200 18.300399780273438
201 16.775299072265625
202 16.607994079589844
203 19.88709259033203
204 19.564697265625
205 17.497596740722656
206 16.18310546875
207 15.79730224609375
208 18.96570587158203
209 20.37529754638672
210 20.635101318359375
211 20.085098266601563
212 19.645095825195313
213 19.7760009765625
214 20.787399291992188
215 19.295799255371094
216 16.92259979248047
217 19.47699737548828
218 20.350997924804688
219 20.045608520507813
220 17.57550048828125
221 18.063400268554688
222 18.85430145263672
223 19.635902404785156
224 20.50250244140625
225 16.622604370117188
226 18.295494079589844
227 17.37079620361328
228 19.413101196289063
229 19.60199737548828
230 21.79070281982422
231 17.254898071289063
232 16.611099243164063
233 19.162200927734375
234 18.8406982421875
235 16.192001342773438
236 18.468002319335938
237 17.955596923828125
238 18.22559356689453
239 15.684806823730469
240 18.56999969482422
241 17.775901794433594
242 21.17400360107422
243 19.59980010986328
244 22.14899444580078
245 19.726699829101563
246 17.980995178222656
247 16.07849884033203
248 18.79199981689453
249 20.87480926513672
250 18.454696655273438
251 18.82129669189453
252 22.442604064941406
253 19.428504943847656
254 17.537696838378906
255 20.202499389648438
256 20.438400268554688
257 21.4208984375
258 17.527099609375
259 19.54510498046875
260 17.738204956054688
261 18.507301330566406
262 18.593597412109375
263 19.57849884033203
264 18.627700805664063
265 16.143104553222656
266 16.464797973632813
267 15.129203796386719
268 14.931404113769531
269 18.27740478515625
270 16.062698364257813
271 14.501792907714844
272 16.94330596923828
273 18.174102783203125
274 15.551597595214844
275 15.70599365234375
276 15.321098327636719
277 17.111900329589844
278 15.676101684570313
279 16.624000549316406
280 15.410797119140625
281 16.22869873046875
282 17.300308227539063
283 15.392601013183594
284 16.25360107421875
285 16.28369903564453
286 16.36480712890625
287 15.685501098632813
288 14.778305053710938
289 16.803504943847656
290 17.20470428466797
291 15.3594970703125
292 14.767105102539063
293 14.757400512695313
294 12.7489013671875
295 12.230400085449219
296 15.127899169921875
297 14.491600036621094
298 14.672508239746094
299 15.643898010253906
300 14.814300537109375
301 17.215301513671875
302 16.71509552001953
303 18.223098754882813
304 18.276702880859375
305 16.789703369140625
306 18.772293090820313
307 17.42669677734375
308 18.535400390625
309 18.52539825439453
310 15.95599365234375
311 18.220008850097656
312 19.1676025390625
313 20.41889190673828
314 17.72960662841797
315 18.539199829101563
316 18.692703247070313
317 18.78009796142578
318 17.448501586914063
319 17.041000366210938
320 17.850601196289063
321 19.156898498535156
322 18.561508178710938
323 15.240104675292969
324 15.11810302734375
325 15.193199157714844
326 14.107200622558594
327 13.479301452636719
328 14.492393493652344
329 16.525100708007813
330 17.22710418701172
331 15.620201110839844
332 17.587493896484375
333 18.36810302734375
334 17.490798950195313
335 16.963699340820313
336 14.990303039550781
337 14.756301879882813
338 16.727996826171875
339 16.6748046875
340 17.15290069580078
341 16.07330322265625
342 14.03570556640625
343 13.238792419433594
344 14.165802001953125
345 14.805999755859375
346 14.121498107910156
347 14.622802734375
348 14.351600646972656
349 15.2572021484375
350 15.365798950195313
351 15.714996337890625
352 15.925506591796875
353 15.466400146484375
354 15.377197265625
355 17.961105346679688
356 17.912200927734375
357 16.788497924804688
358 17.965599060058594
359 14.059799194335938
360 18.810203552246094
361 18.94220733642578
362 17.049896240234375
363 17.859100341796875
364 18.5758056640625
365 17.009902954101563
366 18.84270477294922
367 19.408103942871094
368 15.419296264648438
369 15.520301818847656
370 18.590003967285156
371 19.374191284179688
372 19.233001708984375
373 17.984596252441406
374 17.945098876953125
375 17.511802673339844
376 16.333595275878906
377 14.770103454589844
378 17.899497985839844
379 17.849105834960938
380 17.262298583984375
381 17.523406982421875
382 15.99530029296875
383 14.190597534179688
384 16.299606323242188
385 16.386398315429688
386 15.3406982421875
387 15.981300354003906
388 13.431800842285156
389 13.546195983886719
390 13.134208679199219
391 16.063796997070313
392 12.134597778320313
393 13.793899536132813
394 12.525291442871094
395 13.519699096679688
396 15.3865966796875
397 14.087692260742188
398 12.965599060058594
399 14.852508544921875
400 15.576904296875
401 13.959396362304688
402 15.487503051757813
403 16.04639434814453
404 12.743400573730469
405 14.366203308105469
406 15.342399597167969
407 14.641799926757813
408 15.261001586914063
409 15.909904479980469
410 16.8009033203125
411 16.637100219726563
412 14.3175048828125
413 16.67060089111328
414 17.362403869628906
415 14.289405822753906
416 14.253395080566406
417 14.469795227050781
418 14.094100952148438
419 15.352798461914063
420 16.253700256347656
421 14.947601318359375
422 17.318099975585938
423 16.386802673339844
424 18.83550262451172
425 18.114097595214844
426 15.998306274414063
427 16.942306518554688
428 15.682701110839844
429 17.678001403808594
430 19.113990783691406
431 15.637107849121094
432 17.505996704101563
433 17.839996337890625
434 16.312606811523438
435 15.48980712890625
436 16.999099731445313
437 15.814300537109375
438 13.629501342773438
439 15.159194946289063
440 17.288604736328125
441 15.616600036621094
442 13.388603210449219
443 14.517097473144531
444 14.153602600097656
445 14.523200988769531
446 15.553497314453125
447 14.706108093261719
448 15.418601989746094
449 14.170295715332031
450 15.163406372070313
451 16.560501098632813
452 16.323402404785156
453 16.91539764404297
454 17.779403686523438
455 14.17919921875
456 14.709297180175781
457 16.173507690429688
458 15.625511169433594
459 14.635200500488281
460 14.054794311523438
461 13.669502258300781
462 14.949104309082031
463 13.034202575683594
464 11.558998107910156
465 13.343597412109375
466 11.636100769042969
467 13.636100769042969
468 16.109596252441406
469 18.322402954101563
470 16.08209991455078
471 14.200897216796875
472 15.607101440429688
473 14.102500915527344
474 15.360496520996094
475 14.216705322265625
476 17.17200469970703
477 16.216392517089844
478 14.685501098632813
479 13.722000122070313
480 14.139602661132813
481 14.497703552246094
482 13.089805603027344
483 14.1199951171875
484 16.296707153320313
485 16.36279296875
486 16.00890350341797
487 17.189804077148438
488 18.292503356933594
489 18.159210205078125
490 17.28020477294922
491 17.103904724121094
492 18.1405029296875
493 17.43280029296875
494 13.549201965332031
495 13.223899841308594
496 14.805801391601563
497 12.446502685546875
498 15.748603820800781
499 15.344001770019531
500 16.01800537109375
