0 23.10559844970703
1 23.10559844970703
2 22.914695739746094
3 23.621109008789063
4 23.87279510498047
5 18.940200805664063
6 21.558509826660156
7 18.828598022460938
8 23.780601501464844
9 22.733200073242188
10 21.10529327392578
11 21.09130859375
12 20.46900177001953
13 19.16400146484375
14 21.438194274902344
15 18.351806640625
16 16.77820587158203
17 14.173698425292969
18 14.337806701660156
19 15.9346923828125
20 14.451194763183594
21 15.996902465820313
22 16.491905212402344
23 13.869300842285156
24 16.07410430908203
25 15.310195922851563
26 13.854598999023438
27 14.632606506347656
28 13.829002380371094
29 17.964195251464844
30 14.810997009277344
31 15.244300842285156
32 15.320709228515625
33 14.881095886230469
34 14.262199401855469
35 12.660606384277344
36 13.738906860351563
37 13.14300537109375
38 14.568496704101563
39 12.537094116210938
40 11.711502075195313
41 14.361709594726563
42 13.600105285644531
43 13.336898803710938
44 15.629600524902344
45 15.666801452636719
46 13.515998840332031
47 13.479202270507813
48 14.916801452636719
49 13.406906127929688
50 14.849197387695313
51 12.494697570800781
52 12.997894287109375
53 12.219406127929688
54 14.915901184082031
55 14.243400573730469
56 14.13079833984375
57 14.773605346679688
58 14.761306762695313
59 15.812095642089844
60 14.847190856933594
61 15.938201904296875
62 15.582603454589844
63 15.299995422363281
64 15.132598876953125
65 17.00389862060547
66 15.918998718261719
67 15.998504638671875
68 13.660202026367188
69 14.539894104003906
70 14.946601867675781
71 12.600799560546875
72 11.777198791503906
73 13.45159912109375
74 13.834800720214844
75 14.373802185058594
76 13.983505249023438
77 14.048393249511719
78 14.56500244140625
79 13.580604553222656
80 13.933097839355469
81 15.117202758789063
82 13.955497741699219
83 11.777900695800781
84 13.177803039550781
85 13.342201232910156
86 15.198600769042969
87 16.50389862060547
88 14.816604614257813
89 13.984901428222656
90 13.589599609375
91 12.24310302734375
92 12.259597778320313
93 13.204994201660156
94 12.9945068359375
95 12.692207336425781
96 11.4031982421875
97 13.273200988769531
98 12.697601318359375
99 13.58880615234375
100 15.68389892578125
101 15.638603210449219
102 17.01270294189453
103 15.527503967285156
104 17.08770751953125
105 14.931098937988281
106 15.870101928710938
107 19.417198181152344
108 16.567298889160156
109 17.549598693847656
110 14.9075927734375
111 17.244491577148438
112 16.05150604248047
113 17.09850311279297
114 16.34459686279297
115 15.648200988769531
116 14.426704406738281
117 13.108604431152344
118 13.601104736328125
119 13.275100708007813
120 15.351799011230469
121 13.997200012207031
122 15.365898132324219
123 15.402198791503906
124 14.902702331542969
125 13.816902160644531
126 17.548805236816406
127 16.307998657226563
128 17.199203491210938
129 15.790092468261719
130 15.061904907226563
131 16.028900146484375
132 15.916496276855469
133 14.772003173828125
134 14.562507629394531
135 13.595901489257813
136 13.569099426269531
137 13.577400207519531
138 12.650497436523438
139 14.08929443359375
140 15.39739990234375
141 14.730804443359375
142 14.197105407714844
143 15.346900939941406
144 15.302803039550781
145 15.093299865722656
146 14.636497497558594
147 15.381401062011719
148 13.941596984863281
149 15.107109069824219
150 14.506599426269531
151 15.751296997070313
152 14.938995361328125
153 14.569305419921875
154 13.114601135253906
155 14.484695434570313
156 14.021507263183594
157 13.093406677246094
158 12.51629638671875
159 12.99090576171875
160 14.595901489257813
161 12.666603088378906
162 13.574295043945313
163 13.644302368164063
164 13.665397644042969
165 12.918495178222656
166 16.098106384277344
167 14.280799865722656
168 15.335098266601563
169 13.923095703125
170 16.550804138183594
171 16.80279541015625
172 15.573295593261719
173 16.25360107421875
174 13.227706909179688
175 13.403305053710938
176 12.664306640625
177 14.238197326660156
178 13.751106262207031
179 13.669097900390625
180 11.796600341796875
181 12.789398193359375
182 13.23919677734375
183 13.273696899414063
184 13.467201232910156
185 12.94580078125
186 14.229293823242188
187 15.398696899414063
188 14.811897277832031
189 11.927803039550781
190 12.74639892578125
191 11.419898986816406
192 11.683403015136719
193 10.228500366210938
194 11.470298767089844
195 12.946601867675781
196 12.297103881835938
197 13.203208923339844
198 12.388198852539063
199 13.650001525878906
200 14.610404968261719
201 13.175300598144531
202 13.157997131347656
203 13.737098693847656
204 13.88470458984375
205 13.53759765625
206 13.383102416992188
207 11.347297668457031
208 12.305702209472656
209 14.255302429199219
210 13.245094299316406
211 13.085098266601563
212 13.615097045898438
213 13.136001586914063
214 14.467399597167969
215 13.745803833007813
216 11.282600402832031
217 13.256996154785156
218 13.680999755859375
219 12.255607604980469
220 10.885498046875
221 11.4833984375
222 12.764297485351563
223 11.635902404785156
224 12.542503356933594
225 10.252601623535156
226 10.615501403808594
227 10.200798034667969
228 10.903099060058594
229 11.982002258300781
230 13.010696411132813
231 11.354904174804688
232 10.911102294921875
233 11.962196350097656
234 12.470703125
235 9.841995239257813
236 12.498001098632813
237 10.035598754882813
238 12.025596618652344
239 11.914802551269531
240 12.919990539550781
241 12.405899047851563
242 13.073997497558594
243 12.2998046875
244 14.058998107910156
245 12.906692504882813
246 12.4010009765625
247 11.458503723144531
248 13.041999816894531
249 13.424797058105469
250 10.1947021484375
251 12.091300964355469
252 14.272598266601563
253 11.778495788574219
254 11.057701110839844
255 12.102500915527344
256 11.3583984375
257 12.950912475585938
258 11.247100830078125
259 13.195106506347656
260 12.178199768066406
261 12.707305908203125
262 11.423591613769531
263 12.178504943847656
264 11.477706909179688
265 10.523101806640625
266 11.804794311523438
267 11.669204711914063
268 9.481399536132813
269 12.4573974609375
270 12.372695922851563
271 10.921798706054688
272 11.88330078125
273 12.154106140136719
274 11.1416015625
275 9.916000366210938
276 10.511100769042969
277 11.861900329589844
278 11.326103210449219
279 9.763999938964844
280 10.090797424316406
281 10.368698120117188
282 10.390304565429688
283 10.642608642578125
284 11.163597106933594
285 10.883705139160156
286 10.214797973632813
287 9.415496826171875
288 9.978302001953125
289 12.383506774902344
290 12.484703063964844
291 10.469505310058594
292 9.677101135253906
293 11.097396850585938
294 10.038902282714844
295 10.050399780273438
296 11.027900695800781
297 10.191604614257813
298 10.892509460449219
299 9.403900146484375
300 8.244293212890625
301 10.025299072265625
302 9.875099182128906
303 11.153099060058594
304 11.596702575683594
305 11.049697875976563
306 13.412300109863281
307 9.786697387695313
308 12.125404357910156
309 11.245399475097656
310 11.33599853515625
311 11.959999084472656
312 13.697601318359375
313 13.608894348144531
314 12.079605102539063
315 12.629203796386719
316 10.572708129882813
317 10.520103454589844
318 10.408500671386719
319 12.47100830078125
320 13.190605163574219
321 12.586898803710938
322 13.631500244140625
323 10.640106201171875
324 11.498100280761719
325 12.673202514648438
326 11.147201538085938
327 11.259300231933594
328 11.762397766113281
329 13.485099792480469
330 13.867095947265625
331 12.590194702148438
332 12.907501220703125
333 13.098098754882813
334 14.600799560546875
335 13.753700256347656
336 12.62030029296875
337 10.976303100585938
338 13.5679931640625
339 14.36480712890625
340 13.66290283203125
341 13.463294982910156
342 12.78570556640625
343 10.428794860839844
344 9.515800476074219
345 10.176002502441406
346 10.4114990234375
347 9.822799682617188
348 9.721603393554688
349 9.037200927734375
350 10.225807189941406
351 8.894996643066406
352 9.2655029296875
353 9.846405029296875
354 10.167198181152344
355 12.031097412109375
356 12.132194519042969
357 12.108497619628906
358 11.635604858398438
359 9.439796447753906
360 11.800201416015625
361 11.3822021484375
362 12.639900207519531
363 11.749092102050781
364 12.38580322265625
365 12.969902038574219
366 12.212699890136719
367 11.118095397949219
368 11.079299926757813
369 11.710296630859375
370 12.240005493164063
371 12.724197387695313
372 12.063003540039063
373 13.444602966308594
374 11.745101928710938
375 11.291801452636719
376 11.133598327636719
377 12.150100708007813
378 13.6094970703125
379 11.449104309082031
380 13.422294616699219
381 13.193397521972656
382 11.455299377441406
383 13.080596923828125
384 13.149604797363281
385 11.776397705078125
386 10.870697021484375
387 10.451301574707031
388 10.791801452636719
389 12.16619873046875
390 13.094207763671875
391 12.08380126953125
392 11.434600830078125
393 12.68389892578125
394 10.865303039550781
395 10.939704895019531
396 13.506599426269531
397 9.897697448730469
398 12.225593566894531
399 11.512504577636719
400 12.586906433105469
401 11.189407348632813
402 11.267501831054688
403 10.316398620605469
404 10.773399353027344
405 10.586204528808594
406 11.422393798828125
407 10.101799011230469
408 12.780998229980469
409 11.879905700683594
410 11.840896606445313
411 13.647102355957031
412 10.447494506835938
413 11.160606384277344
414 10.562400817871094
415 10.009407043457031
416 8.023399353027344
417 10.439796447753906
418 9.854103088378906
419 11.55279541015625
420 12.113700866699219
421 11.067596435546875
422 11.488105773925781
423 11.356796264648438
424 13.755508422851563
425 12.8240966796875
426 11.168304443359375
427 11.192298889160156
428 11.632698059082031
429 12.407997131347656
430 13.023994445800781
431 10.947105407714844
432 12.805999755859375
433 11.430000305175781
434 11.622604370117188
435 12.139801025390625
436 14.109092712402344
437 12.574302673339844
438 10.249496459960938
439 11.919197082519531
440 13.568603515625
441 11.816604614257813
442 11.388603210449219
443 11.137100219726563
444 12.933601379394531
445 12.053199768066406
446 12.373497009277344
447 10.44610595703125
448 12.028602600097656
449 11.890296936035156
450 11.643402099609375
451 10.520492553710938
452 12.513397216796875
453 13.195396423339844
454 12.94940185546875
455 11.099205017089844
456 13.1593017578125
457 13.223503112792969
458 12.685501098632813
459 10.845199584960938
460 9.214797973632813
461 9.819503784179688
462 11.419105529785156
463 11.084205627441406
464 9.238998413085938
465 9.483604431152344
466 9.546104431152344
467 11.706100463867188
468 13.39959716796875
469 14.212394714355469
470 12.972099304199219
471 12.260894775390625
472 12.147102355957031
473 11.382499694824219
474 11.060501098632813
475 10.666702270507813
476 11.431999206542969
477 9.696403503417969
478 10.725502014160156
479 10.512001037597656
480 10.359596252441406
481 9.847702026367188
482 10.319801330566406
483 10.370002746582031
484 12.086700439453125
485 12.372795104980469
486 11.088897705078125
487 10.179801940917969
488 10.032501220703125
489 13.509201049804688
490 12.680198669433594
491 12.253898620605469
492 13.090499877929688
493 12.372795104980469
494 10.629203796386719
495 11.353897094726563
496 13.045799255371094
497 12.09649658203125
498 12.108604431152344
499 11.713996887207031
500 10.598007202148438
