0 21.275604248046875
1 21.275596618652344
2 21.1947021484375
3 21.551101684570313
4 21.9927978515625
5 16.860198974609375
6 19.45850372314453
7 17.278594970703125
8 21.7406005859375
9 20.683197021484375
10 19.43529510498047
11 20.111297607421875
12 19.128997802734375
13 18.85400390625
14 20.728195190429688
15 17.981796264648438
16 16.928199768066406
17 14.443702697753906
18 13.967796325683594
19 15.014694213867188
20 13.501197814941406
21 14.756904602050781
22 15.701904296875
23 12.509292602539063
24 14.7041015625
25 13.960197448730469
26 12.674606323242188
27 13.10260009765625
28 12.28900146484375
29 15.904205322265625
30 13.041000366210938
31 13.114303588867188
32 13.570701599121094
33 12.531105041503906
34 12.182197570800781
35 10.730606079101563
36 11.758903503417969
37 11.2030029296875
38 12.818496704101563
39 10.767097473144531
40 9.941505432128906
41 12.601699829101563
42 11.570098876953125
43 11.796897888183594
44 13.369606018066406
45 13.236801147460938
46 11.456001281738281
47 11.689201354980469
48 12.956802368164063
49 11.936904907226563
50 12.969200134277344
51 10.294700622558594
52 11.227897644042969
53 10.599403381347656
54 13.385902404785156
55 13.013404846191406
56 12.530792236328125
57 13.443603515625
58 12.821304321289063
59 14.022102355957031
60 12.717193603515625
61 14.008201599121094
62 13.412605285644531
63 13.160003662109375
64 12.402595520019531
65 14.653900146484375
66 13.869003295898438
67 13.95849609375
68 12.110206604003906
69 12.219894409179688
70 12.936599731445313
71 10.050796508789063
72 9.527198791503906
73 11.421600341796875
74 12.064796447753906
75 12.103797912597656
76 12.103507995605469
77 12.698402404785156
78 13.435005187988281
79 12.130599975585938
80 12.253097534179688
81 13.667198181152344
82 12.395500183105469
83 10.207901000976563
84 11.547798156738281
85 11.8822021484375
86 13.598602294921875
87 14.833900451660156
88 13.226600646972656
89 11.96490478515625
90 11.709602355957031
91 10.36309814453125
92 10.159599304199219
93 11.924995422363281
94 11.454505920410156
95 11.152198791503906
96 10.003204345703125
97 11.583198547363281
98 11.107597351074219
99 11.368804931640625
100 14.503898620605469
101 15.308601379394531
102 16.21269989013672
103 13.767501831054688
104 16.13770294189453
105 14.271095275878906
106 15.60009765625
107 18.80719757080078
108 15.627296447753906
109 16.629592895507813
110 14.437599182128906
111 15.604499816894531
112 14.581497192382813
113 15.688499450683594
114 14.034599304199219
115 14.208198547363281
116 12.966705322265625
117 11.87860107421875
118 11.731101989746094
119 12.025100708007813
120 14.03179931640625
121 12.43719482421875
122 13.555900573730469
123 13.652206420898438
124 13.46270751953125
125 12.166900634765625
126 15.908805847167969
127 14.618003845214844
128 15.659194946289063
129 14.420097351074219
130 13.091896057128906
131 14.238899230957031
132 14.116493225097656
133 13.312004089355469
134 13.572502136230469
135 12.595901489257813
136 12.309097290039063
137 12.487396240234375
138 11.160499572753906
139 13.179298400878906
140 13.987396240234375
141 13.610801696777344
142 12.897102355957031
143 14.296897888183594
144 13.7427978515625
145 14.433303833007813
146 13.906501770019531
147 14.421401977539063
148 13.521598815917969
149 14.617095947265625
150 13.846603393554688
151 15.111305236816406
152 14.079002380371094
153 13.419296264648438
154 12.224601745605469
155 13.87469482421875
156 12.991508483886719
157 12.223403930664063
158 11.956298828125
159 13.060905456542969
160 14.405899047851563
161 12.45660400390625
162 13.294296264648438
163 14.984298706054688
164 14.425399780273438
165 13.938499450683594
166 15.918098449707031
167 14.500808715820313
168 14.53509521484375
169 13.683097839355469
170 16.32080078125
171 16.772804260253906
172 14.793296813964844
173 15.103607177734375
174 12.777702331542969
175 12.473304748535156
176 11.334304809570313
177 13.228195190429688
178 12.94110107421875
179 13.239097595214844
180 11.466598510742188
181 13.039398193359375
182 13.11920166015625
183 13.053703308105469
184 12.957199096679688
185 12.075798034667969
186 13.709297180175781
187 14.898696899414063
188 14.451896667480469
189 12.047798156738281
190 12.866401672363281
191 11.069892883300781
192 11.013404846191406
193 10.058494567871094
194 11.220298767089844
195 13.116600036621094
196 12.047103881835938
197 12.803207397460938
198 13.138206481933594
199 13.459999084472656
200 14.760398864746094
201 12.425300598144531
202 12.047996520996094
203 13.487098693847656
204 13.32470703125
205 13.107597351074219
206 12.853103637695313
207 11.507301330566406
208 12.345695495605469
209 14.275306701660156
210 13.085098266601563
211 13.365104675292969
212 13.185104370117188
213 13.016006469726563
214 14.327400207519531
215 13.615798950195313
216 10.642601013183594
217 12.897003173828125
218 12.831001281738281
219 11.775596618652344
220 10.025497436523438
221 10.973403930664063
222 12.204299926757813
223 11.605903625488281
224 12.282501220703125
225 9.85260009765625
226 10.675498962402344
227 9.640800476074219
228 10.5531005859375
229 11.672004699707031
230 13.180702209472656
231 11.144905090332031
232 10.331100463867188
233 12.472198486328125
234 12.230697631835938
235 10.132003784179688
236 12.3280029296875
237 10.265594482421875
238 11.745597839355469
239 10.784805297851563
240 12.150001525878906
241 11.375900268554688
242 12.833992004394531
243 11.409797668457031
244 13.728996276855469
245 11.966697692871094
246 11.621002197265625
247 9.658500671386719
248 12.241996765136719
249 12.7947998046875
250 9.454696655273438
251 11.621299743652344
252 14.012596130371094
253 12.138504028320313
254 11.317703247070313
255 12.552497863769531
256 10.998397827148438
257 13.060905456542969
258 11.687103271484375
259 13.055099487304688
260 11.908195495605469
261 12.147308349609375
262 11.153594970703125
263 12.438499450683594
264 11.777702331542969
265 10.013099670410156
266 11.254798889160156
267 9.629203796386719
268 8.25140380859375
269 10.757400512695313
270 10.45269775390625
271 9.511802673339844
272 10.923301696777344
273 11.294105529785156
274 9.861595153808594
275 8.555999755859375
276 8.591102600097656
277 10.521903991699219
278 9.436103820800781
279 8.673995971679688
280 8.63079833984375
281 9.078697204589844
282 8.950302124023438
283 8.962600708007813
284 9.3135986328125
285 9.23370361328125
286 8.004798889160156
287 7.625495910644531
288 8.088302612304688
289 10.613502502441406
290 11.014701843261719
291 8.999496459960938
292 8.21710205078125
293 9.367401123046875
294 8.478897094726563
295 8.350395202636719
296 10.267898559570313
297 9.211601257324219
298 9.772499084472656
299 8.383895874023438
300 7.054298400878906
301 8.705299377441406
302 8.565093994140625
303 9.903099060058594
304 10.716705322265625
305 9.939697265625
306 12.17230224609375
307 8.796699523925781
308 10.59539794921875
309 10.045402526855469
310 10.295997619628906
311 11.210006713867188
312 12.1676025390625
313 12.438896179199219
314 10.729606628417969
315 10.999198913574219
316 9.792701721191406
317 9.650093078613281
318 9.378501892089844
319 11.311004638671875
320 11.560600280761719
321 11.276901245117188
322 11.971504211425781
323 9.630096435546875
324 10.208106994628906
325 11.513198852539063
326 9.727203369140625
327 9.71929931640625
328 9.71240234375
329 11.965103149414063
330 12.137100219726563
331 11.2001953125
332 11.177497863769531
333 11.898101806640625
334 12.710800170898438
335 12.563705444335938
336 11.310302734375
337 9.246299743652344
338 11.968002319335938
339 12.48480224609375
340 12.402900695800781
341 11.613296508789063
342 10.515701293945313
343 8.508796691894531
344 8.035804748535156
345 7.965995788574219
346 8.931503295898438
347 8.56280517578125
348 8.491600036621094
349 7.56719970703125
350 9.285804748535156
351 8.394996643066406
352 8.285499572753906
353 8.49639892578125
354 8.617195129394531
355 10.581100463867188
356 10.452201843261719
357 10.698501586914063
358 10.385604858398438
359 8.139801025390625
360 10.560195922851563
361 10.382209777832031
362 10.769905090332031
363 10.63909912109375
364 11.055801391601563
365 11.829902648925781
366 10.672698974609375
367 9.778099060058594
368 9.9093017578125
369 9.900299072265625
370 10.990005493164063
371 11.124198913574219
372 10.633003234863281
373 11.844596862792969
374 11.025100708007813
375 10.111801147460938
376 9.593597412109375
377 10.340095520019531
378 11.629501342773438
379 9.739097595214844
380 11.702301025390625
381 11.043403625488281
382 9.805305480957031
383 10.550605773925781
384 11.439605712890625
385 10.316398620605469
386 9.830696105957031
387 9.471305847167969
388 9.431800842285156
389 10.04620361328125
390 11.064201354980469
391 11.013809204101563
392 9.5946044921875
393 10.853897094726563
394 9.275299072265625
395 9.449699401855469
396 11.936599731445313
397 9.057693481445313
398 10.895599365234375
399 10.622505187988281
400 11.936897277832031
401 9.909400939941406
402 10.307502746582031
403 9.046394348144531
404 8.853401184082031
405 8.946205139160156
406 10.242401123046875
407 8.761802673339844
408 10.461006164550781
409 9.83990478515625
410 10.580902099609375
411 12.007102966308594
412 9.1875
413 10.260604858398438
414 9.492401123046875
415 8.239402770996094
416 6.883399963378906
417 8.85980224609375
418 8.254104614257813
419 9.952804565429688
420 10.433700561523438
421 9.297599792480469
422 9.958106994628906
423 9.786796569824219
424 11.925498962402344
425 10.914100646972656
426 8.838302612304688
427 9.572303771972656
428 10.242698669433594
429 10.928001403808594
430 11.78399658203125
431 9.797096252441406
432 11.505996704101563
433 9.949996948242188
434 9.522605895996094
435 10.179801940917969
436 12.719093322753906
437 11.394302368164063
438 8.489501953125
439 9.949195861816406
440 11.99859619140625
441 9.846603393554688
442 9.578605651855469
443 9.607101440429688
444 10.583602905273438
445 9.973197937011719
446 10.753501892089844
447 9.056098937988281
448 10.298606872558594
449 10.280296325683594
450 10.243400573730469
451 9.440498352050781
452 11.103401184082031
453 11.625396728515625
454 11.409400939941406
455 9.389205932617188
456 11.229301452636719
457 11.813507080078125
458 10.775505065917969
459 9.235198974609375
460 7.7147979736328125
461 7.9694976806640625
462 9.549102783203125
463 9.104202270507813
464 7.728996276855469
465 7.713600158691406
466 7.6761016845703125
467 9.516098022460938
468 11.499595642089844
469 12.782402038574219
470 11.472099304199219
471 10.180900573730469
472 10.677093505859375
473 9.832504272460938
474 9.730499267578125
475 8.976699829101563
476 9.951995849609375
477 8.326400756835938
478 9.025497436523438
479 8.922004699707031
480 8.659599304199219
481 8.577705383300781
482 9.039802551269531
483 8.389999389648438
484 10.266700744628906
485 11.252799987792969
486 9.55889892578125
487 8.719802856445313
488 8.982498168945313
489 11.599197387695313
490 11.290199279785156
491 10.573898315429688
492 11.420501708984375
493 10.752799987792969
494 8.609199523925781
495 9.693901062011719
496 11.105796813964844
497 10.086502075195313
498 10.618598937988281
499 10.043998718261719
500 8.917999267578125
