0 21.8656005859375
1 21.86559295654297
2 22.404701232910156
3 24.921096801757813
4 25.572799682617188
5 19.64020538330078
6 22.108497619628906
7 17.518600463867188
8 23.79059600830078
9 21.85320281982422
10 20.845291137695313
11 19.861305236816406
12 18.488998413085938
13 16.574005126953125
14 20.47820281982422
15 16.071800231933594
16 14.128196716308594
17 11.253700256347656
18 11.997802734375
19 14.494705200195313
20 14.391197204589844
21 16.096900939941406
22 17.411911010742188
23 14.869293212890625
24 15.914093017578125
25 16.59020233154297
26 13.544609069824219
27 14.632606506347656
28 15.079002380371094
29 19.35419464111328
30 15.780998229980469
31 16.96430206298828
32 16.28070831298828
33 15.641098022460938
34 15.392196655273438
35 12.890602111816406
36 14.728904724121094
37 14.042999267578125
38 15.278495788574219
39 12.477096557617188
40 12.351509094238281
41 15.99169921875
42 14.60009765625
43 14.756904602050781
44 19.479598999023438
45 19.366798400878906
46 15.886001586914063
47 15.719200134277344
48 15.816802978515625
49 13.576904296875
50 14.899200439453125
51 14.314697265625
52 14.067893981933594
53 13.989410400390625
54 15.895904541015625
55 14.843406677246094
56 13.600799560546875
57 15.863601684570313
58 17.871307373046875
59 17.442100524902344
60 17.527198791503906
61 19.02820587158203
62 17.402603149414063
63 16.650001525878906
64 17.882606506347656
65 20.583892822265625
66 17.66900634765625
67 18.108497619628906
68 14.990203857421875
69 16.129898071289063
70 17.126602172851563
71 15.590797424316406
72 15.157196044921875
73 15.341598510742188
74 16.55480194091797
75 14.963798522949219
76 14.65350341796875
77 14.528396606445313
78 15.694999694824219
79 14.180595397949219
80 15.893096923828125
81 16.07720184326172
82 15.635505676269531
83 12.417900085449219
84 14.497802734375
85 14.372200012207031
86 15.988594055175781
87 17.263900756835938
88 15.186599731445313
89 14.114898681640625
90 14.459602355957031
91 12.653099060058594
92 12.019599914550781
93 12.68499755859375
94 11.624504089355469
95 13.102195739746094
96 11.323204040527344
97 12.053207397460938
98 13.577598571777344
99 14.818801879882813
100 16.49390411376953
101 16.11859893798828
102 16.042709350585938
103 15.367500305175781
104 16.507705688476563
105 13.771102905273438
106 14.880096435546875
107 17.727203369140625
108 17.387298583984375
109 17.039596557617188
110 14.59759521484375
111 17.254501342773438
112 16.60150909423828
113 16.78850555419922
114 17.684600830078125
115 15.618202209472656
116 14.526710510253906
117 15.088600158691406
118 15.421096801757813
119 15.115097045898438
120 16.571800231933594
121 14.767196655273438
122 16.80590057373047
123 17.712196350097656
124 15.752700805664063
125 15.476905822753906
126 18.538803100585938
127 17.25800323486328
128 18.55919647216797
129 16.49010467529297
130 15.601898193359375
131 18.04889678955078
132 17.08649444580078
133 14.732002258300781
134 14.182502746582031
135 12.905899047851563
136 13.879096984863281
137 12.577400207519531
138 12.3905029296875
139 12.529296875
140 14.407402038574219
141 14.000801086425781
142 12.947105407714844
143 14.576896667480469
144 14.232803344726563
145 12.943305969238281
146 12.71649169921875
147 15.091407775878906
148 12.521598815917969
149 14.417106628417969
150 12.816596984863281
151 13.34130859375
152 13.048995971679688
153 13.449302673339844
154 12.004600524902344
155 13.334701538085938
156 13.301498413085938
157 12.543403625488281
158 10.776298522949219
159 10.250900268554688
160 11.615898132324219
161 9.096603393554688
162 11.104301452636719
163 9.164299011230469
164 9.525398254394531
165 8.528495788574219
166 11.798103332519531
167 11.720802307128906
168 13.215095520019531
169 11.593093872070313
170 13.690803527832031
171 14.472801208496094
172 14.88330078125
173 15.343597412109375
174 12.607704162597656
175 13.663307189941406
176 12.874305725097656
177 14.368202209472656
178 12.371101379394531
179 12.249099731445313
180 10.0166015625
181 11.519401550292969
182 13.359199523925781
183 13.023704528808594
184 12.0072021484375
185 12.485801696777344
186 13.58929443359375
187 14.758697509765625
188 13.981895446777344
189 9.657806396484375
190 10.766403198242188
191 10.199897766113281
192 9.933403015136719
193 8.39849853515625
194 9.650299072265625
195 10.926605224609375
196 11.067100524902344
197 11.34320068359375
198 8.808197021484375
199 10.57000732421875
200 12.270401000976563
201 12.065299987792969
202 12.277999877929688
203 11.277099609375
204 12.104705810546875
205 11.507598876953125
206 11.263099670410156
207 8.66729736328125
208 9.365699768066406
209 11.365303039550781
210 9.955093383789063
211 10.175102233886719
212 11.085098266601563
213 9.765998840332031
214 12.02740478515625
215 11.675804138183594
216 9.642601013183594
217 10.467002868652344
218 11.490997314453125
219 8.515602111816406
220 7.94549560546875
221 8.543403625488281
222 10.074302673339844
223 8.395896911621094
224 8.842498779296875
225 7.762603759765625
226 7.555503845214844
227 7.860801696777344
228 8.273101806640625
229 8.502006530761719
230 8.910697937011719
231 8.394905090332031
232 9.151100158691406
233 7.8822021484375
234 10.310699462890625
235 6.351997375488281
236 9.708000183105469
237 7.335601806640625
238 8.825592041015625
239 10.964805603027344
240 11.55999755859375
241 10.975898742675781
242 10.103996276855469
243 10.959800720214844
244 12.15899658203125
245 11.346702575683594
246 11.120994567871094
247 12.098503112792969
248 11.372001647949219
249 10.064804077148438
250 7.464698791503906
251 9.421302795410156
252 11.062599182128906
253 8.368499755859375
254 7.9676971435546875
255 8.082504272460938
256 8.208396911621094
257 8.870903015136719
258 8.327102661132813
259 9.955108642578125
260 9.438201904296875
261 10.757308959960938
262 8.93359375
263 8.628501892089844
264 10.07769775390625
265 9.343101501464844
266 10.264801025390625
267 11.399200439453125
268 8.861396789550781
269 12.707405090332031
270 12.112693786621094
271 11.571800231933594
272 10.913299560546875
273 12.294105529785156
274 10.531600952148438
275 8.675994873046875
276 10.611099243164063
277 11.401901245117188
278 11.216102600097656
279 9.113998413085938
280 9.660797119140625
281 9.608695983886719
282 9.730300903320313
283 11.022605895996094
284 11.263595581054688
285 11.513702392578125
286 10.474800109863281
287 9.19549560546875
288 10.458305358886719
289 12.343498229980469
290 11.854705810546875
291 10.959495544433594
292 9.807106018066406
293 11.827400207519531
294 10.068901062011719
295 10.050399780273438
296 10.597900390625
297 10.351600646972656
298 9.882499694824219
299 8.283897399902344
300 6.84429931640625
301 9.135299682617188
302 8.605094909667969
303 9.933097839355469
304 10.336700439453125
305 10.189697265625
306 12.632301330566406
307 8.786705017089844
308 11.525405883789063
309 10.495391845703125
310 10.555999755859375
311 9.6300048828125
312 12.647605895996094
313 12.748893737792969
314 10.879600524902344
315 11.98919677734375
316 10.152702331542969
317 8.470100402832031
318 8.358497619628906
319 11.021003723144531
320 12.400604248046875
321 11.266899108886719
322 12.271507263183594
323 11.60009765625
324 11.068099975585938
325 11.793197631835938
326 10.357200622558594
327 10.869293212890625
328 12.682395935058594
329 13.895103454589844
330 13.547103881835938
331 13.120201110839844
332 13.8074951171875
333 13.888099670410156
334 15.340805053710938
335 14.523704528808594
336 12.9403076171875
337 11.606300354003906
338 13.818000793457031
339 14.454803466796875
340 14.302902221679688
341 14.453292846679688
342 14.27569580078125
343 11.518791198730469
344 9.705802917480469
345 11.375999450683594
346 11.561500549316406
347 10.122802734375
348 9.701606750488281
349 9.117202758789063
350 9.095802307128906
351 8.144996643066406
352 8.885498046875
353 9.446403503417969
354 11.127197265625
355 12.19110107421875
356 12.552192687988281
357 12.538497924804688
358 10.385604858398438
359 9.719795227050781
360 11.500198364257813
361 10.212203979492188
362 12.309898376464844
363 10.219093322753906
364 12.155799865722656
365 12.609901428222656
366 11.912696838378906
367 9.548095703125
368 11.1593017578125
369 12.580299377441406
370 11.710006713867188
371 12.154197692871094
372 11.443000793457031
373 13.414596557617188
374 10.835098266601563
375 10.931793212890625
376 11.023597717285156
377 13.610099792480469
378 15.209503173828125
379 11.089103698730469
380 13.492301940917969
381 13.753402709960938
382 12.155303955078125
383 16.12060546875
384 14.619598388671875
385 11.576393127441406
386 11.78070068359375
387 9.4613037109375
388 11.91180419921875
389 13.176200866699219
390 14.834205627441406
391 11.863807678222656
392 13.194595336914063
393 13.703895568847656
394 11.525299072265625
395 11.729705810546875
396 14.356605529785156
397 9.937698364257813
398 12.725593566894531
399 11.272506713867188
400 12.106903076171875
401 11.679405212402344
402 11.477500915527344
403 9.856391906738281
404 11.953399658203125
405 11.626205444335938
406 11.982398986816406
407 9.921798706054688
408 13.961006164550781
409 12.629898071289063
410 12.190895080566406
411 14.947105407714844
412 12.547500610351563
413 10.010604858398438
414 9.552398681640625
415 10.249404907226563
416 7.363395690917969
417 10.889793395996094
418 11.004104614257813
419 12.55279541015625
420 12.713699340820313
421 12.4075927734375
422 11.318107604980469
423 11.226799011230469
424 14.995506286621094
425 13.114097595214844
426 12.19830322265625
427 10.962303161621094
428 11.612701416015625
429 12.068000793457031
430 11.944000244140625
431 11.097099304199219
432 12.566001892089844
433 11.110000610351563
434 11.712600708007813
435 13.319801330566406
436 15.049095153808594
437 14.514297485351563
438 11.829498291015625
439 13.379196166992188
440 14.538597106933594
441 12.196601867675781
442 12.87860107421875
443 12.34710693359375
444 14.563606262207031
445 13.383201599121094
446 12.753501892089844
447 11.016098022460938
448 13.078605651855469
449 12.330299377441406
450 12.1134033203125
451 10.340499877929688
452 12.623405456542969
453 13.185401916503906
454 12.649398803710938
455 12.129203796386719
456 13.799301147460938
457 13.53350830078125
458 12.935508728027344
459 11.585197448730469
460 9.304801940917969
461 10.099502563476563
462 11.759101867675781
463 12.114204406738281
464 10.219001770019531
465 10.093597412109375
466 10.386100769042969
467 13.266098022460938
468 14.429595947265625
469 14.052398681640625
470 13.172103881835938
471 13.140899658203125
472 12.707099914550781
473 11.902503967285156
474 11.3804931640625
475 11.506706237792969
476 11.251998901367188
477 8.806396484375
478 10.305503845214844
479 11.092002868652344
480 10.809600830078125
481 10.557708740234375
482 10.369796752929688
483 10.479995727539063
484 11.776695251464844
485 12.372795104980469
486 10.818901062011719
487 9.769798278808594
488 9.332504272460938
489 12.709197998046875
490 12.730201721191406
491 12.823898315429688
492 12.380500793457031
493 12.152801513671875
494 12.199195861816406
495 11.813896179199219
496 14.0657958984375
497 13.276496887207031
498 12.608604431152344
499 11.763999938964844
500 10.777999877929688
