0 25.29560089111328
1 25.29560089111328
2 24.834701538085938
3 27.401100158691406
4 29.152793884277344
5 23.850204467773438
6 26.448509216308594
7 21.62859344482422
8 28.730606079101563
9 27.433204650878906
10 25.935302734375
11 25.931304931640625
12 23.679000854492188
13 22.744003295898438
14 26.488197326660156
15 22.67180633544922
16 21.618202209472656
17 18.193702697753906
18 18.54779815673828
19 20.644699096679688
20 19.651199340820313
21 21.556900024414063
22 22.841903686523438
23 19.809303283691406
24 21.614105224609375
25 20.750205993652344
26 19.334609985351563
27 19.18260955810547
28 18.779006958007813
29 23.264205932617188
30 19.871002197265625
31 20.504302978515625
32 20.84070587158203
33 20.231101989746094
34 19.932205200195313
35 17.55060577392578
36 19.098907470703125
37 18.13300323486328
38 20.408493041992188
39 17.127098083496094
40 16.681503295898438
41 19.641708374023438
42 18.580093383789063
43 19.52690887451172
44 21.009597778320313
45 21.366798400878906
46 18.576004028320313
47 18.42919921875
48 20.056800842285156
49 18.466903686523438
50 20.23919677734375
51 18.104698181152344
52 18.687896728515625
53 18.18939971923828
54 20.85589599609375
55 19.873397827148438
56 19.38079833984375
57 20.88360595703125
58 20.571304321289063
59 22.182098388671875
60 20.517196655273438
61 21.97820281982422
62 21.66260528564453
63 21.099998474121094
64 20.66260528564453
65 23.133895874023438
66 21.249000549316406
67 21.478500366210938
68 19.0802001953125
69 20.749893188476563
70 20.93659210205078
71 18.050804138183594
72 17.69719696044922
73 19.371597290039063
74 19.79479217529297
75 19.843795776367188
76 19.89350128173828
77 20.008399963378906
78 21.225006103515625
79 19.640602111816406
80 20.213104248046875
81 21.207199096679688
82 20.135498046875
83 17.137901306152344
84 18.68779754638672
85 19.18219757080078
86 21.1885986328125
87 22.473899841308594
88 21.186607360839844
89 19.544898986816406
90 19.40959930419922
91 17.563095092773438
92 17.559600830078125
93 19.06500244140625
94 18.404510498046875
95 18.33220672607422
96 16.58319854736328
97 18.193199157714844
98 19.367599487304688
99 19.018798828125
100 22.05390167236328
101 22.418601989746094
102 23.542709350585938
103 21.297500610351563
104 23.057708740234375
105 20.93109893798828
106 22.020103454589844
107 25.547195434570313
108 22.577293395996094
109 23.639602661132813
110 21.457595825195313
111 22.87450408935547
112 21.92150115966797
113 23.048500061035156
114 21.694602966308594
115 21.798202514648438
116 20.36670684814453
117 19.218605041503906
118 19.991104125976563
119 20.115097045898438
120 22.16179656982422
121 20.207199096679688
122 21.61589813232422
123 21.812210083007813
124 21.592697143554688
125 20.116905212402344
126 24.358802795410156
127 22.598007202148438
128 23.86920166015625
129 22.300094604492188
130 20.901901245117188
131 22.55889892578125
132 22.256500244140625
133 20.85199737548828
134 19.93250274658203
135 18.585899353027344
136 19.52910614013672
137 19.407394409179688
138 17.980499267578125
139 19.749298095703125
140 20.83740234375
141 20.08080291748047
142 19.627105712890625
143 20.76689910888672
144 20.262794494628906
145 19.81330108642578
146 21.376495361328125
147 21.57140350341797
148 20.21160125732422
149 21.447105407714844
150 20.296600341796875
151 20.64130401611328
152 20.508995056152344
153 20.209304809570313
154 18.964599609375
155 20.38469696044922
156 20.03150177001953
157 19.05340576171875
158 17.976303100585938
159 17.520896911621094
160 19.91590118408203
161 17.116607666015625
162 19.124298095703125
163 18.84430694580078
164 18.365394592285156
165 17.57849884033203
166 20.80810546875
167 20.330810546875
168 20.325103759765625
169 19.393096923828125
170 21.670799255371094
171 22.472801208496094
172 22.123306274414063
173 21.983604431152344
174 19.477706909179688
175 19.26329803466797
176 18.574302673339844
177 20.818191528320313
178 19.301109313964844
179 19.669105529785156
180 17.786598205566406
181 19.01940155029297
182 19.159202575683594
183 19.6737060546875
184 19.31719970703125
185 19.11579132080078
186 20.569305419921875
187 21.53870391845703
188 20.811904907226563
189 17.12779998779297
190 18.446395874023438
191 17.489898681640625
192 16.823402404785156
193 15.418495178222656
194 17.11029815673828
195 18.46660614013672
196 17.687103271484375
197 18.60320281982422
198 17.58820343017578
199 18.51000213623047
200 20.48040008544922
201 19.215301513671875
202 18.237998962402344
203 18.737098693847656
204 18.724700927734375
205 19.21759796142578
206 19.153106689453125
207 16.91729736328125
208 17.27570343017578
209 19.655303955078125
210 17.715103149414063
211 18.145103454589844
212 17.73509979248047
213 17.59600067138672
214 19.487396240234375
215 19.275802612304688
216 16.242599487304688
217 17.577003479003906
218 18.311004638671875
219 16.465599060058594
220 15.845497131347656
221 16.413406372070313
222 17.65430450439453
223 16.10590362548828
224 16.962493896484375
225 15.282608032226563
226 15.925498962402344
227 14.940803527832031
228 14.443099975585938
229 16.032005310058594
230 16.480697631835938
231 16.414901733398438
232 16.471099853515625
233 16.682205200195313
234 17.620704650878906
235 14.712005615234375
236 17.488006591796875
237 15.045608520507813
238 17.42559814453125
239 17.36479949951172
240 18.169998168945313
241 17.84589385986328
242 17.374000549316406
243 16.23980712890625
244 18.33899688720703
245 17.79669952392578
246 17.611000061035156
247 16.77851104736328
248 17.4219970703125
249 17.214805603027344
250 13.934700012207031
251 16.821304321289063
252 18.652603149414063
253 16.868499755859375
254 15.717697143554688
255 17.162498474121094
256 14.948394775390625
257 17.130905151367188
258 16.71709442138672
259 18.155105590820313
260 17.018203735351563
261 17.557296752929688
262 16.043594360351563
263 16.77850341796875
264 16.557693481445313
265 15.93310546875
266 17.254798889160156
267 16.56920623779297
268 14.141395568847656
269 17.227394104003906
270 16.692703247070313
271 16.481796264648438
272 17.43329620361328
273 17.044105529785156
274 16.21160125732422
275 13.905990600585938
276 15.281105041503906
277 16.811904907226563
278 16.236106872558594
279 14.484001159667969
280 15.00079345703125
281 14.808692932128906
282 14.990310668945313
283 15.672599792480469
284 15.603591918945313
285 15.333702087402344
286 13.934799194335938
287 13.125503540039063
288 14.50830078125
289 17.14350128173828
290 17.044708251953125
291 15.579498291015625
292 14.497100830078125
293 16.187400817871094
294 15.658905029296875
295 15.680397033691406
296 16.60790252685547
297 15.851608276367188
298 16.1925048828125
299 14.093902587890625
300 13.324302673339844
301 15.235298156738281
302 14.045097351074219
303 15.973106384277344
304 16.466705322265625
305 16.349693298339844
306 18.062301635742188
307 14.30670166015625
308 16.675399780273438
309 15.555404663085938
310 16.39600372314453
311 16.360008239746094
312 18.077598571777344
313 17.658889770507813
314 16.369598388671875
315 16.98920440673828
316 14.792701721191406
317 14.130096435546875
318 14.758499145507813
319 17.331008911132813
320 17.18061065673828
321 16.646896362304688
322 18.001495361328125
323 16.370101928710938
324 16.548110961914063
325 17.84320068359375
326 16.087196350097656
327 16.989295959472656
328 16.172401428222656
329 18.465103149414063
330 18.387100219726563
331 17.550193786621094
332 17.707496643066406
333 17.91809844970703
334 19.470794677734375
335 18.883705139160156
336 17.720306396484375
337 15.716300964355469
338 18.617996215820313
339 18.98480224609375
340 18.992904663085938
341 18.44329833984375
342 17.27569580078125
343 14.998802185058594
344 14.065803527832031
345 14.415992736816406
346 15.4014892578125
347 14.732795715332031
348 14.971595764160156
349 13.617202758789063
350 15.475807189941406
351 14.194999694824219
352 14.135498046875
353 14.226409912109375
354 15.287200927734375
355 16.301101684570313
356 16.13219451904297
357 16.568504333496094
358 15.705596923828125
359 14.529792785644531
360 15.880203247070313
361 15.012199401855469
362 16.46990203857422
363 15.559097290039063
364 16.605796813964844
365 17.76990509033203
366 15.842697143554688
367 14.758102416992188
368 15.629302978515625
369 16.74030303955078
370 16.639999389648438
371 16.384201049804688
372 15.9530029296875
373 17.89459991455078
374 16.0950927734375
375 15.621795654296875
376 15.523605346679688
377 17.40009307861328
378 18.409500122070313
379 15.369102478027344
380 18.022300720214844
381 17.41339874267578
382 15.875297546386719
383 18.290603637695313
384 17.959609985351563
385 16.74639129638672
386 16.270706176757813
387 14.9613037109375
388 15.931800842285156
389 17.026199340820313
390 18.204200744628906
391 17.073806762695313
392 16.794601440429688
393 18.263893127441406
394 16.73529815673828
395 16.3197021484375
396 18.596595764160156
397 15.157699584960938
398 17.78559112548828
399 16.55249786376953
400 18.106903076171875
401 16.729400634765625
402 16.61750030517578
403 14.726394653320313
404 16.013397216796875
405 15.716209411621094
406 16.39240264892578
407 14.411796569824219
408 17.481002807617188
409 16.57990264892578
410 16.4208984375
411 18.297103881835938
412 15.517501831054688
413 15.630607604980469
414 14.622398376464844
415 14.319404602050781
416 12.383399963378906
417 15.34979248046875
418 14.944099426269531
419 16.072799682617188
420 16.993698120117188
421 15.817596435546875
422 15.828109741210938
423 15.616798400878906
424 18.33550262451172
425 17.164100646972656
426 14.75830078125
427 14.532302856445313
428 15.852699279785156
429 16.678001403808594
430 16.443992614746094
431 15.867103576660156
432 17.565994262695313
433 16.270004272460938
434 15.992599487304688
435 16.889801025390625
436 19.619102478027344
437 18.734298706054688
438 15.309501647949219
439 16.639198303222656
440 18.288597106933594
441 15.906600952148438
442 16.57860565185547
443 16.03710174560547
444 17.343605041503906
445 16.633201599121094
446 16.77349853515625
447 15.336097717285156
448 16.968597412109375
449 16.68030548095703
450 16.55340576171875
451 14.930496215820313
452 17.633407592773438
453 18.17540740966797
454 17.309402465820313
455 15.699203491210938
456 17.869293212890625
457 18.013504028320313
458 17.2655029296875
459 15.235198974609375
460 13.454795837402344
461 14.399505615234375
462 16.129112243652344
463 16.394203186035156
464 14.518997192382813
465 14.323600769042969
466 14.44610595703125
467 16.716094970703125
468 18.559593200683594
469 18.64239501953125
470 17.752098083496094
471 17.24089813232422
472 17.287094116210938
473 16.55249786376953
474 15.690498352050781
475 15.816703796386719
476 15.631996154785156
477 12.946395874023438
478 15.225502014160156
479 15.23199462890625
480 15.02960205078125
481 14.557708740234375
482 15.189804077148438
483 14.6300048828125
484 16.756698608398438
485 17.082801818847656
486 15.648895263671875
487 13.789802551269531
488 13.6824951171875
489 17.36920166015625
490 16.82019805908203
491 16.69390106201172
492 16.940505981445313
493 17.042800903320313
494 15.259201049804688
495 16.523902893066406
496 18.24579620361328
497 17.7864990234375
498 16.768600463867188
499 16.27399444580078
500 15.378005981445313
