0 32.265602111816406
1 32.265594482421875
2 31.12470245361328
3 30.2611083984375
4 28.512794494628906
5 25.34020233154297
6 27.66851043701172
7 27.87859344482422
8 30.380599975585938
9 31.39319610595703
10 27.67530059814453
11 30.611305236816406
12 30.368995666503906
13 30.624000549316406
14 29.95819854736328
15 29.331802368164063
16 27.70819854736328
17 25.443702697753906
18 25.207801818847656
19 25.914695739746094
20 23.521202087402344
21 23.56689453125
22 22.58190155029297
23 21.039306640625
24 22.51409912109375
25 21.470199584960938
26 20.78459930419922
27 21.702606201171875
28 21.259010314941406
29 23.224197387695313
30 21.89099884033203
31 19.794296264648438
32 19.640701293945313
33 19.87110137939453
34 19.64220428466797
35 20.05060577392578
36 20.88890838623047
37 19.94300079345703
38 21.498497009277344
39 19.797103881835938
40 17.561500549316406
41 21.141700744628906
42 19.200096130371094
43 18.176902770996094
44 18.269607543945313
45 18.306800842285156
46 18.386001586914063
47 18.949195861816406
48 19.926803588867188
49 20.81690216064453
50 20.539199829101563
51 17.114700317382813
52 18.807899475097656
53 17.989402770996094
54 20.4259033203125
55 21.913406372070313
56 21.840797424316406
57 21.74359893798828
58 20.821304321289063
59 19.84210205078125
60 17.417198181152344
61 20.328201293945313
62 20.142601013183594
63 20.720008850097656
64 18.182601928710938
65 19.94390106201172
66 20.248992919921875
67 21.38849639892578
68 20.600196838378906
69 19.379898071289063
70 20.3865966796875
71 17.58080291748047
72 16.417198181152344
73 18.281600952148438
74 19.504798889160156
75 19.21380615234375
76 19.363510131835938
77 20.638397216796875
78 20.36499786376953
79 19.390594482421875
80 20.18309783935547
81 20.917205810546875
82 19.495498657226563
83 18.9678955078125
84 19.957794189453125
85 19.722206115722656
86 21.24859619140625
87 20.413894653320313
88 20.806610107421875
89 20.89490509033203
90 18.729598999023438
91 18.023101806640625
92 17.879600524902344
93 21.034996032714844
94 20.92450714111328
95 18.31220245361328
96 18.89319610595703
97 20.783203125
98 18.90760040283203
99 18.65880584716797
100 21.093902587890625
101 23.208595275878906
102 24.07270050048828
103 21.417503356933594
104 25.067703247070313
105 22.57110595703125
106 24.440101623535156
107 28.167198181152344
108 24.30730438232422
109 24.739593505859375
110 22.427597045898438
111 23.894500732421875
112 22.461502075195313
113 22.65850067138672
114 20.15460205078125
115 21.518203735351563
116 20.656707763671875
117 18.56859588623047
118 18.031105041503906
119 17.755096435546875
120 19.33179473876953
121 18.62720489501953
122 19.525901794433594
123 19.912200927734375
124 19.83270263671875
125 18.346908569335938
126 21.57880401611328
127 19.608001708984375
128 22.969200134277344
129 19.92009735107422
130 19.14190673828125
131 18.888900756835938
132 21.236495971679688
133 21.022003173828125
134 23.032501220703125
135 22.24590301513672
136 21.629104614257813
137 20.917396545410156
138 18.6304931640625
139 22.89929962158203
140 22.38739776611328
141 22.740798950195313
142 22.21710205078125
143 23.81690216064453
144 24.352798461914063
145 24.493301391601563
146 23.29650115966797
147 23.38140106201172
148 21.88159942626953
149 23.067100524902344
150 23.526596069335938
151 25.701309204101563
152 23.629005432128906
153 21.989295959472656
154 20.484603881835938
155 23.224700927734375
156 21.581497192382813
157 20.963409423828125
158 21.296302795410156
159 22.780899047851563
160 24.245895385742188
161 22.796600341796875
162 23.114303588867188
163 23.954299926757813
164 25.79540252685547
165 25.348495483398438
166 26.10810089111328
167 23.69080352783203
168 24.245094299316406
169 23.473098754882813
170 26.100807189941406
171 25.652793884277344
172 23.143295288085938
173 23.49359893798828
174 20.497703552246094
175 20.923301696777344
176 19.72429656982422
177 21.448204040527344
178 22.281097412109375
179 22.25910186767578
180 20.57660675048828
181 23.169403076171875
182 22.17919921875
183 21.653701782226563
184 20.12720489501953
185 20.5758056640625
186 22.989295959472656
187 22.388702392578125
188 22.58190155029297
189 22.017807006835938
190 21.69640350341797
191 20.13990020751953
192 21.443397521972656
193 20.498497009277344
194 21.380294799804688
195 22.786605834960938
196 22.057106018066406
197 21.773208618164063
198 22.828201293945313
199 23.56000518798828
200 23.830398559570313
201 21.98529815673828
202 21.26800537109375
203 24.377098083496094
204 24.31470489501953
205 23.307601928710938
206 22.783103942871094
207 21.937301635742188
208 23.875694274902344
209 25.825302124023438
210 24.86510467529297
211 24.575103759765625
212 23.635101318359375
213 24.806007385253906
214 25.317398071289063
215 24.63580322265625
216 20.41259765625
217 23.86699676513672
218 24.141006469726563
219 23.16559600830078
220 21.095497131347656
221 22.313400268554688
222 23.67430877685547
223 23.48590087890625
224 24.242507934570313
225 21.312606811523438
226 22.07550048828125
227 20.550796508789063
228 22.42310333251953
229 22.652000427246094
230 24.860694885253906
231 21.924896240234375
232 20.511093139648438
233 23.962203979492188
234 23.620704650878906
235 21.321990966796875
236 23.297996520996094
237 21.55560302734375
238 22.30559539794922
239 20.314796447753906
240 23.12000274658203
241 21.85589599609375
242 24.92400360107422
243 22.459800720214844
244 24.66899871826172
245 23.2467041015625
246 21.96100616455078
247 19.498497009277344
248 23.842002868652344
249 24.4248046875
250 21.1846923828125
251 22.741302490234375
252 25.36260223388672
253 23.27850341796875
254 22.007705688476563
255 24.722496032714844
256 23.34839630126953
257 24.880905151367188
258 22.747108459472656
259 24.22510528564453
260 22.818199157714844
261 22.507308959960938
262 22.513595581054688
263 24.27850341796875
264 23.02770233154297
265 19.503097534179688
266 21.064796447753906
267 17.709197998046875
268 19.031402587890625
269 20.677398681640625
270 19.612701416015625
271 18.681800842285156
272 21.723297119140625
273 21.90410614013672
274 18.931602478027344
275 17.875999450683594
276 17.351097106933594
277 21.0819091796875
278 17.986099243164063
279 18.98400115966797
280 19.150794982910156
281 18.90869140625
282 19.63030242919922
283 18.882606506347656
284 18.333602905273438
285 18.433700561523438
286 17.514801025390625
287 17.125503540039063
288 17.158302307128906
289 20.053497314453125
290 20.56470489501953
291 19.019493103027344
292 17.807106018066406
293 17.557403564453125
294 17.29889678955078
295 16.15039825439453
296 19.41790008544922
297 18.1416015625
298 18.4425048828125
299 18.23389434814453
300 17.204299926757813
301 19.37529754638672
302 18.755104064941406
303 20.11310577392578
304 20.966697692871094
305 19.439697265625
306 22.082298278808594
307 19.666702270507813
308 20.705398559570313
309 21.385391235351563
310 19.5159912109375
311 21.14000701904297
312 21.637596130371094
313 22.978897094726563
314 20.639602661132813
315 21.189208984375
316 20.38269805908203
317 20.190093994140625
318 19.358497619628906
319 20.511001586914063
320 20.350601196289063
321 21.24689483642578
322 21.17150115966797
323 17.990097045898438
324 18.86810302734375
325 20.013198852539063
326 18.87720489501953
327 18.879295349121094
328 18.322402954101563
329 20.72510528564453
330 21.08709716796875
331 19.470199584960938
332 20.457496643066406
333 21.128097534179688
334 21.910797119140625
335 21.693702697753906
336 19.580299377441406
337 18.51629638671875
338 20.977996826171875
339 20.474807739257813
340 21.03290557861328
341 19.603302001953125
342 17.255699157714844
343 16.288795471191406
344 17.25580596923828
345 17.14600372314453
346 17.84149932861328
347 17.93280792236328
348 18.621604919433594
349 17.99720001220703
350 19.615798950195313
351 19.884994506835938
352 18.435501098632813
353 18.24639892578125
354 19.177200317382813
355 21.161102294921875
356 21.26219940185547
357 20.20849609375
358 21.18560791015625
359 18.769798278808594
360 21.190200805664063
361 22.13220977783203
362 20.789901733398438
363 20.789093017578125
364 21.225807189941406
365 22.099899291992188
366 21.492698669433594
367 20.73809814453125
368 19.509307861328125
369 19.37029266357422
370 21.06000518798828
371 21.904197692871094
372 22.063003540039063
373 22.384605407714844
374 22.315101623535156
375 20.65180206298828
376 20.403602600097656
377 19.010093688964844
378 20.84949493408203
379 20.25910186767578
380 21.032302856445313
381 19.893402099609375
382 19.62529754638672
383 18.50060272216797
384 20.729598999023438
385 20.06639862060547
386 20.250701904296875
387 20.691299438476563
388 18.801803588867188
389 18.936203002929688
390 18.404197692871094
391 21.043800354003906
392 17.634597778320313
393 19.273902893066406
394 17.86530303955078
395 18.469703674316406
396 20.936599731445313
397 19.297691345214844
398 19.24559783935547
399 21.13249969482422
400 21.736900329589844
401 19.139404296875
402 20.587501525878906
403 20.606399536132813
404 17.633407592773438
405 18.436203002929688
406 19.83240509033203
407 18.251800537109375
408 18.85100555419922
409 19.799903869628906
410 20.770896911621094
411 20.547096252441406
412 18.69750213623047
413 20.63060760498047
414 20.45240020751953
415 18.369407653808594
416 18.3634033203125
417 19.329795837402344
418 18.354103088378906
419 19.792800903320313
420 20.47370147705078
421 18.637596130371094
422 20.638107299804688
423 20.696800231933594
424 21.485504150390625
425 20.114097595214844
426 17.57830047607422
427 18.882308959960938
428 19.94269561767578
429 21.738006591796875
430 22.374000549316406
431 19.577110290527344
432 21.826004028320313
433 20.840003967285156
434 19.432601928710938
435 19.439796447753906
436 22.08910369873047
437 19.884307861328125
438 17.3594970703125
439 18.579200744628906
440 21.838600158691406
441 19.486602783203125
442 17.988601684570313
443 19.047103881835938
444 17.903602600097656
445 17.743202209472656
446 19.363494873046875
447 18.586097717285156
448 19.778602600097656
449 19.660293579101563
450 19.873397827148438
451 19.800491333007813
452 21.92340850830078
453 21.03539276123047
454 21.64940643310547
455 18.50920867919922
456 19.559303283691406
457 20.90351104736328
458 19.365501403808594
459 18.745208740234375
460 17.714797973632813
461 17.249496459960938
462 18.289100646972656
463 17.454200744628906
464 16.29900360107422
465 17.693603515625
466 16.336105346679688
467 18.336097717285156
468 19.929595947265625
469 21.52239990234375
470 20.362091064453125
471 18.60089874267578
472 20.067092895507813
473 19.412506103515625
474 19.07050323486328
475 18.326698303222656
476 20.751998901367188
477 18.886398315429688
478 18.5155029296875
479 18.052001953125
480 17.759597778320313
481 18.057701110839844
482 17.90979766845703
483 17.529998779296875
484 20.036705017089844
485 20.622802734375
486 19.588897705078125
487 19.67980194091797
488 20.222503662109375
489 21.3092041015625
490 20.960205078125
491 20.3638916015625
492 21.180503845214844
493 20.322799682617188
494 17.29920196533203
495 18.57390594482422
496 18.425804138183594
497 17.886505126953125
498 19.228599548339844
499 19.144004821777344
500 19.048004150390625
