0 25.43560791015625
1 25.43560028076172
2 23.75470733642578
3 22.231101989746094
4 21.98279571533203
5 18.77021026611328
6 21.27851104736328
7 21.728591918945313
8 22.760604858398438
9 24.96320343017578
10 20.795303344726563
11 24.90130615234375
12 24.138992309570313
13 26.934005737304688
14 25.998199462890625
15 25.861801147460938
16 25.808204650878906
17 24.04370880126953
18 21.777801513671875
19 22.054702758789063
20 17.631195068359375
21 18.556900024414063
22 18.981903076171875
23 15.169296264648438
24 17.554100036621094
25 15.990203857421875
26 15.514602661132813
27 15.432609558105469
28 15.138999938964844
29 15.834205627441406
30 14.971000671386719
31 12.984298706054688
32 13.170707702636719
33 13.021095275878906
34 12.232200622558594
35 13.200607299804688
36 14.088905334472656
37 13.103004455566406
38 14.728492736816406
39 12.917098999023438
40 10.561500549316406
41 14.071701049804688
42 11.930099487304688
43 11.526901245117188
44 10.459602355957031
45 10.636802673339844
46 11.066001892089844
47 11.299201965332031
48 12.866798400878906
49 13.786903381347656
50 14.569198608398438
51 10.104698181152344
52 12.307899475097656
53 10.889404296875
54 14.345901489257813
55 15.253402709960938
56 16.090797424316406
57 15.783599853515625
58 13.941307067871094
59 13.09210205078125
60 10.057197570800781
61 13.338203430175781
62 13.172607421875
63 13.040000915527344
64 9.91259765625
65 12.18389892578125
66 13.958999633789063
67 13.5885009765625
68 14.630195617675781
69 13.089897155761719
70 12.5166015625
71 9.490798950195313
72 8.367195129394531
73 11.251602172851563
74 12.824798583984375
75 12.303794860839844
76 12.65350341796875
77 14.748397827148438
78 14.944999694824219
79 13.890602111816406
80 14.003097534179688
81 15.327201843261719
82 12.7655029296875
83 12.927902221679688
84 13.337799072265625
85 13.402198791503906
86 15.248603820800781
87 14.233894348144531
88 15.546607971191406
89 14.634895324707031
90 12.359596252441406
91 10.433097839355469
92 11.929595947265625
93 15.914993286132813
94 15.394500732421875
95 12.492202758789063
96 13.393203735351563
97 15.363197326660156
98 13.127601623535156
99 11.468803405761719
100 15.603904724121094
101 19.418601989746094
102 19.22270965576172
103 15.297492980957031
104 20.7777099609375
105 17.981101989746094
106 19.43010711669922
107 23.827194213867188
108 17.877304077148438
109 19.14959716796875
110 17.71759796142578
111 18.074493408203125
112 15.941505432128906
113 16.88849639892578
114 11.864601135253906
115 15.548202514648438
116 15.156700134277344
117 11.668601989746094
118 11.381095886230469
119 12.41510009765625
120 13.671798706054688
121 13.417205810546875
122 13.455902099609375
123 13.402198791503906
124 12.992706298828125
125 11.666900634765625
126 16.068801879882813
127 14.25799560546875
128 17.419204711914063
129 14.200103759765625
130 12.711898803710938
131 12.068901062011719
132 14.496498107910156
133 15.711997985839844
134 17.702499389648438
135 17.325904846191406
136 16.62909698486328
137 15.917396545410156
138 12.45050048828125
139 17.869293212890625
140 17.127395629882813
141 16.88080596923828
142 17.297096252441406
143 18.56690216064453
144 19.42279815673828
145 19.7633056640625
146 19.21649932861328
147 17.791404724121094
148 18.031600952148438
149 18.85710906982422
150 19.276596069335938
151 20.90129852294922
152 19.459007263183594
153 17.899307250976563
154 15.714599609375
155 19.1947021484375
156 16.72149658203125
157 16.033401489257813
158 16.776290893554688
159 20.880905151367188
160 21.965896606445313
161 19.3966064453125
162 20.504295349121094
163 25.014305114746094
164 24.065391540527344
165 24.45849609375
166 24.35810089111328
167 21.38079833984375
168 21.015098571777344
169 20.693099975585938
170 23.33080291748047
171 22.412803649902344
172 18.19329833984375
173 18.763595581054688
174 16.377700805664063
175 16.483299255371094
176 15.084304809570313
177 16.938201904296875
178 18.281105041503906
179 17.799102783203125
180 17.3966064453125
181 19.07939910888672
182 18.49919891357422
183 18.653701782226563
184 18.077194213867188
185 16.985801696777344
186 20.08930206298828
187 19.65869903564453
188 18.661903381347656
189 19.517807006835938
190 19.596405029296875
191 16.669898986816406
192 17.583404541015625
193 18.38849639892578
194 18.37030029296875
195 20.64659881591797
196 18.947105407714844
197 18.683204650878906
198 21.988197326660156
199 21.73999786376953
200 21.060394287109375
201 18.04529571533203
202 15.727996826171875
203 20.22710418701172
204 21.51470947265625
205 19.577598571777344
206 19.783103942871094
207 18.707305908203125
208 20.985702514648438
209 22.165298461914063
210 21.625099182128906
211 21.505104064941406
212 19.425094604492188
213 22.755996704101563
214 22.65740203857422
215 21.32579803466797
216 16.86260223388672
217 20.49700164794922
218 20.061004638671875
219 19.595603942871094
220 16.905502319335938
221 19.79340362548828
222 20.074302673339844
223 20.34589385986328
224 21.342506408691406
225 17.252601623535156
226 18.735504150390625
227 16.33080291748047
228 18.3031005859375
229 19.17200469970703
230 22.3406982421875
231 18.414901733398438
232 15.711105346679688
233 22.56219482421875
234 20.620704650878906
235 18.451995849609375
236 19.27800750732422
237 17.775604248046875
238 18.285598754882813
239 15.034797668457031
240 17.659996032714844
241 16.98590087890625
242 21.624000549316406
243 16.399803161621094
244 19.21900177001953
245 18.2366943359375
246 16.58100128173828
247 13.098503112792969
248 18.381996154785156
249 20.8048095703125
250 17.024703979492188
251 19.34130096435547
252 22.0426025390625
253 20.248497009277344
254 19.08770751953125
255 21.88249969482422
256 20.218399047851563
257 22.030906677246094
258 20.437103271484375
259 20.775100708007813
260 19.228195190429688
261 18.347305297851563
262 18.163597106933594
263 21.52850341796875
264 19.437698364257813
265 13.573104858398438
266 16.48479461669922
267 11.099197387695313
268 13.62139892578125
269 14.39739990234375
270 12.70269775390625
271 12.611793518066406
272 16.303298950195313
273 16.874099731445313
274 12.461601257324219
275 10.365997314453125
276 10.451103210449219
277 15.041900634765625
278 11.036102294921875
279 12.274002075195313
280 12.82080078125
281 12.578697204589844
282 12.860305786132813
283 12.762603759765625
284 11.423599243164063
285 10.533699035644531
286 9.554801940917969
287 9.915496826171875
288 9.878303527832031
289 13.363502502441406
290 14.054702758789063
291 11.819496154785156
292 10.757102966308594
293 10.107398986816406
294 10.298904418945313
295 9.580398559570313
296 14.567901611328125
297 12.731597900390625
298 12.562507629394531
299 12.18389892578125
300 11.244300842285156
301 13.575294494628906
302 12.395095825195313
303 14.393104553222656
304 15.626708984375
305 13.649703979492188
306 16.412307739257813
307 13.466705322265625
308 14.255409240722656
309 15.795394897460938
310 13.596000671386719
311 17.69000244140625
312 15.35760498046875
313 17.2388916015625
314 14.9696044921875
315 15.149200439453125
316 14.512702941894531
317 14.890098571777344
318 13.788497924804688
319 15.201004028320313
320 14.18060302734375
321 15.976898193359375
322 15.901496887207031
323 12.460098266601563
324 13.228103637695313
325 15.183204650878906
326 13.227195739746094
327 14.049301147460938
328 11.872398376464844
329 15.065101623535156
330 15.127105712890625
331 13.380195617675781
332 14.3175048828125
333 15.728103637695313
334 16.170791625976563
335 16.003700256347656
336 11.800300598144531
337 11.776298522949219
338 14.037994384765625
339 14.564796447753906
340 15.462905883789063
341 10.893295288085938
342 8.345695495605469
343 8.32879638671875
344 9.755805969238281
345 8.786003112792969
346 9.861495971679688
347 10.702796936035156
348 11.291603088378906
349 12.447196960449219
350 14.875801086425781
351 16.324996948242188
352 12.625503540039063
353 12.836402893066406
354 12.757194519042969
355 14.231101989746094
356 14.962196350097656
357 14.128501892089844
358 16.465606689453125
359 13.639793395996094
360 15.290199279785156
361 18.352203369140625
362 14.939903259277344
363 15.499099731445313
364 15.375801086425781
365 17.27989959716797
366 16.722702026367188
367 15.018096923828125
368 14.449295043945313
369 13.530296325683594
370 16.350006103515625
371 15.664199829101563
372 17.21300506591797
373 16.83460235595703
374 17.495101928710938
375 15.021797180175781
376 14.153602600097656
377 12.770095825195313
378 13.699508666992188
379 14.789108276367188
380 14.742301940917969
381 12.693397521972656
382 13.315299987792969
383 10.020599365234375
384 14.379600524902344
385 14.536392211914063
386 15.860702514648438
387 16.551307678222656
388 14.29180908203125
389 13.816200256347656
390 12.784202575683594
391 15.883804321289063
392 11.644599914550781
393 13.533897399902344
394 13.485298156738281
395 13.479698181152344
396 13.976600646972656
397 13.357696533203125
398 12.775596618652344
399 15.402503967285156
400 18.38690185546875
401 15.149406433105469
402 15.887504577636719
403 16.036399841308594
404 10.663398742675781
405 12.446205139160156
406 13.742401123046875
407 10.78179931640625
408 10.041007995605469
409 11.95989990234375
410 13.990898132324219
411 12.517105102539063
412 10.967498779296875
413 16.960609436035156
414 15.222396850585938
415 11.819404602050781
416 13.423393249511719
417 13.199798583984375
418 12.484107971191406
419 13.92279052734375
420 14.763702392578125
421 12.307594299316406
422 14.918098449707031
423 14.65679931640625
424 15.085502624511719
425 14.084098815917969
426 10.148307800292969
427 12.372299194335938
428 15.372695922851563
429 16.218002319335938
430 16.433998107910156
431 13.837104797363281
432 16.7760009765625
433 15.069992065429688
434 13.282600402832031
435 12.2998046875
436 16.359100341796875
437 13.964302062988281
438 10.29949951171875
439 11.73919677734375
440 15.75860595703125
441 12.716606140136719
442 11.62860107421875
443 12.857109069824219
444 11.253608703613281
445 11.313194274902344
446 13.723495483398438
447 13.286102294921875
448 14.618598937988281
449 13.810302734375
450 14.343399047851563
451 14.6304931640625
452 16.893402099609375
453 16.195396423339844
454 15.979400634765625
455 11.689201354980469
456 13.089302062988281
457 15.313507080078125
458 13.725502014160156
459 12.605201721191406
460 11.314796447753906
461 11.369499206542969
462 12.14910888671875
463 11.514205932617188
464 10.679000854492188
465 11.743598937988281
466 10.736099243164063
467 11.896102905273438
468 13.109596252441406
469 15.992401123046875
470 14.96209716796875
471 12.410896301269531
472 15.747100830078125
473 14.332504272460938
474 13.060493469238281
475 12.816703796386719
476 14.98199462890625
477 13.226394653320313
478 12.3955078125
479 11.321998596191406
480 12.099601745605469
481 12.407707214355469
482 12.649803161621094
483 11.739997863769531
484 13.846694946289063
485 15.372795104980469
486 14.488899230957031
487 13.989799499511719
488 15.4425048828125
489 16.10919952392578
490 15.490203857421875
491 14.853897094726563
492 15.860504150390625
493 14.482795715332031
494 11.469200134277344
495 12.033897399902344
496 12.185798645019531
497 11.486495971679688
498 12.958602905273438
499 13.644004821777344
500 13.748001098632813
