0 19.015609741210938
1 19.015602111816406
2 21.154701232910156
3 18.911102294921875
4 14.852790832519531
5 10.510200500488281
6 13.02850341796875
7 13.1885986328125
8 15.450599670410156
9 16.17321014404297
10 13.915298461914063
11 14.811302185058594
12 16.579002380371094
13 14.264007568359375
14 12.988197326660156
15 12.291801452636719
16 9.238204956054688
17 7.7436981201171875
18 7.337806701660156
19 8.554702758789063
20 6.951194763183594
21 7.75689697265625
22 6.861907958984375
23 4.9192962646484375
24 6.3141021728515625
25 5.810203552246094
26 4.7346038818359375
27 6.382606506347656
28 6.239006042480469
29 8.914199829101563
30 7.081001281738281
31 5.4842987060546875
32 6.280708312988281
33 6.041099548339844
34 5.592201232910156
35 4.890602111816406
36 5.6389007568359375
37 5.0030059814453125
38 5.8784942626953125
39 4.047096252441406
40 3.261505126953125
41 6.2317047119140625
42 4.150093078613281
43 3.3668975830078125
44 5.479606628417969
45 5.336799621582031
46 4.866004943847656
47 5.3491973876953125
48 5.086799621582031
49 5.786903381347656
50 4.939201354980469
51 2.5746994018554688
52 3.437896728515625
53 2.7194061279296875
54 5.515899658203125
55 5.92340087890625
56 5.2108001708984375
57 5.463600158691406
58 5.7113037109375
59 5.8621063232421875
60 4.7671966552734375
61 5.368202209472656
62 5.6826019287109375
63 6.560005187988281
64 5.602592468261719
65 7.113899230957031
66 6.168998718261719
67 7.428497314453125
68 4.670196533203125
69 4.669891357421875
70 6.196601867675781
71 5.63079833984375
72 2.9672012329101563
73 4.671600341796875
74 4.614799499511719
75 4.653800964355469
76 4.073509216308594
77 4.3583984375
78 4.935005187988281
79 3.7805938720703125
80 5.043098449707031
81 5.547203063964844
82 4.295501708984375
83 3.2079010009765625
84 4.6177978515625
85 4.842201232910156
86 5.0785980224609375
87 6.153900146484375
88 5.486602783203125
89 5.2949066162109375
90 5.049598693847656
91 4.483100891113281
92 2.839599609375
93 4.954994201660156
94 5.30450439453125
95 4.1522064208984375
96 3.5131988525390625
97 5.443199157714844
98 3.6375961303710938
99 5.0688018798828125
100 5.403900146484375
101 6.468597412109375
102 6.902702331542969
103 5.6674957275390625
104 7.7677001953125
105 5.81109619140625
106 7.220100402832031
107 10.767196655273438
108 8.687301635742188
109 8.329597473144531
110 5.34759521484375
111 8.214500427246094
112 7.511497497558594
113 7.7285003662109375
114 6.954597473144531
115 6.288200378417969
116 5.3867034912109375
117 4.148597717285156
118 3.5111007690429688
119 3.065093994140625
120 4.351799011230469
121 3.157196044921875
122 4.255897521972656
123 5.482200622558594
124 5.052703857421875
125 3.9469070434570313
126 7.438804626464844
127 5.627998352050781
128 6.4492034912109375
129 5.670097351074219
130 4.541900634765625
131 5.7989044189453125
132 6.606498718261719
133 5.9720001220703125
134 6.372505187988281
135 5.835899353027344
136 4.909095764160156
137 4.2073974609375
138 3.6405029296875
139 5.809295654296875
140 5.7073974609375
141 6.57080078125
142 5.2671051025390625
143 6.906898498535156
144 7.452796936035156
145 7.243309020996094
146 6.136497497558594
147 6.8614044189453125
148 5.151603698730469
149 5.937103271484375
150 6.2765960693359375
151 8.441307067871094
152 5.788993835449219
153 5.6092987060546875
154 3.6445999145507813
155 5.184700012207031
156 4.551506042480469
157 3.92340087890625
158 4.3462982177734375
159 4.840904235839844
160 6.5458984375
161 5.736602783203125
162 5.6443023681640625
163 6.9842987060546875
164 7.1553955078125
165 7.0084991455078125
166 7.8180999755859375
167 6.060798645019531
168 7.125099182128906
169 5.623100280761719
170 8.520797729492188
171 8.322799682617188
172 6.313301086425781
173 7.653602600097656
174 3.6277084350585938
175 4.063301086425781
176 3.2342987060546875
177 4.5281982421875
178 4.911102294921875
179 5.3291015625
180 2.8965988159179688
181 4.8993988037109375
182 4.589202880859375
183 4.413703918457031
184 3.3071975708007813
185 3.7957992553710938
186 5.3592987060546875
187 6.098701477050781
188 5.781898498535156
189 4.1078033447265625
190 4.0164031982421875
191 2.1498947143554688
192 3.5734024047851563
193 2.4484939575195313
194 3.7802963256835938
195 4.836601257324219
196 4.6371002197265625
197 4.97320556640625
198 5.368202209472656
199 6.4300079345703125
200 6.410400390625
201 5.0052947998046875
202 4.297996520996094
203 6.847099304199219
204 6.564704895019531
205 5.4575958251953125
206 4.7631072998046875
207 4.047294616699219
208 6.495697021484375
209 7.4152984619140625
210 7.6150970458984375
211 6.955101013183594
212 6.78509521484375
213 6.96600341796875
214 7.987403869628906
215 6.955802917480469
216 4.5525970458984375
217 6.857002258300781
218 7.2910003662109375
219 6.7256011962890625
220 5.095497131347656
221 5.023406982421875
222 5.874298095703125
223 6.3459014892578125
224 6.882499694824219
225 4.412605285644531
226 5.315498352050781
227 4.4008026123046875
228 5.753105163574219
229 6.372001647949219
230 8.390693664550781
231 4.934906005859375
232 4.3910980224609375
233 6.2122039794921875
234 5.8907012939453125
235 3.302001953125
236 6.187995910644531
237 4.30560302734375
238 5.205596923828125
239 3.73480224609375
240 6.029998779296875
241 5.1858978271484375
242 7.6439971923828125
243 6.3697967529296875
244 8.708992004394531
245 6.8567047119140625
246 5.590995788574219
247 5.1385040283203125
248 6.482002258300781
249 7.474800109863281
250 5.62469482421875
251 6.2613067626953125
252 8.592597961425781
253 6.0084991455078125
254 4.6576995849609375
255 6.882499694824219
256 6.6483917236328125
257 7.9709014892578125
258 5.377098083496094
259 6.425102233886719
260 4.948204040527344
261 5.8473052978515625
262 5.223594665527344
263 6.218498229980469
264 5.7577056884765625
265 3.963104248046875
266 4.0247955322265625
267 4.2292022705078125
268 3.0713958740234375
269 6.5373992919921875
270 4.7826995849609375
271 3.0817947387695313
272 4.853302001953125
273 6.324104309082031
274 4.071601867675781
275 3.83599853515625
276 3.7411041259765625
277 4.721900939941406
278 4.356101989746094
279 3.9240036010742188
280 3.4407958984375
281 4.268699645996094
282 5.150299072265625
283 3.6426010131835938
284 4.633598327636719
285 5.143699645996094
286 4.864799499511719
287 4.285499572753906
288 3.5183029174804688
289 5.243507385253906
290 5.1947021484375
291 3.7795028686523438
292 2.9570999145507813
293 3.617401123046875
294 1.8689041137695313
295 1.9904022216796875
296 3.3579025268554688
297 2.6516036987304688
298 2.9625015258789063
299 3.6438980102539063
300 2.564300537109375
301 4.535301208496094
302 4.1450958251953125
303 5.6631011962890625
304 6.11669921875
305 4.479698181152344
306 6.5623016357421875
307 4.9967041015625
308 5.955406188964844
309 6.135398864746094
310 4.2559967041015625
311 5.3300018310546875
312 7.4376068115234375
313 8.2489013671875
314 5.8296051025390625
315 6.5491943359375
316 6.4727020263671875
317 5.780097961425781
318 4.3184967041015625
319 5.031005859375
320 5.8506011962890625
321 7.0569000244140625
322 6.35150146484375
323 3.5300979614257813
324 3.5481033325195313
325 3.9731979370117188
326 2.7972030639648438
327 2.2293014526367188
328 3.6823959350585938
329 5.135101318359375
330 5.777099609375
331 4.14019775390625
332 5.9875030517578125
333 6.208099365234375
334 6.120796203613281
335 5.583702087402344
336 4.030303955078125
337 3.4463043212890625
338 5.737998962402344
339 5.61480712890625
340 5.5829010009765625
341 5.5233001708984375
342 4.345703125
343 2.6287918090820313
344 2.2957992553710938
345 3.33599853515625
346 2.7714996337890625
347 2.4927978515625
348 2.0416030883789063
349 2.6971969604492188
350 3.0258026123046875
351 2.6349945068359375
352 3.4254989624023438
353 3.2364044189453125
354 3.4171981811523438
355 5.851104736328125
356 5.5522003173828125
357 5.118499755859375
358 4.705604553222656
359 1.5497970581054688
360 6.0901947021484375
361 5.762199401855469
362 4.559898376464844
363 4.859100341796875
364 6.095802307128906
365 5.429901123046875
366 6.2826995849609375
367 5.968101501464844
368 3.5992965698242188
369 4.110298156738281
370 6.0500030517578125
371 7.30419921875
372 6.2429962158203125
373 5.624603271484375
374 5.195098876953125
375 5.131797790527344
376 4.283599853515625
377 4.120094299316406
378 6.329498291015625
379 5.599098205566406
380 5.202301025390625
381 5.913398742675781
382 4.24530029296875
383 4.3805999755859375
384 5.879600524902344
385 4.1063995361328125
386 3.500701904296875
387 2.6013031005859375
388 1.381805419921875
389 2.3061981201171875
390 3.2742080688476563
391 4.1638031005859375
392 2.374603271484375
393 3.4439010620117188
394 1.2352981567382813
395 1.9697036743164063
396 4.0166015625
397 1.5076980590820313
398 2.5355987548828125
399 2.9925079345703125
400 3.5969009399414063
401 2.5194015502929688
402 3.3174972534179688
403 3.2363967895507813
404 1.7634048461914063
405 2.766204833984375
406 3.1523971557617188
407 3.131805419921875
408 4.561004638671875
409 4.339897155761719
410 5.130897521972656
411 4.807098388671875
412 2.7275009155273438
413 4.140602111816406
414 4.372398376464844
415 2.3293991088867188
416 1.263397216796875
417 2.449798583984375
418 2.5241012573242188
419 3.0627975463867188
420 3.573699951171875
421 2.6075973510742188
422 4.708106994628906
423 4.3267974853515625
424 7.305503845214844
425 6.4040985107421875
426 4.728302001953125
427 4.832305908203125
428 3.7627029418945313
429 5.608001708984375
430 6.78399658203125
431 3.8571014404296875
432 5.265998840332031
433 5.5
434 4.422599792480469
435 4.3798065185546875
436 5.88909912109375
437 4.574302673339844
438 2.269500732421875
439 3.7491989135742188
440 5.8885955810546875
441 4.1566009521484375
442 2.9886016845703125
443 3.1171035766601563
444 4.25360107421875
445 3.6032028198242188
446 4.1934967041015625
447 3.1460952758789063
448 3.75860595703125
449 2.9202957153320313
450 3.1633987426757813
451 3.9904937744140625
452 3.9033966064453125
453 4.825401306152344
454 5.979400634765625
455 3.469207763671875
456 3.8693008422851563
457 4.6035003662109375
458 4.805503845214844
459 3.0152053833007813
460 2.134796142578125
461 1.54949951171875
462 3.5891036987304688
463 2.1142044067382813
464 0.44899749755859375
465 1.4036026000976563
466 0.0160980224609375
467 2.5460968017578125
468 5.139595031738281
469 6.172393798828125
470 4.192100524902344
471 3.2208938598632813
472 3.6270980834960938
473 2.662506103515625
474 3.7504959106445313
475 2.8566970825195313
476 4.98199462890625
477 3.9663925170898438
478 3.3755035400390625
479 2.3820037841796875
480 2.5195999145507813
481 2.08770751953125
482 1.5197982788085938
483 2.399993896484375
484 4.30670166015625
485 4.592796325683594
486 3.8189010620117188
487 4.069801330566406
488 5.25250244140625
489 6.269203186035156
490 5.1602020263671875
491 5.023902893066406
492 5.980499267578125
493 5.372802734375
494 1.8791961669921875
495 2.3138961791992188
496 3.8257980346679688
497 2.4264984130859375
498 4.37860107421875
499 3.2639999389648438
500 3.298004150390625
