0 13.035606384277344
1 13.035598754882813
2 12.914695739746094
3 11.391105651855469
4 11.352798461914063
5 8.3302001953125
6 8.928504943847656
7 9.448600769042969
8 10.460601806640625
9 13.22320556640625
10 9.735298156738281
11 12.741302490234375
12 12.018997192382813
13 12.444000244140625
14 14.048194885253906
15 13.91180419921875
16 13.888198852539063
17 11.423698425292969
18 11.117805480957031
19 10.38470458984375
20 5.651191711425781
21 6.8069000244140625
22 8.151901245117188
23 5.1092987060546875
24 7.084098815917969
25 5.930198669433594
26 3.9246063232421875
27 4.192604064941406
28 3.2990036010742188
29 5.6842041015625
30 3.4410018920898438
31 2.4442977905273438
32 2.190704345703125
33 1.411102294921875
34 0.8422012329101563
35 1.8106002807617188
36 2.3389053344726563
37 2.0830078125
38 2.0984954833984375
39 1.3470993041992188
40 -0.6984939575195313
41 2.5117034912109375
42 0.7300949096679688
43 0.5669021606445313
44 0.31960296630859375
45 0.996795654296875
46 -0.2339935302734375
47 1.3391952514648438
48 2.2368011474609375
49 2.2769012451171875
50 3.3191986083984375
51 0.50469970703125
52 1.0778961181640625
53 0.7694015502929688
54 3.2759017944335938
55 3.7234039306640625
56 4.6407928466796875
57 4.473602294921875
58 2.6413040161132813
59 4.562103271484375
60 1.877197265625
61 3.5082015991210938
62 3.012603759765625
63 2.3199996948242188
64 0.23259735107421875
65 3.343902587890625
66 2.40899658203125
67 3.4384994506835938
68 2.8201980590820313
69 2.6399002075195313
70 1.8666000366210938
71 -1.3591995239257813
72 -2.5528030395507813
73 0.0016021728515625
74 1.5347976684570313
75 1.7837982177734375
76 1.843505859375
77 3.578399658203125
78 5.475006103515625
79 2.6006011962890625
80 3.24310302734375
81 4.5471954345703125
82 2.8355026245117188
83 1.067901611328125
84 2.67779541015625
85 2.972198486328125
86 5.428596496582031
87 5.0438995361328125
88 5.4365997314453125
89 4.144905090332031
90 3.1595993041992188
91 1.3431015014648438
92 1.119598388671875
93 4.465003967285156
94 3.7145004272460938
95 1.9222030639648438
96 1.9232025146484375
97 3.7332000732421875
98 2.2175979614257813
99 1.4188003540039063
100 5.613899230957031
101 8.608596801757813
102 9.942703247070313
103 6.617500305175781
104 9.947700500488281
105 8.051094055175781
106 11.250099182128906
107 12.997200012207031
108 7.6873016357421875
109 10.419601440429688
110 8.807594299316406
111 7.5045013427734375
112 6.361503601074219
113 7.428497314453125
114 4.304603576660156
115 4.818199157714844
116 3.4766998291015625
117 3.1686019897460938
118 3.2011032104492188
119 4.16510009765625
120 6.03179931640625
121 7.0171966552734375
122 5.35589599609375
123 5.2422027587890625
124 4.1627044677734375
125 3.2869033813476563
126 7.418800354003906
127 5.01800537109375
128 7.269203186035156
129 5.3300933837890625
130 3.3418960571289063
131 5.468902587890625
132 6.126495361328125
133 6.022003173828125
134 5.092506408691406
135 5.085899353027344
136 5.579093933105469
137 5.617401123046875
138 2.2104949951171875
139 6.7592926025390625
140 7.2574005126953125
141 6.9008026123046875
142 6.807098388671875
143 7.146903991699219
144 6.2628021240234375
145 9.043304443359375
146 8.756500244140625
147 8.721397399902344
148 9.421600341796875
149 10.367103576660156
150 8.816596984863281
151 10.191299438476563
152 9.218994140625
153 7.179298400878906
154 5.564598083496094
155 9.864700317382813
156 5.841499328613281
157 6.163398742675781
158 6.206298828125
159 8.870903015136719
160 12.015899658203125
161 9.026603698730469
162 9.864303588867188
163 14.634300231933594
164 14.145401000976563
165 13.138496398925781
166 14.328109741210938
167 9.400802612304688
168 9.435096740722656
169 9.443099975585938
170 12.76080322265625
171 11.902793884277344
172 8.893295288085938
173 8.733596801757813
174 8.027702331542969
175 7.343299865722656
176 5.8343048095703125
177 8.658203125
178 6.591102600097656
179 8.499099731445313
180 7.986602783203125
181 8.359397888183594
182 8.009201049804688
183 9.173698425292969
184 7.94720458984375
185 5.825798034667969
186 7.789299011230469
187 12.148696899414063
188 10.411903381347656
189 13.017799377441406
190 13.486404418945313
191 7.3798980712890625
192 8.003402709960938
193 7.128501892089844
194 6.580299377441406
195 10.676597595214844
196 6.937103271484375
197 7.493202209472656
198 10.768203735351563
199 12.150001525878906
200 10.210395812988281
201 7.285301208496094
202 6.00799560546875
203 10.027099609375
204 11.084701538085938
205 9.757598876953125
206 8.863105773925781
207 8.677299499511719
208 10.925704956054688
209 11.225303649902344
210 10.315101623535156
211 8.835105895996094
212 7.2751007080078125
213 9.586006164550781
214 9.567405700683594
215 10.13580322265625
216 4.8025970458984375
217 9.437004089355469
218 6.941001892089844
219 7.085601806640625
220 5.225494384765625
221 8.243400573730469
222 8.934303283691406
223 7.905906677246094
224 8.572502136230469
225 5.1826019287109375
226 5.595497131347656
227 5.090797424316406
228 6.573097229003906
229 8.032005310058594
230 10.15069580078125
231 7.744903564453125
232 3.6610946655273438
233 12.592201232910156
234 8.390701293945313
235 6.4420013427734375
236 7.708000183105469
237 6.245597839355469
238 6.365592956542969
239 4.304801940917969
240 4.9499969482421875
241 5.1259002685546875
242 8.594001770019531
243 4.7498016357421875
244 7.5189971923828125
245 5.966697692871094
246 4.911003112792969
247 2.118499755859375
248 6.411994934082031
249 9.714805603027344
250 5.304695129394531
251 7.0413055419921875
252 9.892601013183594
253 9.868499755859375
254 7.177703857421875
255 9.302497863769531
256 8.648399353027344
257 10.260902404785156
258 8.297103881835938
259 9.365104675292969
260 7.08819580078125
261 6.42730712890625
262 6.68359375
263 10.268501281738281
264 6.797698974609375
265 2.0931015014648438
266 3.664794921875
267 -1.0508041381835938
268 -0.02860260009765625
269 1.3573989868164063
270 -0.04730224609375
271 -0.28820037841796875
272 2.4733047485351563
273 3.0741043090820313
274 0.02159881591796875
275 -1.3740081787109375
276 -2.108898162841797
277 2.351898193359375
278 0.23610687255859375
279 1.0040054321289063
280 1.2407989501953125
281 1.3286972045898438
282 1.530303955078125
283 0.7226028442382813
284 0.02359771728515625
285 0.5336990356445313
286 -2.3351974487304688
287 -2.0445022583007813
288 -1.6016998291015625
289 0.6435012817382813
290 1.4647064208984375
291 0.4994964599609375
292 -1.4928970336914063
293 -0.7825927734375
294 -1.0211029052734375
295 -1.7296066284179688
296 2.6078948974609375
297 0.5215988159179688
298 0.8625030517578125
299 -0.32610321044921875
300 -0.7357025146484375
301 0.9152984619140625
302 -0.6449050903320313
303 1.213104248046875
304 2.716705322265625
305 0.8997039794921875
306 3.6023025512695313
307 0.61669921875
308 1.5154037475585938
309 2.3554000854492188
310 1.115997314453125
311 4.370002746582031
312 2.387603759765625
313 4.4888916015625
314 1.6496047973632813
315 1.5391998291015625
316 1.2826995849609375
317 1.440093994140625
318 0.9085006713867188
319 2.5510025024414063
320 1.2206039428710938
321 3.0269012451171875
322 3.35150146484375
323 0.380096435546875
324 0.9381027221679688
325 3.1131973266601563
326 0.8071975708007813
327 1.6692962646484375
328 -0.9975967407226563
329 2.0450973510742188
330 2.2370986938476563
331 1.4001998901367188
332 1.5175018310546875
333 3.1380996704101563
334 3.530792236328125
335 3.4937057495117188
336 2.0802993774414063
337 0.366302490234375
338 2.5879974365234375
339 2.704803466796875
340 3.5829010009765625
341 0.5532989501953125
342 -1.184295654296875
343 -1.8112030029296875
344 -0.8241958618164063
345 -2.0139999389648438
346 -0.37850189208984375
347 -0.08719635009765625
348 0.861602783203125
349 -0.48279571533203125
350 1.5058059692382813
351 2.1049957275390625
352 -0.114501953125
353 0.00640106201171875
354 -0.2628021240234375
355 1.2111053466796875
356 1.3722000122070313
357 1.2884979248046875
358 2.8856048583984375
359 1.069793701171875
360 1.8201980590820313
361 3.7822036743164063
362 2.0298995971679688
363 2.2090988159179688
364 2.3158035278320313
365 4.3899078369140625
366 2.9027023315429688
367 1.3780975341796875
368 1.4793014526367188
369 0.2602996826171875
370 3.9600067138671875
371 2.454193115234375
372 3.5630035400390625
373 4.224601745605469
374 4.405097961425781
375 1.9217987060546875
376 1.7935943603515625
377 0.03009796142578125
378 1.17950439453125
379 1.8391036987304688
380 1.7223052978515625
381 0.5933990478515625
382 0.5853042602539063
383 -0.389404296875
384 1.089599609375
385 2.056396484375
386 2.3406982421875
387 3.1212997436523438
388 1.5618057250976563
389 1.5561981201171875
390 1.094207763671875
391 3.0637969970703125
392 -0.2353973388671875
393 1.6438980102539063
394 0.9152984619140625
395 0.8997039794921875
396 4.006599426269531
397 3.4576950073242188
398 3.9655990600585938
399 5.572502136230469
400 6.266899108886719
401 3.9694061279296875
402 4.527503967285156
403 2.4563980102539063
404 1.143402099609375
405 0.49620819091796875
406 3.4823989868164063
407 0.4217987060546875
408 0.35100555419921875
409 1.1399002075195313
410 3.0508956909179688
411 2.83709716796875
412 0.6774978637695313
413 3.5206069946289063
414 3.27239990234375
415 -0.13059234619140625
416 0.7733993530273438
417 0.09979248046875
418 0.1240997314453125
419 1.43280029296875
420 2.1436996459960938
421 -0.02239990234375
422 1.278106689453125
423 1.5968017578125
424 2.6355056762695313
425 1.6541061401367188
426 -1.5816993713378906
427 0.7523040771484375
428 2.3426971435546875
429 3.947998046875
430 3.4939956665039063
431 1.2871017456054688
432 2.9860000610351563
433 1.660003662109375
434 0.33260345458984375
435 0.6298065185546875
436 4.0791015625
437 2.3743057250976563
438 -1.3205032348632813
439 0.5691986083984375
440 3.4785995483398438
441 0.9066009521484375
442 0.098602294921875
443 1.3971023559570313
444 -0.056396484375
445 -0.2368011474609375
446 1.5334930419921875
447 1.1061019897460938
448 1.9486083984375
449 1.8602981567382813
450 1.9934005737304688
451 2.0904998779296875
452 4.223396301269531
453 4.385398864746094
454 3.3094024658203125
455 -0.04079437255859375
456 1.2993011474609375
457 3.3535003662109375
458 1.735504150390625
459 0.05519866943359375
460 -0.8152008056640625
461 -0.7705001831054688
462 0.179107666015625
463 0.1342010498046875
464 -0.71099853515625
465 -0.6763992309570313
466 -0.6438980102539063
467 -0.44390106201171875
468 1.5695953369140625
469 3.7623977661132813
470 2.8820953369140625
471 1.7309036254882813
472 3.497100830078125
473 2.6225051879882813
474 1.540496826171875
475 1.2567062377929688
476 2.8319931030273438
477 1.2264022827148438
478 0.355499267578125
479 0.03200531005859375
480 0.23960113525390625
481 0.647705078125
482 -0.02020263671875
483 -0.6500015258789063
484 1.5766983032226563
485 2.7827987670898438
486 2.778900146484375
487 2.0897979736328125
488 2.972503662109375
489 4.2292022705078125
490 3.77020263671875
491 2.3638992309570313
492 3.2805023193359375
493 2.522796630859375
494 -0.17079925537109375
495 0.93389892578125
496 1.5158004760742188
497 -0.05350494384765625
498 1.2985992431640625
499 1.8740005493164063
500 1.2379989624023438
