0 41.60560607910156
1 41.60559844970703
2 42.174705505371094
3 41.231109619140625
4 35.32279968261719
5 32.190208435058594
6 34.178504943847656
7 36.05860137939453
8 37.520599365234375
9 38.563201904296875
10 35.48530578613281
11 36.671302795410156
12 38.569000244140625
13 36.53400421142578
14 34.138206481933594
15 34.571800231933594
16 29.198204040527344
17 27.543701171875
18 28.577804565429688
19 30.094696044921875
20 29.891204833984375
21 27.536903381347656
22 24.981903076171875
23 26.119293212890625
24 27.00409698486328
25 25.920204162597656
26 25.614608764648438
27 27.492599487304688
28 27.959007263183594
29 29.964210510253906
30 28.621002197265625
31 25.0343017578125
32 26.640708923339844
33 26.81110382080078
34 26.6322021484375
35 27.080604553222656
36 27.728912353515625
37 26.27301025390625
38 26.858497619628906
39 25.747093200683594
40 25.031509399414063
41 27.8717041015625
42 24.500091552734375
43 23.616897583007813
44 24.02959442138672
45 23.676795959472656
46 25.5260009765625
47 26.0491943359375
48 25.956802368164063
49 27.88690185546875
50 25.66919708251953
51 23.534706115722656
52 24.487899780273438
53 23.0093994140625
54 25.405899047851563
55 26.653404235839844
56 26.460800170898438
57 25.773605346679688
58 26.171302795410156
59 24.46210479736328
60 23.37720489501953
61 25.03820037841797
62 25.30260467529297
63 28.00000762939453
64 25.312599182128906
65 25.403900146484375
66 25.35900115966797
67 28.52849578857422
68 26.100204467773438
69 25.169898986816406
70 27.226600646972656
71 26.38080596923828
72 24.19719696044922
73 25.801597595214844
74 25.22480010986328
75 25.393798828125
76 24.093505859375
77 24.198394775390625
78 23.74500274658203
79 24.73059844970703
80 25.41309356689453
81 25.24720001220703
82 24.70549774169922
83 25.317901611328125
84 26.017791748046875
85 26.08220672607422
86 26.138595581054688
87 25.38390350341797
88 25.866600036621094
89 27.364906311035156
90 25.65959930419922
91 25.24310302734375
92 23.689598083496094
93 26.204994201660156
94 26.56450653076172
95 24.57220458984375
96 24.90320587158203
97 26.96320343017578
98 24.517593383789063
99 24.848800659179688
100 24.413902282714844
101 25.29859161376953
102 26.21269989013672
103 25.417495727539063
104 28.127700805664063
105 27.221092224121094
106 27.590103149414063
107 31.487205505371094
108 30.007301330566406
109 29.089599609375
110 25.527603149414063
111 29.55450439453125
112 28.381500244140625
113 27.038497924804688
114 26.364608764648438
115 26.53820037841797
116 25.946701049804688
117 23.778602600097656
118 22.32109832763672
119 21.29509735107422
120 21.79180145263672
121 21.76720428466797
122 22.965896606445313
123 24.972206115722656
124 24.70269775390625
125 24.216903686523438
126 25.758804321289063
127 23.88800048828125
128 26.909194946289063
129 25.11009979248047
130 23.961898803710938
131 24.838905334472656
132 26.256492614746094
133 26.561996459960938
134 28.482498168945313
135 27.78589630126953
136 26.909103393554688
137 25.447402954101563
138 25.3905029296875
139 28.439300537109375
140 27.52739715576172
141 28.410804748535156
142 26.59709930419922
143 29.39690399169922
144 29.352798461914063
145 29.50330352783203
146 26.946495056152344
147 27.99140167236328
148 25.491600036621094
149 26.14710235595703
150 27.096603393554688
151 30.251304626464844
152 26.85900115966797
153 26.509307861328125
154 22.864601135253906
155 25.37470245361328
156 25.141502380371094
157 24.643402099609375
158 25.306297302246094
159 25.36090087890625
160 27.005897521972656
161 27.126602172851563
162 25.664306640625
163 22.34429931640625
164 26.98540496826172
165 26.078506469726563
166 28.388099670410156
167 25.480804443359375
168 27.875099182128906
169 25.203102111816406
170 28.970802307128906
171 27.672805786132813
172 26.293304443359375
173 28.913597106933594
174 22.07770538330078
175 24.363304138183594
176 23.914306640625
177 23.83819580078125
178 25.861106872558594
179 25.64910125732422
180 22.906600952148438
181 24.709396362304688
182 25.469207763671875
183 25.043701171875
184 21.787200927734375
185 24.175796508789063
186 26.019302368164063
187 25.268699645996094
188 25.26190185546875
189 23.997802734375
190 23.146400451660156
191 22.059898376464844
192 24.663406372070313
193 21.858497619628906
194 23.970291137695313
195 24.94660186767578
196 26.007095336914063
197 24.48320770263672
198 22.388206481933594
199 26.45000457763672
200 25.910400390625
201 26.515296936035156
202 26.447998046875
203 28.737098693847656
204 28.714698791503906
205 26.137603759765625
206 23.913108825683594
207 24.517295837402344
208 27.41570281982422
209 28.79529571533203
210 29.185096740722656
211 27.755104064941406
212 28.565101623535156
213 27.796005249023438
214 28.83740234375
215 27.51580047607422
216 26.022598266601563
217 28.10699462890625
218 29.051010131835938
219 28.775596618652344
220 27.655494689941406
221 27.143402099609375
222 27.42430877685547
223 27.93590545654297
224 29.022499084472656
225 25.422607421875
226 27.785499572753906
227 27.290794372558594
228 28.31310272216797
229 28.792007446289063
230 31.040695190429688
231 26.874908447265625
232 26.38109588623047
233 26.162200927734375
234 27.53070068359375
235 24.192001342773438
236 28.168006896972656
237 26.31560516357422
238 27.445594787597656
239 26.084808349609375
240 28.20000457763672
241 28.005905151367188
242 30.33399200439453
243 29.779800415039063
244 31.929000854492188
245 29.946701049804688
246 27.96099853515625
247 26.78850555419922
248 28.501998901367188
249 29.184799194335938
250 28.044708251953125
251 28.051307678222656
252 30.702606201171875
253 27.938499450683594
254 25.737701416015625
255 27.972503662109375
256 28.828399658203125
257 29.650909423828125
258 25.727096557617188
259 27.935104370117188
260 26.938194274902344
261 28.767303466796875
262 27.523597717285156
263 27.758506774902344
264 27.527694702148438
265 25.903106689453125
266 27.194793701171875
267 25.959205627441406
268 26.36139678955078
269 28.747398376464844
270 26.882705688476563
271 25.111793518066406
272 26.993301391601563
273 28.804107666015625
274 26.08159637451172
275 26.046005249023438
276 25.62110137939453
277 27.181900024414063
278 26.62610626220703
279 27.004005432128906
280 25.910797119140625
281 27.208702087402344
282 27.89031219482422
283 26.78260040283203
284 26.803604125976563
285 27.80370330810547
286 26.93480682373047
287 26.175498962402344
288 26.00830841064453
289 27.9635009765625
290 28.06470489501953
291 26.769500732421875
292 25.317100524902344
293 25.627403259277344
294 23.18890380859375
295 22.54039764404297
296 24.77790069580078
297 24.591598510742188
298 25.14250946044922
299 26.213905334472656
300 24.84429931640625
301 27.42530059814453
302 26.90509796142578
303 28.43309783935547
304 28.05670166015625
305 27.049705505371094
306 28.622299194335938
307 27.166702270507813
308 28.675399780273438
309 29.245391845703125
310 26.256004333496094
311 27.670005798339844
312 29.997604370117188
313 30.948898315429688
314 28.579605102539063
315 28.74919891357422
316 29.292709350585938
317 28.250099182128906
318 26.978500366210938
319 26.79100799560547
320 28.55060577392578
321 28.866897583007813
322 27.931503295898438
323 25.16009521484375
324 25.6781005859375
325 25.123199462890625
326 24.74720001220703
327 23.71929931640625
328 25.78240203857422
329 26.625099182128906
330 27.387100219726563
331 25.5802001953125
332 28.25749969482422
333 29.018096923828125
334 28.040802001953125
335 27.17369842529297
336 25.810302734375
337 25.166297912597656
338 27.407997131347656
339 27.264808654785156
340 27.402908325195313
341 27.153305053710938
342 25.425704956054688
343 24.19879913330078
344 25.175804138183594
345 25.986000061035156
346 24.96149444580078
347 25.292808532714844
348 24.3916015625
349 25.93720245361328
350 25.165802001953125
351 25.095001220703125
352 26.065505981445313
353 25.1864013671875
354 26.43719482421875
355 28.331100463867188
356 28.362197875976563
357 26.65850067138672
358 27.18560791015625
359 23.79979705810547
360 29.170204162597656
361 28.01219940185547
362 27.64990234375
363 27.369102478027344
364 28.415802001953125
365 27.179908752441406
366 29.0126953125
367 28.73809814453125
368 25.929306030273438
369 26.200302124023438
370 28.6300048828125
371 29.564193725585938
372 28.853004455566406
373 28.304603576660156
374 27.65509796142578
375 27.311798095703125
376 27.01360321044922
377 24.810096740722656
378 28.209495544433594
379 28.46910858154297
380 27.852294921875
381 28.453399658203125
382 26.715309143066406
383 25.200599670410156
384 27.689605712890625
385 26.50640106201172
386 24.39069366455078
387 24.861297607421875
388 23.521804809570313
389 23.776199340820313
390 23.774208068847656
391 25.90380096435547
392 22.71460723876953
393 24.093894958496094
394 22.645294189453125
395 23.479698181152344
396 25.7666015625
397 23.307693481445313
398 23.225601196289063
399 24.552505493164063
400 24.12689971923828
401 22.939407348632813
402 25.547508239746094
403 25.30640411376953
404 22.60340118408203
405 24.886207580566406
406 25.482398986816406
407 25.091796875
408 25.991004943847656
409 26.83989715576172
410 27.6708984375
411 27.617103576660156
412 25.31749725341797
413 26.80059814453125
414 27.372398376464844
415 24.909408569335938
416 23.573402404785156
417 24.569793701171875
418 24.0740966796875
419 25.412796020507813
420 26.61370086669922
421 25.067604064941406
422 27.388107299804688
423 26.83679962158203
424 30.245498657226563
425 28.94409942626953
426 26.678306579589844
427 27.712303161621094
428 25.982696533203125
429 28.06800079345703
430 29.86400604248047
431 25.997100830078125
432 27.40599822998047
433 28.37999725341797
434 27.512603759765625
435 26.61980438232422
436 27.929100036621094
437 26.364303588867188
438 24.969505310058594
439 26.459197998046875
440 27.658599853515625
441 26.83660888671875
442 23.528602600097656
443 24.58710479736328
444 24.913604736328125
445 25.073204040527344
446 25.973495483398438
447 25.3760986328125
448 26.238601684570313
449 24.18030548095703
450 25.383399963378906
451 26.83049774169922
452 25.66339874267578
453 27.33539581298828
454 28.26940155029297
455 25.009201049804688
456 25.949302673339844
457 26.04351043701172
458 25.795501708984375
459 25.53520965576172
460 25.0347900390625
461 24.009506225585938
462 26.189102172851563
463 23.284202575683594
464 22.149002075195313
465 23.273597717285156
466 21.896102905273438
467 24.3760986328125
468 26.89960479736328
469 28.722396850585938
470 26.572097778320313
471 25.04090118408203
472 25.40709686279297
473 24.522506713867188
474 25.8905029296875
475 24.606704711914063
476 27.771995544433594
477 26.056396484375
478 25.45550537109375
479 24.352005004882813
480 24.65959930419922
481 25.227699279785156
482 23.21979522705078
483 24.55999755859375
484 27.61670684814453
485 26.512802124023438
486 26.538894653320313
487 26.96979522705078
488 27.662506103515625
489 28.899200439453125
490 28.120201110839844
491 27.323890686035156
492 28.44049835205078
493 28.382797241210938
494 24.519203186035156
495 23.533897399902344
496 25.575790405273438
497 22.72649383544922
498 25.478599548339844
499 25.744003295898438
500 26.728012084960938
