0 21.06560516357422
1 21.065597534179688
2 21.39470672607422
3 24.76110076904297
4 26.442794799804688
5 20.440208435058594
6 22.90850830078125
7 16.928604125976563
8 25.530609130859375
9 22.613204956054688
10 21.945297241210938
11 20.83130645751953
12 18.329002380371094
13 17.643997192382813
14 22.32819366455078
15 16.66179656982422
16 15.498199462890625
17 12.253700256347656
18 13.607810974121094
19 15.794692993164063
20 15.831199645996094
21 18.356903076171875
22 19.911911010742188
23 16.739303588867188
24 18.314102172851563
25 17.980201721191406
26 15.574600219726563
27 16.03260040283203
28 15.929008483886719
29 20.834205627441406
30 16.921005249023438
31 19.334304809570313
32 18.050704956054688
33 17.551101684570313
34 17.50220489501953
35 14.530601501464844
36 16.2489013671875
37 16.053001403808594
38 17.01849365234375
39 13.907096862792969
40 14.241500854492188
41 17.901710510253906
42 15.870094299316406
43 17.12689971923828
44 21.64959716796875
45 21.016799926757813
46 17.366004943847656
47 16.909194946289063
48 17.116806030273438
49 14.816902160644531
50 16.87920379638672
51 16.57469940185547
52 15.567901611328125
53 15.719406127929688
54 17.525909423828125
55 16.54340362548828
56 15.110794067382813
57 17.903602600097656
58 19.361305236816406
59 19.252105712890625
60 19.297203063964844
61 21.10820770263672
62 19.072601318359375
63 17.650001525878906
64 19.842605590820313
65 22.213897705078125
66 18.968994140625
67 19.64849853515625
68 16.740203857421875
69 17.81989288330078
70 18.906593322753906
71 17.030799865722656
72 16.607200622558594
73 17.851593017578125
74 18.904800415039063
75 17.553802490234375
76 16.53350830078125
77 17.618392944335938
78 17.915000915527344
79 16.30059814453125
80 17.17310333251953
81 18.06720733642578
82 17.52550506591797
83 13.457901000976563
84 15.987800598144531
85 15.922210693359375
86 18.098602294921875
87 20.163902282714844
88 17.70660400390625
89 15.864898681640625
90 15.849601745605469
91 13.923103332519531
92 13.629600524902344
93 14.885002136230469
94 13.084503173828125
95 15.022201538085938
96 13.063201904296875
97 13.34320068359375
98 15.967597961425781
99 17.198806762695313
100 19.263900756835938
101 18.328598022460938
102 18.38269805908203
103 17.56749725341797
104 18.697708129882813
105 15.841102600097656
106 17.03009796142578
107 19.987197875976563
108 19.28730010986328
109 19.259597778320313
110 16.627593994140625
111 18.834503173828125
112 18.16150665283203
113 18.658493041992188
114 19.624595642089844
115 18.008201599121094
116 16.446701049804688
117 16.92859649658203
118 17.411102294921875
119 17.67510223388672
120 19.41179656982422
121 17.63720703125
122 19.185897827148438
123 19.982200622558594
124 18.562705993652344
125 18.00689697265625
126 21.598800659179688
127 19.908004760742188
128 20.87920379638672
129 19.05010223388672
130 18.221900939941406
131 20.87890625
132 19.376495361328125
133 17.022003173828125
134 16.05249786376953
135 14.495903015136719
136 15.929100036621094
137 14.667396545410156
138 14.500495910644531
139 14.4093017578125
140 16.59740447998047
141 16.220802307128906
142 15.087104797363281
143 16.606895446777344
144 15.942802429199219
145 14.533302307128906
146 15.106498718261719
147 17.231407165527344
148 14.821601867675781
149 16.517105102539063
150 14.746597290039063
151 15.331298828125
152 15.488998413085938
153 15.489303588867188
154 14.204597473144531
155 15.664695739746094
156 15.931503295898438
157 14.713409423828125
158 12.896293640136719
159 12.120903015136719
160 13.625900268554688
161 10.736602783203125
162 12.824302673339844
163 10.854301452636719
164 11.175399780273438
165 9.868499755859375
166 13.428108215332031
167 13.430801391601563
168 15.325103759765625
169 13.853103637695313
170 15.770805358886719
171 16.962806701660156
172 17.57329559326172
173 17.653594970703125
174 15.357704162597656
175 16.12329864501953
176 15.234306335449219
177 16.58820343017578
178 14.611099243164063
179 14.759101867675781
180 12.666603088378906
181 13.899406433105469
182 15.799209594726563
183 15.393699645996094
184 15.237197875976563
185 14.915802001953125
186 16.569297790527344
187 17.568695068359375
188 16.82190704345703
189 11.817794799804688
190 13.706398010253906
191 13.159889221191406
192 12.343406677246094
193 10.45849609375
194 11.670303344726563
195 12.5166015625
196 13.077095031738281
197 13.143196105957031
198 11.71820068359375
199 12.870002746582031
200 14.620399475097656
201 14.545303344726563
202 14.627998352050781
203 13.247100830078125
204 14.224708557128906
205 13.237594604492188
206 13.583106994628906
207 10.777297973632813
208 10.77569580078125
209 12.915298461914063
210 11.5950927734375
211 11.335105895996094
212 12.095100402832031
213 11.305999755859375
214 13.767402648925781
215 13.655799865722656
216 11.282600402832031
217 12.016998291015625
218 12.59100341796875
219 9.1156005859375
220 9.175498962402344
221 9.973403930664063
222 11.684303283691406
223 9.335899353027344
224 10.092498779296875
225 9.272605895996094
226 8.875503540039063
227 9.310798645019531
228 8.99310302734375
229 9.012008666992188
230 9.870697021484375
231 9.784904479980469
232 10.891098022460938
233 9.112197875976563
234 11.78070068359375
235 7.7819976806640625
236 10.977996826171875
237 8.315597534179688
238 10.605598449707031
239 12.1748046875
240 12.539993286132813
241 12.23590087890625
242 10.773994445800781
243 11.23980712890625
244 12.988998413085938
245 12.476699829101563
246 12.320999145507813
247 13.288505554199219
248 12.342002868652344
249 10.514801025390625
250 8.374702453613281
251 10.2113037109375
252 11.562599182128906
253 9.628501892089844
254 8.987701416015625
255 9.492500305175781
256 8.488395690917969
257 9.61090087890625
258 9.267097473144531
259 11.745101928710938
260 10.698196411132813
261 11.197303771972656
262 9.793601989746094
263 9.978500366210938
264 10.477699279785156
265 10.963104248046875
266 11.434799194335938
267 12.949203491210938
268 10.011398315429688
269 13.447395324707031
270 13.102699279785156
271 13.021797180175781
272 12.413299560546875
273 13.624099731445313
274 11.821601867675781
275 9.795997619628906
276 11.831100463867188
277 12.491905212402344
278 12.506103515625
279 10.083999633789063
280 10.680801391601563
281 10.668693542480469
282 10.75030517578125
283 12.132606506347656
284 12.823593139648438
285 12.643699645996094
286 11.614799499511719
287 9.845497131347656
288 11.218299865722656
289 13.333503723144531
290 13.024703979492188
291 12.269500732421875
292 11.027099609375
293 13.187408447265625
294 11.898895263671875
295 11.880393981933594
296 12.077896118164063
297 11.7716064453125
298 11.592506408691406
299 9.233894348144531
300 8.384300231933594
301 10.095298767089844
302 9.545097351074219
303 11.223106384277344
304 11.356704711914063
305 11.459701538085938
306 13.992301940917969
307 9.546707153320313
308 12.275398254394531
309 11.625396728515625
310 11.785995483398438
311 10.930000305175781
312 13.307609558105469
313 12.748893737792969
314 11.859603881835938
315 12.499198913574219
316 10.292701721191406
317 8.950096130371094
318 9.20849609375
319 12.311004638671875
320 12.970603942871094
321 11.086898803710938
322 12.741500854492188
323 12.520095825195313
324 12.188095092773438
325 12.693199157714844
326 11.7572021484375
327 12.569297790527344
328 13.812400817871094
329 14.955101013183594
330 14.577102661132813
331 14.430198669433594
332 14.8074951171875
333 15.008094787597656
334 16.460800170898438
335 15.843704223632813
336 14.610305786132813
337 12.39630126953125
338 14.8280029296875
339 15.194808959960938
340 15.492897033691406
341 16.2532958984375
342 16.425697326660156
343 12.848800659179688
344 11.215797424316406
345 12.265998840332031
346 12.741493225097656
347 11.202804565429688
348 10.711601257324219
349 10.167198181152344
350 10.815803527832031
351 9.454994201660156
352 9.82550048828125
353 10.656402587890625
354 12.557197570800781
355 13.211105346679688
356 13.072196960449219
357 13.538497924804688
358 11.575607299804688
359 11.629798889160156
360 12.410202026367188
361 10.292205810546875
362 13.249900817871094
363 11.559097290039063
364 12.5758056640625
365 13.179901123046875
366 12.162704467773438
367 9.698097229003906
368 12.069297790527344
369 13.470291137695313
370 12.160003662109375
371 12.504196166992188
372 11.682998657226563
373 14.004600524902344
374 11.115097045898438
375 11.611801147460938
376 11.713600158691406
377 14.780097961425781
378 16.269500732421875
379 11.559104919433594
380 14.732307434082031
381 14.073402404785156
382 12.965301513671875
383 17.100601196289063
384 15.359603881835938
385 12.506393432617188
386 12.820701599121094
387 10.641304016113281
388 13.751800537109375
389 14.866195678710938
390 16.49420166015625
391 13.043807983398438
392 14.834602355957031
393 15.553901672363281
394 13.485298156738281
395 13.679702758789063
396 15.686607360839844
397 11.307693481445313
398 14.725593566894531
399 13.142501831054688
400 14.396903991699219
401 12.94940185546875
402 11.947502136230469
403 10.926399230957031
404 13.683403015136719
405 13.036201477050781
406 12.762405395507813
407 10.381797790527344
408 14.551002502441406
409 13.239906311035156
410 13.060897827148438
411 15.297103881835938
412 12.977500915527344
413 11.020606994628906
414 10.462394714355469
415 11.489402770996094
416 8.123397827148438
417 12.039794921875
418 11.964103698730469
419 13.602798461914063
420 13.773696899414063
421 13.217597961425781
422 11.738105773925781
423 11.8468017578125
424 15.965507507324219
425 13.534095764160156
426 12.378303527832031
427 11.412307739257813
428 12.442703247070313
429 12.958000183105469
430 12.163993835449219
431 11.797103881835938
432 13.465995788574219
433 12.069999694824219
434 12.312599182128906
435 13.789802551269531
436 15.859100341796875
437 15.664306640625
438 12.849502563476563
439 14.359199523925781
440 15.488601684570313
441 13.096603393554688
442 14.478607177734375
443 12.707099914550781
444 15.733604431152344
445 15.083198547363281
446 13.883499145507813
447 11.826103210449219
448 13.918601989746094
449 13.230300903320313
450 12.833404541015625
451 10.920494079589844
452 13.6134033203125
453 15.105400085449219
454 13.7593994140625
455 13.069206237792969
456 15.289306640625
457 14.333503723144531
458 13.765495300292969
459 12.7052001953125
460 9.5447998046875
461 10.949501037597656
462 13.259109497070313
463 14.064201354980469
464 11.208999633789063
465 10.893600463867188
466 11.786102294921875
467 14.306098937988281
468 15.949600219726563
469 14.972396850585938
470 13.732101440429688
471 14.530899047851563
472 13.46710205078125
473 12.352500915527344
474 12.050498962402344
475 11.966705322265625
476 11.461997985839844
477 8.756393432617188
478 11.035499572753906
479 12.36199951171875
480 12.019599914550781
481 11.467704772949219
482 11.239799499511719
483 11.409996032714844
484 13.016700744628906
485 13.192802429199219
486 11.178901672363281
487 9.899803161621094
488 9.572502136230469
489 13.74920654296875
490 13.500198364257813
491 13.873893737792969
492 13.740493774414063
493 13.342796325683594
494 14.079200744628906
495 13.653900146484375
496 16.07579803466797
497 15.09649658203125
498 13.978599548339844
499 13.213996887207031
500 12.288002014160156
