0 37.895599365234375
1 37.895606994628906
2 37.00470733642578
3 36.39110565185547
4 31.322792053222656
5 28.91020965576172
6 29.97850799560547
7 32.12859344482422
8 32.910606384277344
9 34.84320068359375
10 31.665298461914063
11 33.79130554199219
12 35.22899627685547
13 33.85400390625
14 31.72820281982422
15 31.54180145263672
16 28.238204956054688
17 26.213706970214844
18 26.74781036376953
19 27.844703674316406
20 26.151199340820313
21 24.926895141601563
22 22.27191162109375
23 23.34930419921875
24 24.054092407226563
25 22.97020721435547
26 22.324600219726563
27 24.252601623535156
28 24.02899932861328
29 25.814208984375
30 24.35100555419922
31 21.524307250976563
32 22.020706176757813
33 21.961097717285156
34 22.422203063964844
35 22.69060516357422
36 23.62889862060547
37 22.473007202148438
38 23.538497924804688
39 22.387100219726563
40 20.491500854492188
41 23.8717041015625
42 21.020095825195313
43 19.776901245117188
44 19.509605407714844
45 19.83679962158203
46 20.945999145507813
47 21.629196166992188
48 22.116806030273438
49 23.916900634765625
50 22.37920379638672
51 19.414695739746094
52 20.72789764404297
53 19.2694091796875
54 22.465904235839844
55 23.573402404785156
56 23.57080078125
57 22.743606567382813
58 22.681304931640625
59 20.942100524902344
60 19.42719268798828
61 21.178199768066406
62 21.622604370117188
63 23.710006713867188
64 20.962600708007813
65 21.763893127441406
66 21.71900177001953
67 24.15850067138672
68 22.51020050048828
69 21.159896850585938
70 22.626602172851563
71 21.160797119140625
72 19.287193298339844
73 20.791603088378906
74 21.47480010986328
75 21.043800354003906
76 20.373504638671875
77 21.188400268554688
78 20.605003356933594
79 21.000595092773438
80 21.56310272216797
81 21.677200317382813
82 21.405494689941406
83 21.067901611328125
84 22.037796020507813
85 22.3822021484375
86 22.278602600097656
87 21.3739013671875
88 21.88660430908203
89 23.124900817871094
90 21.629600524902344
91 21.093101501464844
92 19.96959686279297
93 22.69499969482422
94 23.24449920654297
95 20.51219940185547
96 21.453201293945313
97 23.423202514648438
98 20.767593383789063
99 20.8988037109375
100 21.523910522460938
101 22.738601684570313
102 23.932701110839844
103 22.327499389648438
104 25.437705993652344
105 23.76110076904297
106 25.440101623535156
107 28.957199096679688
108 26.457298278808594
109 26.02960205078125
110 23.247589111328125
111 25.514503479003906
112 24.751502990722656
113 23.868507385253906
114 22.364601135253906
115 22.89820098876953
116 22.396705627441406
117 20.278602600097656
118 19.12110137939453
119 17.885101318359375
120 19.361801147460938
121 18.977203369140625
122 19.65589141845703
123 20.81220245361328
124 21.232696533203125
125 19.806900024414063
126 22.318801879882813
127 20.58800506591797
128 23.659202575683594
129 21.330093383789063
130 20.211898803710938
131 20.198898315429688
132 22.746498107910156
133 23.001998901367188
134 24.832504272460938
135 24.48590087890625
136 23.229103088378906
137 22.467391967773438
138 21.000503540039063
139 24.89929962158203
140 24.187400817871094
141 25.040802001953125
142 23.757095336914063
143 26.20690155029297
144 26.092796325683594
145 26.5133056640625
146 24.316505432128906
147 24.31140899658203
148 22.871604919433594
149 23.96710205078125
150 24.426597595214844
151 27.321304321289063
152 24.308998107910156
153 23.259292602539063
154 20.78459930419922
155 23.314697265625
156 22.201499938964844
157 22.003402709960938
158 22.246299743652344
159 23.470901489257813
160 24.98590087890625
161 24.32659912109375
162 23.294296264648438
163 22.574302673339844
164 25.40540313720703
165 25.248504638671875
166 26.778106689453125
167 23.850799560546875
168 25.555099487304688
169 23.783096313476563
170 26.990798950195313
171 25.952796936035156
172 23.70330047607422
173 25.37360382080078
174 20.177703857421875
175 21.62329864501953
176 20.764297485351563
177 21.46820068359375
178 23.211105346679688
179 23.13910675048828
180 20.7666015625
181 22.979408264160156
182 23.18920135498047
183 22.203704833984375
184 19.427200317382813
185 21.235801696777344
186 23.619300842285156
187 22.818702697753906
188 23.171905517578125
189 22.31780242919922
190 21.646408081054688
191 20.039901733398438
192 22.513404846191406
193 20.57849884033203
194 22.12030029296875
195 23.306602478027344
196 23.277099609375
197 22.523208618164063
198 22.03820037841797
199 24.470008850097656
200 24.260391235351563
201 23.415306091308594
202 23.298004150390625
203 26.077102661132813
204 25.804702758789063
205 23.937599182128906
206 22.723098754882813
207 22.497299194335938
208 25.075698852539063
209 26.685302734375
210 26.815101623535156
211 26.255104064941406
212 25.895095825195313
213 26.116004943847656
214 27.127410888671875
215 25.715797424316406
216 22.992599487304688
217 25.49700164794922
218 26.701004028320313
219 25.66559600830078
220 23.645492553710938
221 24.073402404785156
222 25.174301147460938
223 25.775901794433594
224 26.38249969482422
225 23.11260986328125
226 24.555503845214844
227 23.720802307128906
228 25.283096313476563
229 25.61199951171875
230 27.200698852539063
231 23.614906311035156
232 22.95110321044922
233 24.752197265625
234 24.880699157714844
235 22.332000732421875
236 25.01799774169922
237 24.29559326171875
238 24.80559539794922
239 22.784805297851563
240 25.23999786376953
241 24.495895385742188
242 27.65399932861328
243 26.34980010986328
244 28.638999938964844
245 26.406700134277344
246 24.89099884033203
247 22.89850616455078
248 25.691993713378906
249 27.144805908203125
250 24.95470428466797
251 25.321304321289063
252 28.772605895996094
253 25.548500061035156
254 23.70770263671875
255 26.102500915527344
256 26.768394470214844
257 27.320899963378906
258 24.187103271484375
259 25.91510009765625
260 24.39820098876953
261 25.337310791015625
262 25.203598022460938
263 25.758499145507813
264 25.287696838378906
265 22.763099670410156
266 23.454803466796875
267 21.959197998046875
268 21.911399841308594
269 25.037399291992188
270 23.102699279785156
271 21.41179656982422
272 23.88330841064453
273 25.124107360839844
274 22.64159393310547
275 22.016006469726563
276 21.56110382080078
277 23.69190216064453
278 21.836097717285156
279 22.824005126953125
280 22.25080108642578
281 22.60870361328125
282 23.600311279296875
283 21.98259735107422
284 22.5635986328125
285 22.53369903564453
286 22.4248046875
287 21.935501098632813
288 20.93830108642578
289 23.41350555419922
290 24.07470703125
291 22.149505615234375
292 21.20709991455078
293 21.107406616210938
294 19.48889923095703
295 18.620399475097656
296 21.987899780273438
297 20.931594848632813
298 21.26250457763672
299 21.86389923095703
300 21.16429901123047
301 23.475296020507813
302 22.71509552001953
303 24.43310546875
304 24.736709594726563
305 23.25969696044922
306 24.962303161621094
307 23.666702270507813
308 24.655410766601563
309 24.96540069580078
310 22.625991821289063
311 23.900001525878906
312 25.35760498046875
313 26.538894653320313
314 23.819610595703125
315 25.159194946289063
316 24.942703247070313
317 24.65009307861328
318 23.568504333496094
319 23.570999145507813
320 24.520606994628906
321 25.336898803710938
322 24.701499938964844
323 21.520103454589844
324 21.828109741210938
325 21.953201293945313
326 20.87720489501953
327 20.119293212890625
328 21.232398986816406
329 23.465103149414063
330 23.727096557617188
331 21.95020294189453
332 24.06749725341797
333 24.708099365234375
334 24.280807495117188
335 23.623703002929688
336 21.900306701660156
337 21.346298217773438
338 23.697998046875
339 23.444801330566406
340 23.802902221679688
341 22.723304748535156
342 20.945701599121094
343 20.038795471191406
344 20.75580596923828
345 21.195999145507813
346 20.741500854492188
347 21.082801818847656
348 21.101600646972656
349 21.88719940185547
350 22.055809020996094
351 22.05499267578125
352 22.19550323486328
353 21.706405639648438
354 22.277198791503906
355 24.611106872558594
356 24.542198181152344
357 23.218505859375
358 24.395606994628906
359 20.72980499267578
360 25.14020538330078
361 24.672203063964844
362 23.559898376464844
363 23.989097595214844
364 24.855804443359375
365 23.95989990234375
366 25.282699584960938
367 25.24810028076172
368 22.069297790527344
369 22.260299682617188
370 24.849998474121094
371 25.694198608398438
372 25.413002014160156
373 24.764602661132813
374 24.395095825195313
375 24.061798095703125
376 23.263595581054688
377 21.60009765625
378 24.35950469970703
379 24.039100646972656
380 23.962295532226563
381 24.083396911621094
382 22.485305786132813
383 20.840606689453125
384 23.14960479736328
385 23.04639434814453
386 22.250701904296875
387 22.491302490234375
388 20.34180450439453
389 20.396202087402344
390 19.844200134277344
391 22.693801879882813
392 19.10460662841797
393 20.773902893066406
394 19.165298461914063
395 20.169708251953125
396 22.176605224609375
397 20.187698364257813
398 19.79559326171875
399 21.362510681152344
400 22.096900939941406
401 20.57940673828125
402 22.217506408691406
403 22.48639678955078
404 19.323402404785156
405 21.196205139160156
406 21.942398071289063
407 21.311805725097656
408 22.070999145507813
409 22.71990203857422
410 23.500900268554688
411 23.517105102539063
412 21.217498779296875
413 22.950607299804688
414 23.65239715576172
415 20.839401245117188
416 20.813400268554688
417 21.48979949951172
418 20.814109802246094
419 21.9927978515625
420 22.823699951171875
421 21.46759796142578
422 23.908103942871094
423 22.95679473876953
424 25.305503845214844
425 24.284095764160156
426 22.20830535888672
427 23.032310485839844
428 22.25269317626953
429 24.238006591796875
430 25.553993225097656
431 22.297096252441406
432 24.035995483398438
433 24.649993896484375
434 22.86260223388672
435 22.509796142578125
436 24.089096069335938
437 22.894302368164063
438 20.42949676513672
439 21.709190368652344
440 24.108604431152344
441 22.32659912109375
442 20.178604125976563
443 21.447105407714844
444 21.13360595703125
445 21.173194885253906
446 22.283493041992188
447 21.63610076904297
448 22.068603515625
449 20.87030029296875
450 21.963394165039063
451 23.010498046875
452 23.143402099609375
453 23.34539794921875
454 24.419410705566406
455 21.259201049804688
456 21.809295654296875
457 22.913497924804688
458 22.225502014160156
459 21.245208740234375
460 20.72479248046875
461 20.17950439453125
462 21.33910369873047
463 19.62419891357422
464 17.988998413085938
465 20.36359405517578
466 18.406105041503906
467 20.656097412109375
468 22.76959991455078
469 24.72240447998047
470 22.752098083496094
471 21.060897827148438
472 22.40709686279297
473 20.912506103515625
474 21.980499267578125
475 21.05670928955078
476 23.771995544433594
477 22.256393432617188
478 21.225494384765625
479 20.501998901367188
480 20.739601135253906
481 21.167701721191406
482 19.959793090820313
483 20.80999755859375
484 22.976699829101563
485 22.912803649902344
486 22.648895263671875
487 23.389801025390625
488 24.232498168945313
489 24.819198608398438
490 24.230201721191406
491 23.42389678955078
492 24.680503845214844
493 24.202796936035156
494 20.289199829101563
495 20.273902893066406
496 21.43579864501953
497 19.446502685546875
498 22.18860626220703
499 21.85400390625
500 22.417999267578125
