0 44.775604248046875
1 44.775596618652344
2 45.88469696044922
3 44.94110870361328
4 39.022804260253906
5 35.610206604003906
6 37.34850311279297
7 39.36859130859375
8 40.76060485839844
9 41.84320068359375
10 39.07530212402344
11 39.871307373046875
12 40.95899200439453
13 39.09400177001953
14 37.33820343017578
15 37.59180450439453
16 31.488197326660156
17 30.143699645996094
18 31.1278076171875
19 32.95470428466797
20 33.201194763183594
21 30.31690216064453
22 27.651901245117188
23 29.039291381835938
24 30.124099731445313
25 29.09020233154297
26 28.714599609375
27 31.002601623535156
28 31.65900421142578
29 33.42420196533203
30 32.120994567871094
31 27.674301147460938
32 30.390708923339844
33 30.43109893798828
34 30.26220703125
35 30.88060760498047
36 31.398902893066406
37 29.843002319335938
38 29.8385009765625
39 28.747100830078125
40 28.80150604248047
41 31.451705932617188
42 28.070098876953125
43 27.12689971923828
44 27.72960662841797
45 27.08679962158203
46 29.126007080078125
47 29.729202270507813
48 29.396804809570313
49 31.116897583007813
50 28.649200439453125
51 27.034698486328125
52 28.127899169921875
53 26.439407348632813
54 27.87590789794922
55 29.643402099609375
56 29.420799255371094
57 29.153602600097656
58 28.741302490234375
59 27.822097778320313
60 26.717201232910156
61 27.76819610595703
62 28.582603454589844
63 31.37000274658203
64 28.872604370117188
65 28.403900146484375
66 28.309005737304688
67 32.00849914550781
68 29.370208740234375
69 28.789894104003906
70 30.616600036621094
71 30.170799255371094
72 28.047203063964844
73 29.661605834960938
74 28.714797973632813
75 29.063796997070313
76 27.47350311279297
77 27.528396606445313
78 27.045005798339844
79 28.230606079101563
80 28.963104248046875
81 28.727203369140625
82 27.82550048828125
83 28.957901000976563
84 29.577804565429688
85 29.50220489501953
86 29.238601684570313
87 28.80390167236328
88 29.33660125732422
89 30.934898376464844
90 28.939598083496094
91 28.663101196289063
92 27.379600524902344
93 29.86499786376953
94 29.93450927734375
95 28.282203674316406
96 28.33319854736328
97 30.053207397460938
98 27.36760711669922
99 28.1488037109375
100 27.263900756835938
101 28.06859588623047
102 29.08271026611328
103 29.00749969482422
104 30.95770263671875
105 30.361099243164063
106 30.310096740722656
107 34.347198486328125
108 33.327308654785156
109 32.619598388671875
110 28.937591552734375
111 32.864501953125
112 31.901504516601563
113 30.488502502441406
114 30.09459686279297
115 29.858200073242188
116 29.476707458496094
117 27.098602294921875
118 25.43109893798828
119 24.505096435546875
120 24.58179473876953
121 24.717208862304688
122 26.505897521972656
123 28.50220489501953
124 28.20270538330078
125 28.056900024414063
126 28.69879913330078
127 27.20800018310547
128 30.069198608398438
129 28.630104064941406
130 27.58190155029297
131 28.578903198242188
132 29.766502380371094
133 30.1719970703125
134 31.802505493164063
135 30.895896911621094
136 29.909095764160156
137 28.637405395507813
138 29.120498657226563
139 31.70929718017578
140 30.9674072265625
141 31.870803833007813
142 29.4071044921875
143 32.59690856933594
144 32.272796630859375
145 32.363304138183594
146 29.90650177001953
147 30.69139862060547
148 28.991607666015625
149 29.067100524902344
150 29.976600646972656
151 33.39130401611328
152 29.46900177001953
153 29.749298095703125
154 25.45459747314453
155 28.344703674316406
156 27.951499938964844
157 27.833396911621094
158 28.286300659179688
159 27.60089874267578
160 29.6658935546875
161 30.066604614257813
162 28.494308471679688
163 23.66429901123047
164 29.015396118164063
165 27.688499450683594
166 30.658103942871094
167 28.210800170898438
168 30.91510009765625
169 27.653099060058594
170 31.670806884765625
171 30.29279327392578
172 29.673294067382813
173 32.30359649658203
174 24.887710571289063
175 27.52330780029297
176 27.024307250976563
177 26.96820068359375
178 28.971107482910156
179 28.129104614257813
180 25.806602478027344
181 27.059402465820313
182 28.079200744628906
183 28.073699951171875
184 24.397193908691406
185 27.225799560546875
186 29.10930633544922
187 28.40869903564453
188 27.911903381347656
189 26.777801513671875
190 25.546401977539063
191 24.669891357421875
192 27.163406372070313
193 24.59850311279297
194 26.100296020507813
195 27.426605224609375
196 28.917098999023438
197 27.013198852539063
198 23.988204956054688
199 28.920005798339844
200 28.48040771484375
201 29.545303344726563
202 29.748001098632813
203 31.82709503173828
204 31.26470184326172
205 28.877601623535156
206 26.12310028076172
207 27.067298889160156
208 30.52569580078125
209 31.665298461914063
210 32.02510070800781
211 30.15509796142578
212 31.48509979248047
213 30.70600128173828
214 31.65740966796875
215 29.8258056640625
216 29.332603454589844
217 31.17699432373047
218 31.881004333496094
219 31.345596313476563
220 30.855499267578125
221 29.893409729003906
222 30.014305114746094
223 30.54590606689453
224 31.75250244140625
225 28.202606201171875
226 30.855499267578125
227 30.340797424316406
228 31.103103637695313
229 32.022010803222656
230 33.930702209472656
231 29.124900817871094
232 29.56110382080078
233 28.69219970703125
234 30.300704956054688
235 26.532005310058594
236 30.76799774169922
237 29.12560272216797
238 30.375595092773438
239 29.35480499267578
240 31.149993896484375
241 31.17589569091797
242 32.91400146484375
243 32.7998046875
244 34.818992614746094
245 32.956695556640625
246 31.34100341796875
247 30.448501586914063
248 31.211997985839844
249 32.074806213378906
250 30.844703674316406
251 30.931304931640625
252 33.05260467529297
253 30.178504943847656
254 28.2677001953125
255 30.14250946044922
256 31.17839813232422
257 31.87090301513672
258 28.14710235595703
259 30.47510528564453
260 29.808204650878906
261 31.757301330566406
262 30.37360382080078
263 30.22850799560547
264 30.33769989013672
265 29.3031005859375
266 30.454795837402344
267 29.80919647216797
268 29.80139923095703
269 32.38739776611328
270 30.442703247070313
271 28.41180419921875
272 30.07329559326172
273 31.70410919189453
274 29.90160369873047
275 29.58599853515625
276 29.33110809326172
277 30.791900634765625
278 29.086105346679688
279 30.34400177001953
280 29.300796508789063
281 30.448692321777344
282 31.63030242919922
283 30.582603454589844
284 30.453598022460938
285 31.503700256347656
286 30.634803771972656
287 29.69550323486328
288 29.678298950195313
289 31.293502807617188
290 31.474700927734375
291 30.449501037597656
292 28.767105102539063
293 29.32740020751953
294 26.228904724121094
295 26.050392150878906
296 27.947898864746094
297 28.071609497070313
298 28.452499389648438
299 29.603897094726563
300 28.174301147460938
301 30.595306396484375
302 30.685096740722656
303 31.773109436035156
304 31.68670654296875
305 30.349700927734375
306 32.00230407714844
307 30.826705932617188
308 32.125404357910156
309 32.39540100097656
310 29.355995178222656
311 30.44001007080078
312 33.697601318359375
313 34.278900146484375
314 31.879608154296875
315 32.50920104980469
316 32.052711486816406
317 30.91010284423828
318 30.32849884033203
319 30.061004638671875
320 31.81060028076172
321 32.06690216064453
322 31.071502685546875
323 28.700103759765625
324 28.99810791015625
325 28.243202209472656
326 28.037208557128906
327 27.33929443359375
328 29.502403259277344
329 29.775100708007813
330 30.867103576660156
331 29.040199279785156
332 31.887496948242188
333 32.30810546875
334 31.56079864501953
335 30.60369873046875
336 29.330307006835938
337 28.39630889892578
338 30.967994689941406
339 30.834808349609375
340 30.432907104492188
341 30.893295288085938
342 29.095703125
343 27.978797912597656
344 28.49579620361328
345 29.555992126464844
346 28.651504516601563
347 28.772804260253906
348 27.541595458984375
349 29.38719940185547
350 28.13580322265625
351 28.42499542236328
352 29.815505981445313
353 28.806411743164063
354 29.81719970703125
355 31.64110565185547
356 31.64220428466797
357 30.248504638671875
358 30.285598754882813
359 27.1697998046875
360 32.01020050048828
361 31.08220672607422
362 30.89990234375
363 30.289100646972656
364 31.69580841064453
365 30.26990509033203
366 32.26270294189453
367 32.028106689453125
368 29.049301147460938
369 29.88030242919922
370 31.790000915527344
371 33.084197998046875
372 32.032997131347656
373 31.58460235595703
374 30.695098876953125
375 30.771804809570313
376 30.283599853515625
377 27.79010009765625
378 31.529502868652344
379 32.27910614013672
380 30.85230255126953
381 31.91339111328125
382 30.3052978515625
383 28.81060028076172
384 31.479598999023438
385 29.466400146484375
386 27.370697021484375
387 27.911300659179688
388 26.601806640625
389 26.9761962890625
390 27.334205627441406
391 28.663803100585938
392 26.08460235595703
393 27.393898010253906
394 26.025299072265625
395 26.94969940185547
396 28.65660858154297
397 26.14769744873047
398 26.54560089111328
399 27.652503967285156
400 26.88689422607422
401 25.239402770996094
402 29.00749969482422
403 27.846397399902344
404 25.93340301513672
405 28.49620819091797
406 28.72240447998047
407 28.381805419921875
408 29.551002502441406
409 30.39990234375
410 30.700897216796875
411 30.877098083496094
412 28.69750213623047
413 29.63060760498047
414 29.95240020751953
415 28.539405822753906
416 26.573402404785156
417 27.879798889160156
418 27.14410400390625
419 28.4927978515625
420 29.98370361328125
421 28.697601318359375
422 30.448104858398438
423 30.426803588867188
424 33.785499572753906
425 32.544097900390625
426 30.288307189941406
427 31.392303466796875
428 29.7626953125
429 31.20800018310547
430 33.15399932861328
431 29.177108764648438
432 30.796005249023438
433 31.910003662109375
434 31.09259796142578
435 29.879806518554688
436 31.179100036621094
437 29.834304809570313
438 28.709495544433594
439 29.769203186035156
440 31.00859832763672
441 30.3865966796875
442 26.648605346679688
443 28.017105102539063
444 28.523605346679688
445 28.623199462890625
446 29.323501586914063
447 28.55609893798828
448 29.678611755371094
449 27.25029754638672
450 28.703407287597656
451 30.040496826171875
452 28.66339874267578
453 30.765403747558594
454 31.56939697265625
455 28.199203491210938
456 29.619300842285156
457 28.803512573242188
458 29.375511169433594
459 28.755203247070313
460 28.34479522705078
461 27.599502563476563
462 29.659103393554688
463 26.514205932617188
464 25.519004821777344
465 26.69359588623047
466 24.74610137939453
467 27.80609893798828
468 30.259597778320313
469 32.042396545410156
470 29.992095947265625
471 28.580902099609375
472 28.197097778320313
473 27.76250457763672
474 29.550491333007813
475 27.776710510253906
476 31.41199493408203
477 29.776405334472656
478 28.855499267578125
479 27.832000732421875
480 27.889602661132813
481 28.69770050048828
482 26.2998046875
483 28.019996643066406
484 30.98670196533203
485 29.972793579101563
486 29.98889923095703
487 30.399803161621094
488 30.892501831054688
489 32.50920104980469
490 31.26020050048828
491 30.67389678955078
492 31.800506591796875
493 31.852798461914063
494 28.109207153320313
495 26.463897705078125
496 29.00579833984375
497 26.10649871826172
498 28.978607177734375
499 28.91400909423828
500 29.878005981445313
