0 34.905601501464844
1 34.905601501464844
2 35.89470672607422
3 34.44110870361328
4 29.142799377441406
5 25.790206909179688
6 27.568504333496094
7 29.338600158691406
8 30.7406005859375
9 31.72319793701172
10 29.455291748046875
11 29.701309204101563
12 32.10899353027344
13 29.35400390625
14 27.238197326660156
15 27.491798400878906
16 22.78820037841797
17 20.883705139160156
18 22.087806701660156
19 23.404701232910156
20 22.80120086669922
21 21.57689666748047
22 18.841903686523438
23 19.569297790527344
24 20.344100952148438
25 19.46019744873047
26 18.91461181640625
27 21.142608642578125
28 21.29900360107422
29 23.644203186035156
30 21.991004943847656
31 19.564300537109375
32 20.240699768066406
33 20.101097106933594
34 20.672195434570313
35 20.220603942871094
36 20.978904724121094
37 19.843002319335938
38 20.408493041992188
39 19.477096557617188
40 18.4114990234375
41 21.49169921875
42 18.79010009765625
43 17.546897888183594
44 18.189598083496094
45 18.746803283691406
46 19.006011962890625
47 19.7991943359375
48 19.386802673339844
49 20.916908264160156
50 19.029205322265625
51 17.034698486328125
52 18.047897338867188
53 17.029403686523438
54 19.16590118408203
55 20.273399353027344
56 20.18079376220703
57 19.32360076904297
58 19.871307373046875
59 18.41210174560547
60 18.117202758789063
61 19.03820037841797
62 19.72260284423828
63 21.400001525878906
64 19.612594604492188
65 20.293899536132813
66 19.418991088867188
67 22.178504943847656
68 19.560195922851563
69 18.979896545410156
70 21.176597595214844
71 20.14080047607422
72 18.50719451904297
73 18.931602478027344
74 19.064796447753906
75 19.183799743652344
76 17.95349884033203
77 18.008399963378906
78 17.785011291503906
79 17.450607299804688
80 19.11310577392578
81 18.857200622558594
82 18.70550537109375
83 18.587905883789063
84 19.467796325683594
85 19.242202758789063
86 19.49859619140625
87 18.86389923095703
88 18.856597900390625
89 19.97490692138672
90 18.71959686279297
91 19.213096618652344
92 17.319602966308594
93 19.235000610351563
94 19.794509887695313
95 17.772201538085938
96 18.363204956054688
97 20.493202209472656
98 17.897598266601563
99 19.008804321289063
100 18.593902587890625
101 19.23859405517578
102 20.08270263671875
103 19.487503051757813
104 21.667709350585938
105 20.06110382080078
106 20.960105895996094
107 24.7471923828125
108 23.42729949951172
109 22.389602661132813
110 19.397598266601563
111 22.524505615234375
112 21.951499938964844
113 21.08849334716797
114 20.444602966308594
115 20.188194274902344
116 19.326698303222656
117 17.55860137939453
118 16.981101989746094
119 15.485107421875
120 16.46179962158203
121 15.607200622558594
122 16.695899963378906
123 18.542198181152344
124 18.76270294189453
125 17.846900939941406
126 20.788803100585938
127 18.337997436523438
128 20.079200744628906
129 18.54010009765625
130 17.89190673828125
131 18.338897705078125
132 20.10649871826172
133 19.832000732421875
134 21.32250213623047
135 21.12590789794922
136 19.50909423828125
137 18.867401123046875
138 18.210494995117188
139 21.169296264648438
140 20.63739776611328
141 21.650802612304688
142 19.877098083496094
143 22.476905822753906
144 22.282806396484375
145 22.08330535888672
146 20.306503295898438
147 20.88140106201172
148 18.46160125732422
149 19.95709991455078
150 20.26659393310547
151 23.13129425048828
152 20.03900146484375
153 19.559295654296875
154 16.824600219726563
155 18.674697875976563
156 18.241500854492188
157 18.183395385742188
158 18.066299438476563
159 18.190902709960938
160 20.515899658203125
161 19.816604614257813
162 18.394302368164063
163 16.834304809570313
164 20.09540557861328
165 19.94849395751953
166 21.49810791015625
167 18.89080810546875
168 20.98509979248047
169 18.7930908203125
170 22.160804748535156
171 21.43280029296875
172 19.973297119140625
173 22.24359893798828
174 16.38770294189453
175 17.773300170898438
176 17.194305419921875
177 18.058197021484375
178 19.32110595703125
179 19.169097900390625
180 16.096603393554688
181 18.51940155029297
182 18.8092041015625
183 18.03369903564453
184 15.427200317382813
185 17.715797424316406
186 18.819297790527344
187 18.47870635986328
188 18.981895446777344
189 17.247802734375
190 16.726394653320313
191 15.689895629882813
192 17.74340057373047
193 15.538497924804688
194 17.450302124023438
195 18.366600036621094
196 18.987106323242188
197 17.893203735351563
198 16.558204650878906
199 19.550003051757813
200 19.400405883789063
201 19.315292358398438
202 19.878005981445313
203 21.527099609375
204 21.554702758789063
205 19.467605590820313
206 18.013099670410156
207 17.627296447753906
208 20.375701904296875
209 22.06529998779297
210 22.005096435546875
211 21.265098571777344
212 21.695098876953125
213 20.936004638671875
214 22.417404174804688
215 20.94580078125
216 18.962600708007813
217 20.74700164794922
218 22.131004333496094
219 21.195602416992188
220 19.70549774169922
221 19.37340545654297
222 20.60430145263672
223 20.645904541015625
224 21.38249969482422
225 18.35260009765625
226 19.995498657226563
227 19.82080078125
228 20.85309600830078
229 21.442001342773438
230 22.790695190429688
231 19.33489990234375
232 18.961097717285156
233 19.76219940185547
234 20.620704650878906
235 17.36199951171875
236 20.447998046875
237 19.30560302734375
238 20.17560577392578
239 19.094802856445313
240 21.3699951171875
241 20.695907592773438
242 23.054000854492188
243 22.249801635742188
244 24.488998413085938
245 22.596702575683594
246 21.14099884033203
247 20.068504333496094
248 21.591995239257813
249 22.41480255126953
250 20.684707641601563
251 20.95130157470703
252 23.72260284423828
253 20.168495178222656
254 18.617698669433594
255 20.842506408691406
256 21.948402404785156
257 22.160903930664063
258 19.127098083496094
259 21.04510498046875
260 19.578201293945313
261 21.197303771972656
262 20.68360137939453
263 20.27850341796875
264 20.33769989013672
265 19.393104553222656
266 19.16480255126953
267 19.279205322265625
268 18.451400756835938
269 22.227394104003906
270 20.532699584960938
271 18.501800537109375
272 19.673301696777344
273 21.484107971191406
274 19.371604919433594
275 19.186004638671875
276 19.161109924316406
277 20.31189727783203
278 19.69610595703125
279 19.78400421142578
280 18.920799255371094
281 19.98870086669922
282 20.470298767089844
283 19.072608947753906
284 20.203598022460938
285 20.833702087402344
286 20.59479522705078
287 19.635498046875
288 19.13829803466797
289 20.383499145507813
290 20.554702758789063
291 19.36949920654297
292 18.527099609375
293 19.057403564453125
294 16.80889892578125
295 16.630401611328125
296 18.067893981933594
297 17.681602478027344
298 18.19249725341797
299 19.05389404296875
300 17.614295959472656
301 20.015296936035156
302 19.775100708007813
303 21.18310546875
304 21.266708374023438
305 20.05970001220703
306 22.012298583984375
307 20.576705932617188
308 21.79540252685547
309 21.785400390625
310 19.156005859375
311 19.540008544921875
312 22.79759979248047
313 23.468894958496094
314 21.059608459472656
315 21.699203491210938
316 21.58269500732422
317 20.560104370117188
318 19.90850067138672
319 19.881004333496094
320 21.200599670410156
321 21.856903076171875
322 20.961502075195313
323 18.330101013183594
324 18.578094482421875
325 18.453201293945313
326 17.5072021484375
327 16.629295349121094
328 18.84239959716797
329 19.97510528564453
330 20.857101440429688
331 18.960205078125
332 21.107498168945313
333 21.30809783935547
334 21.25080108642578
335 20.373703002929688
336 18.550308227539063
337 18.07630157470703
338 20.517990112304688
339 20.35480499267578
340 20.252906799316406
341 20.393295288085938
342 18.65570068359375
343 17.76879119873047
344 17.965805053710938
345 18.926002502441406
346 18.331497192382813
347 18.142807006835938
348 17.401596069335938
349 18.467201232910156
350 18.555801391601563
351 18.275001525878906
352 19.155502319335938
353 18.44640350341797
354 18.7572021484375
355 21.211105346679688
356 21.462203979492188
357 19.998497009277344
358 20.525604248046875
359 17.079795837402344
360 21.710205078125
361 20.70220184326172
362 19.939903259277344
363 20.099098205566406
364 21.605796813964844
365 20.45990753173828
366 21.782699584960938
367 21.85810089111328
368 18.959304809570313
369 19.290298461914063
370 21.650001525878906
371 22.80419921875
372 21.932998657226563
373 21.304603576660156
374 20.445098876953125
375 20.591796875
376 19.99359893798828
377 18.85009765625
378 21.959495544433594
379 21.219100952148438
380 20.8623046875
381 21.74340057373047
382 19.81529998779297
383 19.460601806640625
384 20.749603271484375
385 19.386398315429688
386 18.120697021484375
387 18.03130340576172
388 16.35179901123047
389 17.05620574951172
390 16.794204711914063
391 18.613800048828125
392 16.174606323242188
393 17.783905029296875
394 15.955299377441406
395 16.739700317382813
396 18.426605224609375
397 16.247695922851563
398 16.255592346191406
399 17.162506103515625
400 17.236900329589844
401 16.229400634765625
402 18.357505798339844
403 18.096397399902344
404 16.203399658203125
405 17.92620086669922
406 18.16240692138672
407 18.21179962158203
408 19.681007385253906
409 19.58990478515625
410 20.10089874267578
411 20.377105712890625
412 17.647491455078125
413 19.410606384277344
414 19.802398681640625
415 17.729400634765625
416 16.563400268554688
417 17.73979949951172
418 17.404098510742188
419 18.68280029296875
420 19.253700256347656
421 18.21759796142578
422 20.198097229003906
423 19.89679718017578
424 22.605499267578125
425 21.64409637451172
426 19.798301696777344
427 20.30229949951172
428 18.8927001953125
429 20.70800018310547
430 22.16399383544922
431 18.71710205078125
432 20.736000061035156
433 21.279998779296875
434 20.0426025390625
435 19.569801330566406
436 20.969093322753906
437 19.67430877685547
438 18.099502563476563
439 19.039199829101563
440 20.81859588623047
441 19.81659698486328
442 17.63860321044922
443 18.46710968017578
444 18.943603515625
445 18.553199768066406
446 19.493499755859375
447 18.07610321044922
448 18.92859649658203
449 17.30029296875
450 18.4833984375
451 19.490493774414063
452 18.73340606689453
453 19.885398864746094
454 21.0093994140625
455 17.99919891357422
456 18.64929962158203
457 19.53350830078125
458 19.44550323486328
459 17.70520782470703
460 17.494796752929688
461 16.91950225830078
462 18.539100646972656
463 16.75420379638672
464 15.049003601074219
465 16.853599548339844
466 15.016105651855469
467 17.406097412109375
468 20.259597778320313
469 21.312393188476563
470 19.812103271484375
471 18.460899353027344
472 18.677093505859375
473 17.362503051757813
474 19.21050262451172
475 18.326698303222656
476 20.621994018554688
477 19.4364013671875
478 18.625503540039063
479 17.542007446289063
480 17.479598999023438
481 17.847702026367188
482 16.809799194335938
483 18.12999725341797
484 19.98670196533203
485 19.75279998779297
486 19.388900756835938
487 20.279800415039063
488 20.912506103515625
489 22.36920166015625
490 20.910202026367188
491 20.853904724121094
492 21.190505981445313
493 20.61279296875
494 17.37920379638672
495 17.05390167236328
496 18.615798950195313
497 17.006500244140625
498 19.238609313964844
499 19.004005432128906
500 18.88800048828125
