0 36.66560363769531
1 36.66560363769531
2 35.68470001220703
3 35.24110412597656
4 33.272804260253906
5 30.170204162597656
6 32.308502197265625
7 32.37860107421875
8 35.17060089111328
9 36.15320587158203
10 32.37530517578125
11 35.20130920410156
12 34.58899688720703
13 35.144004821777344
14 34.438201904296875
15 33.73180389404297
16 31.628196716308594
17 28.893699645996094
18 28.957801818847656
19 30.434707641601563
20 28.15119171142578
21 28.06689453125
22 26.561904907226563
23 25.82929229736328
24 26.924102783203125
25 26.040206909179688
26 25.244598388671875
27 26.452598571777344
28 26.11901092529297
29 28.164207458496094
30 26.820999145507813
31 24.324302673339844
32 24.620704650878906
33 24.491104125976563
34 24.6322021484375
35 24.660606384277344
36 25.588897705078125
37 24.753005981445313
38 26.07849884033203
39 24.33709716796875
40 22.241500854492188
41 25.751708984375
42 23.78009796142578
43 22.7069091796875
44 22.689598083496094
45 23.056800842285156
46 22.996002197265625
47 23.5491943359375
48 24.72679901123047
49 25.146896362304688
50 25.269195556640625
51 22.12470245361328
52 23.497901916503906
53 22.419403076171875
54 25.23590850830078
55 26.443405151367188
56 26.310806274414063
57 26.13359832763672
58 25.52130889892578
59 24.41210174560547
60 22.19719696044922
61 24.808204650878906
62 24.86260223388672
63 25.43999481201172
64 22.892601013183594
65 24.6239013671875
66 24.78900146484375
67 26.38849639892578
68 25.340194702148438
69 24.419891357421875
70 25.156593322753906
71 22.26079559326172
72 21.107200622558594
73 23.191604614257813
74 24.11479949951172
75 23.943801879882813
76 23.883506774902344
77 24.92839813232422
78 24.584999084472656
79 23.780593872070313
80 24.903099060058594
81 25.51720428466797
82 24.08550262451172
83 23.77790069580078
84 24.667800903320313
85 24.362205505371094
86 25.9385986328125
87 24.86389923095703
88 25.21660614013672
89 25.64490509033203
90 23.419601440429688
91 22.893096923828125
92 22.629592895507813
93 25.595001220703125
94 25.4945068359375
95 23.052200317382813
96 23.533203125
97 25.573204040527344
98 23.387596130371094
99 23.45880126953125
100 25.843902587890625
101 27.05860137939453
102 28.38269805908203
103 26.12749481201172
104 29.0177001953125
105 26.831100463867188
106 28.630104064941406
107 32.33720397949219
108 28.997299194335938
109 29.27960205078125
110 26.927597045898438
111 28.634506225585938
112 27.36150360107422
113 27.248497009277344
114 24.58460235595703
115 25.988197326660156
116 25.30670928955078
117 23.19860076904297
118 22.341102600097656
119 22.085098266601563
120 23.201797485351563
121 22.917205810546875
122 23.59589385986328
123 24.472206115722656
124 24.272705078125
125 22.9569091796875
126 25.618804931640625
127 23.908004760742188
128 27.349205017089844
129 24.560096740722656
130 23.33190155029297
131 23.43890380859375
132 25.806495666503906
133 25.442001342773438
134 27.862510681152344
135 27.09589385986328
136 26.20909881591797
137 25.157394409179688
138 23.3905029296875
139 27.33930206298828
140 27.237403869628906
141 27.25080108642578
142 26.58709716796875
143 28.62689971923828
144 29.05280303955078
145 28.973304748535156
146 27.436492919921875
147 27.431396484375
148 25.861595153808594
149 27.33710479736328
150 27.95659637451172
151 30.08130645751953
152 27.79900360107422
153 26.249305725097656
154 24.884597778320313
155 27.334701538085938
156 25.801498413085938
157 25.283401489257813
158 25.59630584716797
159 26.3009033203125
160 28.125900268554688
161 26.726600646972656
162 26.79430389404297
163 26.46430206298828
164 28.955398559570313
165 28.51850128173828
166 29.458106994628906
167 27.58080291748047
168 28.41510009765625
169 27.223098754882813
170 30.460800170898438
171 29.912803649902344
172 27.483291625976563
173 28.103599548339844
174 24.677696228027344
175 25.433311462402344
176 24.394302368164063
177 25.97820281982422
178 26.781097412109375
179 26.529098510742188
180 24.656600952148438
181 27.169403076171875
182 26.539199829101563
183 25.61370086669922
184 23.82720184326172
185 24.8157958984375
186 27.059295654296875
187 26.368698120117188
188 27.111907958984375
189 25.667800903320313
190 25.55640411376953
191 24.439895629882813
192 25.633407592773438
193 24.168495178222656
194 25.48029327392578
195 26.976600646972656
196 26.247100830078125
197 26.043197631835938
198 25.96820831298828
199 27.50000762939453
200 27.71039581298828
201 26.55530548095703
202 25.977996826171875
203 28.28710174560547
204 28.244705200195313
205 27.067596435546875
206 26.74310302734375
207 25.887298583984375
208 27.675697326660156
209 29.895294189453125
210 28.585098266601563
211 28.42510223388672
212 27.73509979248047
213 28.426002502441406
214 29.40740966796875
215 28.45580291748047
216 24.952606201171875
217 28.16699981689453
218 28.52100372314453
219 27.265602111816406
220 25.785491943359375
221 26.42340850830078
222 27.924293518066406
223 27.145896911621094
224 28.292503356933594
225 25.522598266601563
226 26.055496215820313
227 25.14080047607422
228 26.68309783935547
229 26.702003479003906
230 28.770706176757813
231 26.244895935058594
232 24.911102294921875
233 27.712203979492188
234 28.02069854736328
235 25.022003173828125
236 27.108001708984375
237 25.725601196289063
238 26.47559356689453
239 24.68480682373047
240 27.599998474121094
241 26.575897216796875
242 28.86400604248047
243 26.759803771972656
244 28.929000854492188
245 27.696701049804688
246 26.39099884033203
247 24.238502502441406
248 27.882003784179688
249 28.73480224609375
250 25.524696350097656
251 26.951309204101563
252 29.442604064941406
253 27.28850555419922
254 25.717697143554688
255 28.452499389648438
256 27.54840087890625
257 28.85089874267578
258 26.607101440429688
259 28.245101928710938
260 26.888206481933594
261 26.897308349609375
262 26.593597412109375
263 27.568504333496094
264 27.20770263671875
265 24.24310302734375
266 25.73479461669922
267 22.779197692871094
268 23.5614013671875
269 25.687393188476563
270 24.58270263671875
271 23.54180145263672
272 26.423301696777344
273 26.494110107421875
274 23.501602172851563
275 22.63599395751953
276 22.20110321044922
277 25.801910400390625
278 22.916099548339844
279 23.554000854492188
280 23.88079833984375
281 23.818695068359375
282 24.310302734375
283 23.55260467529297
284 22.983596801757813
285 23.323707580566406
286 22.49480438232422
287 22.06549835205078
288 21.848304748535156
289 24.65349578857422
290 25.054702758789063
291 23.79950714111328
292 22.547103881835938
293 22.667404174804688
294 21.668899536132813
295 20.91039276123047
296 24.16790008544922
297 22.541603088378906
298 23.292503356933594
299 22.783897399902344
300 21.994300842285156
301 24.05530548095703
302 23.28510284423828
303 25.18309783935547
304 25.486709594726563
305 24.289703369140625
306 26.772300720214844
307 24.36669921875
308 25.79540252685547
309 25.9053955078125
310 24.296005249023438
311 25.480003356933594
312 26.327606201171875
313 27.73889923095703
314 25.299606323242188
315 25.789207458496094
316 24.912696838378906
317 24.43010711669922
318 24.008499145507813
319 25.170997619628906
320 25.17060089111328
321 26.036895751953125
322 25.821502685546875
323 22.47010040283203
324 23.61810302734375
325 24.53319549560547
326 23.2572021484375
327 23.28929901123047
328 23.222396850585938
329 25.435096740722656
330 25.83710479736328
331 24.380203247070313
332 25.357498168945313
333 25.718093872070313
334 26.56079864501953
335 26.213699340820313
336 24.00030517578125
337 23.07630157470703
338 25.477996826171875
339 25.11479949951172
340 25.6029052734375
341 24.44329833984375
342 22.33570098876953
343 21.1387939453125
344 21.76580047607422
345 21.90599822998047
346 22.381500244140625
347 22.412803649902344
348 23.0115966796875
349 23.027206420898438
350 24.18579864501953
351 24.224998474121094
352 23.1455078125
353 22.666404724121094
354 23.67719268798828
355 25.70111083984375
356 26.142196655273438
357 24.988502502441406
358 25.695602416992188
359 23.119796752929688
360 26.110198974609375
361 26.14220428466797
362 24.999900817871094
363 25.479103088378906
364 25.985809326171875
365 26.419906616210938
366 25.912704467773438
367 25.388099670410156
368 24.1593017578125
369 24.090293884277344
370 25.520004272460938
371 26.43419647216797
372 26.112998962402344
373 26.96460723876953
374 26.565093994140625
375 25.311798095703125
376 25.043601989746094
377 23.770095825195313
378 25.709495544433594
379 24.619102478027344
380 25.79230499267578
381 24.513397216796875
382 24.415306091308594
383 23.150604248046875
384 25.359603881835938
385 24.6763916015625
386 24.790695190429688
387 25.101303100585938
388 23.241806030273438
389 23.42620849609375
390 23.12419891357422
391 25.673797607421875
392 22.224594116210938
393 23.80390167236328
394 22.345298767089844
395 23.279701232910156
396 25.50659942626953
397 23.5177001953125
398 23.725601196289063
399 24.352508544921875
400 25.88690185546875
401 23.499404907226563
402 25.17749786376953
403 24.966392517089844
404 22.013404846191406
405 22.99620819091797
406 24.382400512695313
407 22.611793518066406
408 23.731002807617188
409 24.76990509033203
410 25.24089813232422
411 25.1571044921875
412 23.37750244140625
413 24.980606079101563
414 25.122398376464844
415 22.929405212402344
416 22.813400268554688
417 24.159805297851563
418 23.004104614257813
419 24.17279815673828
420 25.073699951171875
421 23.307594299316406
422 25.018104553222656
423 25.39679718017578
424 26.295509338378906
425 24.9541015625
426 22.298301696777344
427 23.7423095703125
428 24.562698364257813
429 26.13800048828125
430 26.453994750976563
431 24.20709991455078
432 26.406005859375
433 25.75
434 24.55260467529297
435 24.339805603027344
436 26.619102478027344
437 24.58429718017578
438 22.42949676513672
439 23.409194946289063
440 26.338600158691406
441 24.316604614257813
442 22.718597412109375
443 23.9071044921875
444 22.613601684570313
445 22.633201599121094
446 24.133499145507813
447 23.466102600097656
448 24.348609924316406
449 24.230300903320313
450 24.593399047851563
451 24.37049102783203
452 26.073402404785156
453 25.6553955078125
454 26.08940887451172
455 23.389205932617188
456 24.329299926757813
457 25.193511962890625
458 24.215499877929688
459 22.945205688476563
460 22.264801025390625
461 22.17950439453125
462 22.789100646972656
463 21.904197692871094
464 20.879005432128906
465 22.403602600097656
466 21.12610626220703
467 23.096099853515625
468 24.619598388671875
469 26.07239532470703
470 24.952102661132813
471 23.4208984375
472 24.6470947265625
473 24.032501220703125
474 23.680496215820313
475 23.37670135498047
476 25.452003479003906
477 23.17639923095703
478 23.245506286621094
479 22.711997985839844
480 22.509605407714844
481 22.867698669433594
482 22.519798278808594
483 22.099998474121094
484 24.9967041015625
485 25.192794799804688
486 24.278900146484375
487 24.059791564941406
488 24.392501831054688
489 26.039199829101563
490 25.5802001953125
491 25.263900756835938
492 25.750503540039063
493 25.122802734375
494 22.24919891357422
495 22.983901977539063
496 23.24579620361328
497 22.71649932861328
498 23.75859832763672
499 23.654006958007813
500 23.75799560546875
