0 22.765609741210938
1 22.765602111816406
2 24.51470184326172
3 21.491104125976563
4 16.142799377441406
5 12.850204467773438
6 14.668502807617188
7 16.178604125976563
8 17.56060791015625
9 18.91320037841797
10 16.36529541015625
11 17.261306762695313
12 19.798995971679688
13 17.503997802734375
14 15.2781982421875
15 15.631797790527344
16 12.378204345703125
17 10.723701477050781
18 10.107803344726563
19 10.924697875976563
20 9.721199035644531
21 9.206901550292969
22 8.081901550292969
23 6.759300231933594
24 8.344100952148438
25 7.340202331542969
26 6.804603576660156
27 8.062599182128906
28 8.308998107910156
29 10.734199523925781
30 8.871002197265625
31 6.884300231933594
32 7.750701904296875
33 7.621101379394531
34 7.902198791503906
35 7.220603942871094
36 7.93890380859375
37 6.923004150390625
38 7.948493957519531
39 6.557098388671875
40 5.4615020751953125
41 8.381698608398438
42 5.7700958251953125
43 4.9069061279296875
44 6.499603271484375
45 6.3468017578125
46 6.305999755859375
47 7.029197692871094
48 6.6168060302734375
49 7.896903991699219
50 6.4192047119140625
51 4.404701232910156
52 5.40789794921875
53 4.349403381347656
54 7.1259002685546875
55 7.593406677246094
56 7.220794677734375
57 6.8036041259765625
58 7.0413055419921875
59 6.632102966308594
60 6.037200927734375
61 6.7982025146484375
62 7.012603759765625
63 8.510002136230469
64 6.9326019287109375
65 8.073898315429688
66 7.3489990234375
67 9.238494873046875
68 7.0702056884765625
69 6.1598968505859375
70 8.296600341796875
71 7.470802307128906
72 5.537193298339844
73 6.361602783203125
74 6.474800109863281
75 6.403800964355469
76 5.4535064697265625
77 5.968391418457031
78 5.985008239746094
79 5.4105987548828125
80 6.4730987548828125
81 6.9871978759765625
82 6.115501403808594
83 5.5178985595703125
84 6.80780029296875
85 6.982200622558594
86 7.028594970703125
87 7.153900146484375
88 6.8766021728515625
89 7.284904479980469
90 6.349601745605469
91 6.1331024169921875
92 4.4696044921875
93 6.6049957275390625
94 7.2845001220703125
95 5.5821990966796875
96 5.5731964111328125
97 7.663200378417969
98 5.267601013183594
99 6.138801574707031
100 6.803901672363281
101 7.9886016845703125
102 8.71270751953125
103 7.3274993896484375
104 9.437705993652344
105 7.6110992431640625
106 9.550102233886719
107 12.927200317382813
108 10.807304382324219
109 10.459602355957031
110 7.6175994873046875
111 9.964500427246094
112 9.381507873535156
113 9.228492736816406
114 8.214599609375
115 8.088203430175781
116 7.276702880859375
117 5.308601379394531
118 5.2010955810546875
119 3.91510009765625
120 5.5117950439453125
121 4.5572052001953125
122 5.525901794433594
123 6.6822052001953125
124 6.5926971435546875
125 5.4069061279296875
126 9.108802795410156
127 7.068000793457031
128 8.509201049804688
129 6.970100402832031
130 5.951904296875
131 7.2489013671875
132 8.226493835449219
133 8.012001037597656
134 8.822502136230469
135 8.395896911621094
136 7.3291015625
137 6.51739501953125
138 5.70050048828125
139 8.519294738769531
140 8.4573974609375
141 8.740798950195313
142 7.6670989990234375
143 9.686904907226563
144 9.892799377441406
145 9.873306274414063
146 8.676498413085938
147 8.831398010253906
148 7.5016021728515625
149 8.1571044921875
150 8.82659912109375
151 11.071304321289063
152 8.238998413085938
153 7.929298400878906
154 5.284599304199219
155 7.63470458984375
156 6.521507263183594
157 6.2834014892578125
158 6.2162933349609375
159 7.340904235839844
160 9.215896606445313
161 8.296600341796875
162 8.144302368164063
163 9.244300842285156
164 10.125396728515625
165 9.968498229980469
166 10.948104858398438
167 8.980796813964844
168 9.625099182128906
169 8.253097534179688
170 11.290802001953125
171 10.672798156738281
172 8.403297424316406
173 9.713600158691406
174 5.657707214355469
175 6.123298645019531
176 5.314300537109375
177 6.5482025146484375
178 7.621101379394531
179 7.359100341796875
180 5.246604919433594
181 7.519401550292969
182 7.299201965332031
183 6.633705139160156
184 5.057197570800781
185 6.295799255371094
186 7.569297790527344
187 7.928703308105469
188 7.911903381347656
189 6.527801513671875
190 6.5764007568359375
191 4.229896545410156
192 6.023399353027344
193 4.608497619628906
194 6.560295104980469
195 7.45660400390625
196 7.21710205078125
197 7.213203430175781
198 7.618202209472656
199 8.980003356933594
200 8.700393676757813
201 7.3852996826171875
202 6.88800048828125
203 9.927101135253906
204 9.564704895019531
205 8.137596130371094
206 6.903099060058594
207 6.177299499511719
208 9.145698547363281
209 10.375297546386719
210 10.925094604492188
211 10.125099182128906
212 10.115097045898438
213 9.816001892089844
214 10.877403259277344
215 9.765800476074219
216 7.612602233886719
217 9.48699951171875
218 10.000999450683594
219 10.035606384277344
220 8.095497131347656
221 7.8634033203125
222 8.914299011230469
223 9.61590576171875
224 9.932502746582031
225 7.392601013183594
226 8.245498657226563
227 7.57080078125
228 8.913101196289063
229 9.502006530761719
230 11.850700378417969
231 7.804901123046875
232 7.3311004638671875
233 9.422203063964844
234 8.740699768066406
235 6.451995849609375
236 8.947998046875
237 7.335601806640625
238 8.125595092773438
239 6.304801940917969
240 8.860000610351563
241 7.905906677246094
242 10.944000244140625
243 9.769798278808594
244 11.859001159667969
245 9.946701049804688
246 8.451004028320313
247 6.958503723144531
248 9.082000732421875
249 10.604804992675781
250 8.294700622558594
251 8.881309509277344
252 11.562599182128906
253 9.138496398925781
254 7.547698974609375
255 10.182502746582031
256 10.028396606445313
257 11.040901184082031
258 7.9170989990234375
259 9.165107727050781
260 7.728202819824219
261 8.877304077148438
262 8.62359619140625
263 9.318504333496094
264 8.417701721191406
265 6.763099670410156
266 6.514801025390625
267 6.359199523925781
268 5.641395568847656
269 8.987396240234375
270 7.042694091796875
271 5.53179931640625
272 7.19329833984375
273 8.4541015625
274 6.661598205566406
275 6.6060028076171875
276 5.981101989746094
277 7.301902770996094
278 6.906105041503906
279 6.844001770019531
280 6.040802001953125
281 6.7886962890625
282 7.710304260253906
283 6.002601623535156
284 7.0635986328125
285 7.703704833984375
286 7.644798278808594
287 6.895500183105469
288 5.938301086425781
289 7.423500061035156
290 7.6947021484375
291 6.229499816894531
292 5.427101135253906
293 6.117401123046875
294 3.7988967895507813
295 4.170402526855469
296 6.137901306152344
297 5.111602783203125
298 5.652503967285156
299 6.283897399902344
300 5.184295654296875
301 7.345298767089844
302 7.255096435546875
303 8.403099060058594
304 8.7467041015625
305 7.4897003173828125
306 9.142295837402344
307 7.876701354980469
308 9.115402221679688
309 9.105392456054688
310 6.795997619628906
311 8.040000915527344
312 10.007606506347656
313 10.898895263671875
314 8.509605407714844
315 8.839202880859375
316 9.522705078125
317 8.710098266601563
318 7.45849609375
319 7.9010009765625
320 8.530601501464844
321 9.456893920898438
322 8.681503295898438
323 5.8701019287109375
324 6.1381072998046875
325 6.2931976318359375
326 4.967201232910156
327 4.499298095703125
328 6.232398986816406
329 7.5850982666015625
330 8.407096862792969
331 6.590202331542969
332 8.4375
333 8.568099975585938
334 8.520797729492188
335 7.9037017822265625
336 6.12030029296875
337 5.4163055419921875
338 8.0780029296875
339 7.6748046875
340 7.942901611328125
341 7.763298034667969
342 5.995697021484375
343 4.768798828125
344 4.855796813964844
345 5.795997619628906
346 5.3914947509765625
347 5.0128021240234375
348 4.711601257324219
349 5.447196960449219
350 5.8657989501953125
351 5.68499755859375
352 6.425498962402344
353 6.1464080810546875
354 5.887199401855469
355 8.44110107421875
356 8.362197875976563
357 7.518501281738281
358 7.835601806640625
359 4.3997955322265625
360 8.89019775390625
361 8.752204895019531
362 7.1898956298828125
363 7.9290924072265625
364 8.705802917480469
365 8.009902954101563
366 8.652694702148438
367 9.098098754882813
368 6.309303283691406
369 6.5402984619140625
370 8.94000244140625
371 9.944198608398438
372 9.292999267578125
373 8.484596252441406
374 8.3551025390625
375 7.4217987060546875
376 6.913597106933594
377 6.650093078613281
378 8.529495239257813
379 8.389106750488281
380 8.012298583984375
381 8.523399353027344
382 6.435302734375
383 6.420600891113281
384 7.739601135253906
385 6.706398010253906
386 5.930694580078125
387 5.77130126953125
388 4.421806335449219
389 4.876197814941406
390 4.6941986083984375
391 6.453804016113281
392 3.8646011352539063
393 5.3739013671875
394 3.7052993774414063
395 4.4597015380859375
396 6.296607971191406
397 4.287696838378906
398 4.6156005859375
399 5.512504577636719
400 6.106903076171875
401 4.879402160644531
402 5.727500915527344
403 6.106391906738281
404 3.7834014892578125
405 5.2761993408203125
406 5.7223968505859375
407 5.511802673339844
408 6.661003112792969
409 6.699897766113281
410 7.0308990478515625
411 7.5171051025390625
412 5.0675048828125
413 7.000602722167969
414 7.072395324707031
415 4.869407653808594
416 4.253395080566406
417 4.769798278808594
418 4.434104919433594
419 6.032798767089844
420 6.503692626953125
421 5.477592468261719
422 7.758110046386719
423 7.096794128417969
424 9.565498352050781
425 8.864097595214844
426 6.598304748535156
427 7.272300720214844
428 6.08270263671875
429 8.027999877929688
430 9.563995361328125
431 6.457099914550781
432 7.7760009765625
433 8.470001220703125
434 6.8726043701171875
435 6.4998016357421875
436 8.0791015625
437 6.9842987060546875
438 4.729499816894531
439 6.009193420410156
440 7.908599853515625
441 6.486602783203125
442 4.7086029052734375
443 5.5471038818359375
444 6.073600769042969
445 5.5731964111328125
446 6.553497314453125
447 5.416099548339844
448 6.138603210449219
449 5.150299072265625
450 5.743400573730469
451 6.550498962402344
452 6.8433990478515625
453 7.315399169921875
454 8.44940185546875
455 5.189201354980469
456 5.789299011230469
457 6.9535064697265625
458 6.7655029296875
459 5.325202941894531
460 4.6548004150390625
461 4.1595001220703125
462 5.699104309082031
463 4.3542022705078125
464 2.3690032958984375
465 3.9036026000976563
466 2.3060989379882813
467 4.726097106933594
468 7.599601745605469
469 8.71240234375
470 7.0420989990234375
471 5.390899658203125
472 6.2270965576171875
473 4.75250244140625
474 6.170494079589844
475 5.116706848144531
476 7.771995544433594
477 6.836395263671875
478 5.7154998779296875
479 4.4320068359375
480 5.059600830078125
481 4.797706604003906
482 3.539794921875
483 4.989997863769531
484 6.676704406738281
485 7.362800598144531
486 6.1688995361328125
487 7.1697998046875
488 8.482505798339844
489 8.969200134277344
490 7.7801971435546875
491 7.783897399902344
492 8.510498046875
493 7.9127960205078125
494 4.389198303222656
495 4.463905334472656
496 5.8157958984375
497 4.216499328613281
498 6.62860107421875
499 6.073997497558594
500 6.118003845214844
